33405
96692
77410
89261
85817
42183
63459
84918
82995
51494
29682
76773
42437
55110
11077
86746
18718
87143
48795
3756
76524
32584
6330
36593
62019
37684
93555
54311
66778
23020
96042
1129
99098
99070
31832
99455
5397
57220
46366
21382
79573
11677
43054
90856
71168
40155
20359
40893
66516
42651
48909
25766
1826
41117
94770
50680
37968
44738
11496
53414
75562
67053
49100
32702
63430
89704
49731
6796
60980
27506
44090
25912
76652
36024
78236
58555
9719
33697
3857
56760
24549
67153
60983
33058
33786
76606
98474
93253
75022
64749
79486
20100
62732
47194
62567
62858
86034
30703
2999
41934
51255
23350
56804
78420
66449
49396
57983
5895
35458
35062
25896
51013
61625
1449
81084
21729
54292
44012
97006
88695
10908
93757
78913
69992
83520
65379
5676
38828
61865
34248
35048
32618
12170
15042
72436
68110
46391
86945
36226
7524
4991
951
50569
42212
10626
41219
56557
22287
34007
90930
23031
25693
99645
32038
74945
92698
69101
7492
44391
9644
35334
61783
99804
79904
32586
24382
95569
8218
80367
55382
65586
23884
88850
46047
89549
53675
84001
38820
72622
7273
95919
52594
44682
71083
84050
33126
58824
36078
12257
28404
62318
16211
50535
3663
12635
88442
34525
5343
79254
72248
65626
21085
9724
82798
41593
57321
99007
3336
80227
48126
73402
41983
54261
91686
35363
11574
5501
27752
24459
58616
81762
62010
99622
56557
60949
7897
24743
34625
47887
84764
93697
95845
23672
87849
59478
72659
6739
8444
66105
69920
35002
33169
4742
74774
10142
86609
78774
12763
6015
114
84325
46620
95750
27124
73169
46456
29670
26879
33221
93677
54698
27909
22459
7976
96856
67355
55547
45771
81896
93272
75966
37419
30889
62214
42348
35084
70433
2759
4219
75813
24455
29771
31286
54074
29151
58709
64363
47921
84987
13428
88706
8671
24950
38641
5299
8301
85876
37529
43125
48696
9102
84749
73976
80245
74475
71499
49523
25108
26516
56289
26984
62711
17709
79878
64226
5780
39016
36802
84927
12600
2999
16672
77586
70743
33218
8082
39398
82691
8575
94410
17572
66906
75818
44706
26870
62234
13490
95136
38009
90650
68701
99077
74575
56428
33212
95065
77438
57142
85042
94253
63394
41682
79952
49743
81582
74667
87930
83281
2536
34768
23778
30022
99135
47302
77135
24732
24295
68801
33560
62030
71644
78016
92368
32481
61019
98415
22057
44645
8406
41393
77735
88250
11085
42542
49812
67021
53048
80190
98785
99406
69260
36083
38831
93509
61669
3535
72061
92307
49985
17737
96193
71248
30696
43510
46042
57527
41032
96996
38656
37871
95761
95434
60412
91477
47835
29598
30406
55243
23629
35062
98831
81067
58343
90363
61199
49615
73427
8262
1949
84808
43447
19067
18130
85321
69220
2036
97804
52491
48685
83937
63108
43659
7041
41770
2803
99664
5463
97426
45921
56007
31155
91945
53930
68066
76478
15322
87746
16542
44326
64488
1236
80621
94869
30585
78838
80534
80386
26686
18481
72369
55982
12063
7510
50629
4234
81908
42149
56389
32065
38627
12976
79176
37115
56049
16663
79867
9944
33186
93276
30547
45706
79537
54662
96703
50689
1915
83593
88692
92720
86155
74198
22355
1934
47975
62668
84120
65349
22115
43375
62593
34320
96722
92151
70694
7788
90996
35441
10377
8347
16213
38305
67650
68351
4952
82908
87226
43501
73873
62543
94416
21665
61754
65337
64329
58659
11852
87306
65346
63877
32825
68419
45992
58047
83304
58178
3334
50130
46103
86887
48777
39372
2656
17948
18663
92641
33152
8970
83090
12887
1285
65330
76853
86368
26753
41455
35659
93359
79839
34893
96971
44738
21945
49453
74281
95667
48580
85776
91007
32568
71559
53386
99181
97750
70378
32255
1833
82795
95817
50101
49921
59500
1487
73267
44224
31229
54952
59044
51742
23764
47312
82316
47254
70300
36502
66309
11101
35341
48775
40442
9185
29786
41133
31999
30280
7687
40261
78427
57729
4142
69346
88668
71766
19229
15397
30142
94774
6700
9763
64526
18543
30125
80816
35780
40521
88261
36992
36963
51501
22897
61023
46861
35153
20694
12910
52041
82822
45002
56257
61172
37264
75107
21047
98291
42887
24217
86140
78014
61795
35662
17704
62771
77419
81552
91999
63743
25316
11098
41145
64788
76599
53635
40404
39108
11364
40020
97463
39300
77373
57031
23953
59281
19048
57657
37515
76088
11196
74071
84196
33658
30441
88918
12608
34066
2907
79387
6506
23088
16931
4931
18867
58121
45352
58227
30089
61166
24129
70841
1579
73955
3276
6215
41280
5265
8052
11263
66809
9768
67172
74109
37578
32920
92561
66379
86411
22260
50627
43562
44966
70721
19240
52086
1445
38495
577
59929
48107
16473
78888
15104
71773
12616
52107
20272
67769
83512
28440
36293
12655
64989
6341
68693
6391
97298
50155
49040
35960
68348
76328
98407
82211
29254
94125
25635
21046
87489
38344
74505
23484
44312
42715
19442
67918
5807
23099
96978
10453
9511
76093
66188
5103
82218
90452
12959
39461
81164
40842
81399
32155
89715
22459
79906
83909
55925
59554
96671
22135
9149
54295
84904
13425
81938
10529
63816
50899
31694
71410
47312
20612
63891
35966
33703
1186
12774
10170
830
50993
61032
48435
13883
35853
87964
47034
54773
23610
85655
58924
90889
92072
39367
74786
98315
90631
95395
55487
9138
8905
20800
87042
91252
38031
65769
72283
7728
79408
30391
66633
61526
85659
54285
40262
73510
25546
1012
80559
70178
41595
93736
74909
51637
57975
69236
69529
49091
19236
17670
83351
72377
83437
69930
26015
35491
13503
74214
27043
38582
5537
47214
83512
73157
42253
70196
73736
70514
18104
46489
39291
49372
94205
52213
98296
28589
90024
32123
85327
96683
13177
25855
46988
8383
60228
99724
84101
63289
31124
36456
59653
34044
72890
15631
22936
96471
70937
56450
66564
98676
42491
3197
18319
35748
37280
95317
91561
46433
76305
96501
43221
81058
56677
57984
67412
75975
81122
86668
36947
76351
46737
33971
81976
38369
70922
714
65788
5728
32288
28558
86089
45452
60340
70719
7049
65945
73485
3342
7986
70973
25333
5792
7572
48426
89736
60167
21909
10486
84794
76429
45666
84828
68241
81261
99989
91427
19576
5000
93602
77928
25649
13879
30202
60511
92284
85118
50341
35048
65651
40550
30062
73115
25469
80019
18464
31512
18336
69599
52403
64487
77773
24159
99945
64670
2241
78149
7488
56875
38350
78736
31211
208
11868
93165
54845
52248
74969
8569
58455
88265
33248
44503
73697
69062
6741
82517
90899
44736
33478
69057
10484
34482
39610
75777
61059
58944
44112
77384
13898
57534
34254
40669
91962
41997
77979
53315
18771
7660
11885
63137
59639
60846
19142
80545
26944
99607
82947
29399
85537
25823
58396
44844
34717
30417
9443
77997
10968
76195
34859
22696
31729
1655
44043
74515
50329
92424
42963
87525
65495
17577
31995
30514
28291
31458
86141
37898
52664
54964
97940
39357
15782
42562
23702
65870
88570
11562
15797
43393
1960
32924
47631
79123
91644
75260
63874
42347
27654
96401
27846
78655
19499
89848
86421
33215
21665
57778
55989
7713
61118
46303
84989
32253
36354
44332
27597
62823
33949
3549
19428
1906
90307
88787
45248
35011
36340
62797
48097
94906
76359
57870
87781
8528
60944
12798
3516
42771
73272
87498
65089
26599
40883
6896
70605
60886
83560
51445
61413
75406
86941
338
61982
51829
44805
72462
59661
91999
79108
53397
51117
94242
36667
858
83738
41603
94626
30191
2431
78371
63413
61478
57742
72768
62439
838
1496
73432
2505
23398
25756
76991
58741
83708
1469
99413
42286
88347
3487
79673
60844
63055
89166
64504
22706
66375
16526
21824
60986
9357
96227
80584
85789
76636
11778
6818
95345
23897
18613
82949
19449
50974
81787
31778
74813
99626
82189
92977
76041
97325
4749
47021
60088
42606
81519
66892
66851
90884
39305
75005
70919
7861
40158
41949
66517
1775
23940
17520
47139
76448
84865
634
70372
94192
7020
38073
24439
68799
92227
68375
81739
10382
37847
84067
63171
67918
51907
44985
44920
84295
12145
16385
63074
28184
39248
36591
95487
48711
80538
67550
89669
22207
1714
88100
55684
24238
65434
52872
8941
38789
51825
19711
58095
48561
2160
39530
71604
28591
80314
28698
80684
3751
70497
40738
19943
57963
58979
70409
66194
96735
531
62851
39205
3356
69431
54830
99378
84856
74203
75822
31256
70499
97162
2180
33182
83130
18701
12060
60132
67347
98183
1140
89874
25993
29248
13670
82822
60373
10745
45676
72888
50760
51720
56223
63744
74241
78331
89685
96455
55004
91160
28222
72822
5928
49091
7701
91110
78305
93935
61789
64479
98889
81371
35201
54042
46751
14660
60710
78810
19323
73468
63926
98731
29394
46015
43789
81008
88448
17308
38384
15710
56715
66258
71011
69479
4619
24288
82957
69037
6770
23214
26577
20029
2057
61335
78097
1580
18754
93259
3143
21318
98553
67300
27235
92134
13007
57707
42526
34468
99594
43995
12045
59662
22244
86925
98713
2429
68369
68837
53625
8010
16454
59463
5083
91053
14803
94153
70782
64648
74675
27197
30017
54705
62558
62219
97299
84651
15932
20605
16165
86892
81479
1699
16132
97608
53848
48734
33186
44541
40818
19877
93643
95398
82576
96636
4134
29984
38289
60976
57803
26616
78070
93907
38137
17340
56220
7332
24783
68265
73934
89733
72446
41801
74911
62745
60670
17644
7139
43320
53126
38906
66203
43608
46942
52857
58150
63120
13826
32808
78182
63576
58825
62088
41707
51319
97094
87153
70462
43845
65860
57100
38041
53935
44337
84539
66557
57944
68119
85406
75944
30602
10653
15245
28330
45220
86039
26130
57788
17722
98994
89828
63159
65736
11155
5387
61409
22739
81747
95723
1
55522
87035
38007
77198
42484
55502
48240
87132
92144
42565
52497
26871
46722
2247
97665
89111
78443
11903
92026
15645
9347
14248
60121
10063
13739
27847
97360
57241
46417
29163
93150
76954
12194
37814
72285
87734
47389
25744
9286
37393
5434
9276
86756
44863
28137
2570
40329
94593
49920
45812
80685
10540
92536
87498
68590
68333
12561
18544
63915
11762
28767
7918
47441
39140
92412
45568
12708
91967
13060
75692
46953
15585
45603
1933
55227
40888
73643
48483
48346
89917
23056
70848
63697
1881
61318
10144
1638
55694
67815
83611
52261
83407
99717
29671
38553
90836
91605
733
95224
4271
51582
98469
41666
38153
59732
20929
84886
77876
80626
20306
64267
2327
32398
37541
29732
37608
85742
70634
14259
81568
6617
5747
49489
65849
69071
79887
58277
88664
76021
29674
15578
58838
85675
11181
41254
94802
41994
11929
99868
85751
51049
75584
49394
58723
78707
34777
53413
35041
8541
9954
33634
52957
99352
28247
9944
96131
87222
9951
67195
7268
2514
4474
87779
13197
44641
27870
78284
42075
94582
23821
86168
75663
387
32601
79828
87079
66212
60617
90438
18135
95814
85236
59782
31942
20336
72884
13065
60402
87938
4318
58957
77283
22458
72896
72891
3000
20174
65136
24768
10398
9949
19782
69122
33651
94442
41619
5989
57561
25293
5480
30672
46418
1770
6664
67395
69771
25933
33186
18808
9329
22276
48107
51927
45883
7910
77546
61739
93572
21193
43667
22010
12471
6865
98110
1533
74211
29403
48978
33349
79352
18142
43233
96049
35471
56894
25155
8969
51153
23643
5940
97472
65548
21808
56737
65311
1000
59463
46016
97375
44505
11375
95588
28947
51304
94460
59340
81363
92974
31339
33222
83477
21017
96845
14884
99520
11702
61659
3907
60821
52524
23577
66747
48443
29959
34349
16701
21048
74818
51780
31367
16135
31373
39659
18360
86487
13358
61888
27271
18341
79789
7266
17793
65159
84667
94981
23515
49044
26746
921
81413
84694
65613
36153
95308
95625
99969
3335
74000
7812
95279
32634
61384
70612
897
69225
78307
88792
72871
99937
63616
60044
9570
19684
86786
74217
41935
67661
82020
88160
6805
67982
16701
44781
90267
50192
62239
27642
17426
37566
18416
4611
33216
7234
26703
89250
38307
97308
56586
56601
91158
13676
16121
66963
83683
76183
5888
44552
91067
94361
53467
47585
42508
13478
31097
55193
3869
39503
30474
79176
28422
39846
93409
72636
89069
47091
74058
98136
85153
61619
9774
35180
65510
59510
73559
6255
91012
37664
65136
35708
57139
27626
50821
97470
42760
52079
63803
98270
4809
50010
77460
77738
13498
94096
80598
83363
80000
82521
54154
71317
12589
8929
65889
41803
8579
56306
700
85440
37588
50592
81821
43059
67609
29363
21022
2923
95239
12090
25580
13473
69762
29361
4767
45902
42302
18159
74776
91451
36969
18812
71328
13976
67881
31524
58123
34871
84986
8244
59324
49221
61979
82124
16062
14784
36673
776
7100
28891
46835
98632
80645
79965
19755
95592
76460
13747
57847
24136
79982
13103
12396
44487
34582
433
23041
99378
1380
24362
88889
1472
66526
30101
72517
91661
16151
54844
93056
94378
90889
63940
77876
36933
64150
3925
60391
54954
31117
58596
91153
83885
54926
59483
61757
45387
89832
10905
26543
35522
48877
75565
13215
72446
33217
24606
50668
61163
96753
85824
22825
76004
7143
38061
38931
85079
73572
20898
70288
46885
60638
22965
46864
41307
97744
89442
85
26716
98903
25978
67517
15042
21968
13789
89610
77142
92988
38198
69758
11419
52145
7301
41486
78658
25812
69236
62198
26438
69617
58586
46134
48937
74699
27246
20841
74999
43671
19812
97275
6864
25193
80237
56377
54038
46611
92772
38776
55297
64981
89827
33201
14582
2026
13321
74526
54099
39905
58610
81217
4415
15709
16094
76232
17470
91810
5073
18982
49593
27990
59265
73811
93635
47034
24100
62483
69471
62159
36086
55286
16288
65731
46026
56931
63363
67535
39628
6167
44758
62799
72453
31018
97814
10202
51974
9066
38940
57791
50109
18473
81749
50775
87378
82894
92364
38880
99657
31618
20662
67857
84794
18130
73343
46529
81229
97110
60447
67541
97840
28000
82503
69076
65121
72676
60026
66611
3370
70453
79754
63757
59833
18179
5765
69040
19244
83315
40450
72654
6492
5172
75310
16319
81541
18018
15033
33598
75919
56193
70692
57839
18032
63045
75059
63551
23969
54944
61928
29038
6850
74
38601
70377
24176
34812
97536
15321
8406
82706
35123
78793
54348
13334
57798
88361
79707
22795
56146
49167
78728
92288
13571
55853
12819
52587
77494
11582
12273
67990
5552
49446
59442
2625
69015
94681
41070
96702
8636
95477
10071
50678
54628
61562
30252
88734
93434
43951
61167
94886
16601
13616
10767
62228
9828
34174
90154
87744
50148
60507
58310
53131
34936
50836
22621
10843
64062
56366
64285
68410
56020
10880
59425
68444
54425
39616
7104
92850
97364
51359
30955
7460
97316
30586
18859
72840
74096
62273
52271
11267
1749
27411
40264
33593
79831
14819
59176
37703
86073
31793
55481
15472
60878
14233
88698
93730
2593
29760
94000
6978
53339
99883
5502
56387
23939
21965
83742
78502
9267
46751
85120
37359
36374
41399
99823
50808
34545
37574
18978
79869
5732
31448
6507
50334
71216
25276
8176
74755
56001
1828
80662
59401
15970
83165
55539
48795
62219
92296
96861
64983
97670
67791
41562
30324
68758
54759
28302
84040
43890
72792
52054
65151
72322
41009
23574
30194
94478
44364
39203
73438
35093
89216
61075
68014
24945
42496
37714
21735
98804
93337
46149
76617
77057
99397
16973
41080
13115
85704
23551
3539
64546
55414
10812
38780
61884
6947
82148
58201
21304
55968
92552
27552
45626
1217
28836
33670
62864
36915
85425
77439
19531
70512
42966
97902
2848
53987
59751
10742
13733
77738
14437
5168
32377
7127
50540
41831
43859
42243
16104
29703
2646
31416
73181
89764
93114
61643
47551
44206
68356
74754
99866
14113
69786
13303
34994
18080
91582
50013
934
17033
54398
44328
53847
56851
60708
29384
50229
20297
32634
57901
52920
67476
82783
33142
70966
69200
82403
57700
86041
27843
8699
60623
6968
43548
58343
10304
61359
78078
12828
2407
94475
94837
95441
47524
88517
47738
33255
50181
44983
85864
77214
22671
14527
71568
102
29083
50338
68649
40503
86233
11341
91815
32765
91944
40936
83953
19041
21305
23802
21260
45958
19151
64010
63444
5150
13177
5787
85753
22022
14246
49485
90994
35943
94816
17424
44669
39816
96480
80493
42441
73843
9113
54199
69021
37603
91715
24177
81606
51433
67629
98642
8203
66509
10748
34859
57547
66527
3963
39470
25969
17532
40224
78333
3526
19695
12984
51548
73035
99279
19184
97791
63439
66097
31305
42900
28929
20112
69481
42569
89212
70239
20037
19556
41654
15183
24123
4944
2102
17622
31130
66263
56872
26475
88352
56463
62680
729
45481
54371
30570
46322
88713
73743
94635
96804
21984
82606
21615
21709
75713
58826
94600
54014
42216
36006
1517
37203
59997
91256
11796
63613
60125
17904
15221
32730
27204
38677
7289
12498
18221
72256
42101
50000
89051
14200
56654
91984
71159
21009
71970
46579
61316
51480
13967
35878
88793
83459
95180
33030
47815
86455
4089
12631
40684
20332
13577
48152
42843
41395
88951
75798
71499
71620
59685
77188
77197
77525
44182
649
52043
68552
68409
31446
94670
50327
8873
9423
26823
99561
74747
18641
97062
79830
34298
46145
86432
77039
2551
88962
9859
92886
81869
83986
71604
27149
14586
231
55195
21914
54353
22617
43088
11068
73609
42500
31330
10031
53536
24006
97398
34121
44200
92298
60764
91026
62436
78884
76635
73961
97258
55177
51898
2938
67293
3988
19588
63366
55475
85413
74751
46820
54967
25761
10186
23847
79585
19722
73122
58581
58285
38103
7081
29412
50777
71704
28358
19995
81480
8337
56716
17795
29970
59314
4237
44051
23512
99678
28405
24459
18889
16801
86813
82063
78554
52872
91757
78069
33963
2996
50306
90200
56532
48048
41828
52686
18660
86250
50550
29302
48025
67804
60384
32111
69677
92145
98341
71203
78212
87966
35205
80031
81391
37080
30144
80763
60946
80048
87380
82754
25200
40347
78345
12419
68185
54507
47664
2053
33570
82680
9540
52666
88389
45912
35579
28217
85290
49353
10014
2457
72894
34386
50716
96693
12009
87082
63710
77696
10684
39325
30663
42085
80393
16023
46609
37499
25930
40439
49422
1609
20657
86264
91624
56214
82566
24640
11801
60503
57411
28205
47181
85075
20492
89828
18963
10538
37036
1164
32184
19805
59001
55928
2283
14925
16895
81070
7192
83279
29407
77679
43270
30453
87969
83701
25845
20375
9941
7565
723
62171
272
15499
84639
83709
40790
31564
91745
1056
15240
65518
64070
18246
21533
85290
73372
74959
31508
36847
54228
50476
36502
24524
3151
86595
77124
4920
3264
12171
43594
50946
37242
4970
44408
64254
24405
18686
85029
94440
72724
24020
80794
35037
65563
16383
7338
10879
80609
94249
50607
76765
35041
73643
10719
55542
10630
74018
24258
3703
67364
45352
71630
51201
71773
52047
90922
42380
79666
82902
73402
94460
9173
58619
61243
62475
94287
16621
29008
48269
91431
31922
19494
66624
37017
41641
88888
1490
47739
35570
20263
13216
37606
65933
64475
66205
77733
65631
69979
80445
56830
93179
95708
87234
40543
96082
1196
66448
79267
2670
80391
71587
14676
79570
54732
26146
94040
12595
13818
83711
91591
8563
71298
30521
94887
73632
33336
99895
72486
63741
26372
84974
31890
56369
84110
75370
70374
41557
3903
83230
13082
55322
21188
9638
24001
62163
36213
21998
20705
68509
1116
16705
59964
21006
74510
29077
66804
89019
48918
6619
72450
22439
86157
45636
46666
61503
62302
19243
17687
19567
55300
33661
49411
83365
44288
68254
10347
51892
91551
51568
80800
9843
6971
13106
86478
61822
60098
75037
25028
59980
3018
67033
7512
61448
45894
60960
35209
30951
62333
46166
4542
3465
13557
12240
93674
673
69150
12380
79539
5168
30933
27345
11225
16221
49971
66166
47506
40039
86860
12407
48906
28638
33656
30499
3102
57582
98089
66362
78683
61794
24576
84094
49461
29385
26013
79344
21905
43796
44668
61352
95672
7497
1105
92642
97306
46779
53838
2583
66288
59186
30024
68131
18223
35976
95746
39616
47520
4866
37959
82098
10126
2192
65664
18554
61932
99574
33238
97478
26553
40051
12992
70960
80692
754
47971
37398
32985
79449
69796
27772
17938
75828
70142
32455
42227
91886
70668
86721
46968
62140
42190
9152
53043
85423
63846
95581
78712
5175
98812
38174
79623
10171
79357
86990
69822
21288
36753
5200
22211
18344
23975
16479
70554
49303
52128
70612
15426
37180
83231
30250
83725
2447
28559
41286
39784
58019
91414
93742
99692
56449
9705
22465
22912
90875
73733
30004
84480
16950
27648
42539
30567
38999
80902
47518
13244
53899
79960
42505
57794
14735
91782
74891
2161
40657
35109
95896
96712
50581
73547
74225
73844
76674
76224
43064
3720
89534
81086
84876
60345
65521
91328
98187
76195
5577
6598
56339
19213
44600
33662
96102
85247
79378
39801
86642
49467
96279
84486
11353
25782
21974
59131
43033
17713
48680
46325
78498
9868
73303
47521
16870
66809
53806
2232
13968
57357
26599
45919
86043
93782
10821
8058
85908
10348
37051
75172
88750
49042
91777
20299
44307
99092
87513
25867
57214
91006
48320
6104
22558
96739
73769
92915
30407
52289
87610
99093
6539
33747
16814
25631
37637
31328
98752
68169
78047
27601
38605
64811
89666
53819
59756
20385
67450
65059
94785
57852
18407
92861
92212
20734
80492
9496
74819
5867
80087
34370
33727
8902
99399
17744
45841
65130
65006
34680
99491
52694
97053
11875
79231
94916
91516
84382
79229
74879
20540
72118
27377
91108
84975
59597
35226
45113
97740
20559
26687
80756
77925
70889
18867
91781
63885
26960
63944
79749
63321
29946
52605
75661
22846
18379
25624
79265
64380
68309
85081
37144
26695
46213
64106
29587
48339
60877
19425
655
5230
96663
31856
91930
17229
99
33553
65414
6350
42888
36019
94717
71771
57926
95383
5034
85377
67394
26675
52443
66881
53850
72747
81382
4725
20498
49564
34562
7543
16008
20969
83040
34511
74453
36531
31748
96706
74650
55986
66919
45011
65281
45077
25033
77072
39505
88383
73484
18185
15860
90780
90242
99391
50811
17343
62225
246
41093
34835
38541
47456
84040
2752
4197
10266
98023
57170
16259
16589
51377
36679
45239
3953
51111
85634
82826
28611
34317
62132
41219
85475
83779
92985
56586
86565
7184
73939
83408
36253
37802
76353
33513
43365
16633
8734
90286
63276
13831
5352
88647
58150
73134
3214
3538
11804
77952
67506
84745
26210
84411
71484
42858
39756
10662
3828
22546
88394
12838
68539
89529
18301
29207
535
69645
22382
29013
76720
12828
29214
11312
51717
49341
29840
57880
16937
15310
80985
44623
65331
701
5422
40225
37121
91999
57842
57752
36059
79042
71639
93726
821
84821
45584
14276
29913
24486
63480
2434
36615
83862
26377
60095
19882
14224
62221
35908
69738
28676
33062
61577
38001
56285
69672
15879
26951
7031
81275
51857
7240
79293
81043
7726
186
42949
1301
69333
49875
34941
16552
66715
2226
31695
31855
65609
32891
15401
87819
54557
99382
23876
418
93005
82009
61009
2949
72648
1227
21286
32687
76536
19272
37896
33956
45489
82744
55534
72647
21370
84889
95130
24066
31863
45908
88698
443
32239
23676
55150
42662
19831
46757
74020
60582
92645
63702
91678
79468
1611
14079
85563
39444
67575
2412
46496
65719
51267
60330
22063
11683
10496
54273
70853
67170
75347
8894
61558
47029
20998
26095
61101
44619
61130
35248
39090
66483
66713
60040
10315
48323
53944
53570
24697
11018
75266
67605
9759
98028
98118
70819
64719
66984
65864
53661
74264
62221
8015
28326
7822
57283
71629
18705
65964
8102
34664
83517
79484
3603
90500
81650
87797
26617
47325
76202
68853
40180
3962
10548
93212
53222
76193
23808
75354
81222
51378
97981
84601
27125
85208
72757
64238
32378
48671
77554
65448
15639
1748
33667
19716
96563
23960
76956
28495
42614
39868
76982
64805
47415
85949
76207
3372
47829
88053
31810
96110
50368
86408
23863
32282
50909
68614
13172
93551
61282
17267
58348
44187
64617
46517
43845
54659
38776
7007
10602
12590
30929
17455
15002
34928
38754
16352
95245
29791
27487
13342
62764
67830
9046
83497
63660
49674
86868
29923
11475
54103
42785
71728
35862
88792
6397
12564
66164
9487
41287
38949
81619
45285
18649
71846
43758
11995
93284
62273
28257
16798
58903
77788
16006
55652
63222
68070
42018
25133
22197
15557
26069
40947
76992
53266
12678
2640
62486
66356
95977
8387
97368
20533
6883
98026
52979
27185
40553
5818
51411
73842
11781
63748
12181
78655
87429
90906
93352
58394
24787
57127
2888
67807
60491
4034
13776
66591
54483
89320
57525
42019
49398
44541
87531
62975
91241
37196
54125
1087
44693
66274
82028
82886
43012
30411
48819
64278
92135
18753
42989
12676
54883
7875
89677
8969
61890
98791
35956
27033
68638
71067
72001
99738
81622
14338
7022
48187
92177
15103
51749
78926
95531
18385
48432
7454
80027
22523
59110
79858
76848
17442
34739
22910
60709
70181
88890
41460
90465
96462
63145
26559
1844
97652
95435
31772
4900
64114
9728
48416
25600
85768
98517
36933
53082
75612
15378
48136
65419
50313
77380
79957
97205
84718
83031
32481
75446
53361
38460
85737
5695
20591
7447
88704
47907
66508
71779
13475
8469
20421
80281
7706
52807
33526
73554
82042
61143
97314
38983
74220
25929
26057
63138
39906
14588
6362
41031
3309
68531
63702
85959
36582
31447
61691
78786
70716
35009
89965
61999
89674
74230
34135
87663
36498
2450
32163
66494
77366
6602
33842
75534
63006
81344
17349
3344
22873
97393
64743
72594
42559
36699
29570
22827
57152
11252
28258
93669
41338
91102
16386
64565
27950
38388
17662
53613
93177
40520
64502
41107
40573
1677
26937
99695
66115
34976
56602
29574
7994
82016
28511
99270
22586
41310
89347
21316
41299
98936
42445
34395
73922
47693
66009
49839
28388
44144
25434
61258
84534
2954
79122
80837
44187
79772
92074
87435
52399
73953
48140
51294
69584
11418
54699
31134
54321
35057
55327
62361
62222
40246
29157
65379
96647
23809
13063
82169
1313
18434
6767
56439
5961
33700
85708
9313
47718
47895
18301
72668
3920
64064
56220
23769
58039
81162
70528
22645
32015
60162
11528
29814
60069
58627
77093
19347
33698
17131
27497
28620
40955
31065
52540
72875
6707
6416
41610
54100
50324
60523
86232
15493
48246
61013
1152
40974
77972
22846
93399
4548
64143
15024
27535
78536
5160
82754
74207
8695
91615
92125
59995
15380
97206
76365
65336
58452
59605
81272
63375
46925
24549
7624
25146
49706
80068
3974
96530
78083
89217
87817
68097
96859
50084
83310
93911
77739
70573
58590
43580
49864
74073
49275
80562
90744
84292
79882
26146
33357
74265
18359
42815
702
33290
20589
71143
32622
96966
9592
13163
49754
37658
83381
5600
36194
35475
71796
38620
95739
39434
40080
22544
14128
2507
7218
65230
29269
64552
11302
62118
73058
22381
75841
87073
79133
93984
63605
63973
82653
30872
31342
70888
98695
66585
45839
68893
77267
74889
2225
84270
61717
60965
1501
49496
32976
53599
98252
33935
85029
57600
98615
1446
66785
1714
26928
35244
21664
71818
11200
57424
54588
20467
46266
71670
89814
54292
93174
63709
50173
49665
99291
21234
71777
49893
13599
26869
85243
89278
87990
93932
73195
15704
63270
5919
56535
60369
86369
78118
24072
56164
4699
65316
30899
87397
77569
3213
51201
55828
21204
89872
37461
99599
76093
91403
72042
26123
54374
38006
89048
63425
67382
57437
58444
64877
20422
82363
33694
27546
93713
81376
73285
86542
7061
93984
65617
51196
84032
97541
74816
52374
2411
95712
42521
64871
64216
82502
66032
52119
57873
38729
35873
27465
93972
82431
46551
88372
94236
28939
64125
19466
18099
82576
84507
70671
48142
15719
24950
69576
57557
15332
54287
46435
25226
67622
61868
91371
65526
51759
67019
87746
32449
80723
69035
63516
6826
50542
7515
73610
55511
64524
94185
54195
82660
71977
43079
78019
92222
631
68631
70995
32088
58987
55367
52019
4788
75916
53602
12128
19091
51537
47759
24222
95611
92888
99002
9884
59809
85156
58728
23233
29114
43181
16752
56659
90089
88032
61969
25480
32038
74281
69668
64951
9091
45150
28009
76258
37879
55809
97573
23801
53866
32769
52935
71745
3050
92131
2796
94083
62469
21768
51334
65190
34918
33442
98552
71788
1506
27971
532
43548
62605
72094
60343
22914
46640
36587
12489
48125
2762
69424
42416
9467
20433
58201
6564
86419
16751
79825
78244
350
32849
69426
91011
93799
21754
73491
39810
26634
63788
36138
6731
57810
60057
77334
94125
80843
95615
4625
66349
90390
45690
94492
8526
2370
6141
14221
38761
62106
73658
44979
85035
55572
1075
91851
99704
16869
96888
45263
83214
86193
12629
81322
3095
9110
95591
5410
3868
62169
19261
48153
8379
88929
37581
32365
36187
14826
49115
13291
10874
14284
31051
20280
30036
62404
95362
37886
99323
94172
14524
34692
44157
60447
30657
51432
77939
7431
77666
51216
77214
86730
39176
91205
31260
95549
80
22559
48108
28970
83570
27792
18001
30332
32838
11512
39101
94802
19258
55782
25205
41252
40563
72710
43589
99019
72737
50612
48531
72875
82813
27697
17813
5588
82365
86195
9426
89513
56389
27017
76515
1079
96992
75875
10744
10052
32275
6790
66444
93985
95325
98526
52769
23043
53313
62983
53537
49952
3433
93309
92637
92385
19572
63586
65421
67898
93812
4938
91862
48244
14780
30328
91192
91104
88466
36930
93398
89667
6357
58025
4337
12763
87657
47040
19320
14151
43593
74430
18254
98023
10127
27734
86163
71090
8200
40565
60034
73539
53734
75435
80803
7584
11580
65031
85056
64054
18538
32752
23315
95383
73397
92913
10325
70116
88082
15417
69968
40888
5713
53703
67947
50240
11986
5564
42042
40272
49300
6292
45329
63404
47255
47981
55316
54573
83985
59857
59471
56748
49354
91832
51955
58876
17845
59683
90234
77491
74685
50706
43877
26216
33999
96598
52594
55955
89745
98281
78251
26176
21727
3653
86382
17418
12729
99892
14249
4290
63557
67070
12633
98391
38908
6301
21127
9737
50921
10378
22715
79777
39729
26724
48930
61711
73891
73248
17982
9915
12795
97326
90605
58887
32279
43285
43424
47184
74945
92203
32626
12326
88189
87251
53038
41856
76839
51822
11089
20400
40733
84632
66667
50487
21441
45590
69624
5054
16088
34113
7172
85093
25139
58727
68029
44896
49432
57985
38906
95844
12809
76574
87405
29284
6052
44985
65429
96141
51122
28690
65393
11854
82775
77472
86764
59298
49044
89215
93262
55691
71734
61661
48161
80930
18204
55628
87365
71946
6188
1505
92260
90217
39599
88011
94013
46413
401
82500
49041
37199
90985
93107
9166
44833
34337
95450
27873
9794
54110
2119
17192
48818
36102
99297
42454
76308
53205
90124
84888
67046
81876
29965
55455
46027
34512
36535
29715
59825
8027
32408
79533
14721
16413
28307
39505
12194
8020
33649
19582
38029
21737
62647
54429
43535
71557
43737
9488
28497
45228
60130
53111
11889
25849
95785
29310
91140
41911
63024
25008
5021
47702
98776
72560
4728
13511
80271
4406
40986
72643
93517
80918
60513
63711
57486
7507
37406
53850
91004
5290
44361
22975
91667
42428
71152
54045
20302
48157
33579
4376
53273
1778
80855
2602
9439
42792
43512
65890
16461
39852
44185
98281
25381
86229
40975
99564
86741
38666
25935
9208
27234
17784
21297
96960
36565
92651
97657
81865
66406
42149
37381
15832
22074
99229
41816
418
67876
44616
19173
68908
48924
81169
22972
63635
14917
20184
75383
70682
30895
57983
98586
92813
76873
23847
46836
61472
69668
72414
19480
20471
6107
96183
17000
22330
21084
82646
9895
69726
22464
29844
13133
61877
79876
90877
82922
89037
67363
6292
18354
57492
15293
85405
3703
90506
57864
81218
61474
72751
25237
14857
58202
59222
99736
68855
21320
19496
7767
40230
67821
33166
45064
29222
13839
84572
65840
5786
75523
7247
55447
43727
26124
35935
86326
29367
37498
72454
3575
4870
64104
75334
34167
94287
64108
38416
82826
97941
57965
74968
78811
21657
84068
33183
18811
41439
82422
80591
46368
72173
85334
57362
43514
62469
14411
3825
48925
87862
59721
49535
94104
59156
18735
50008
86494
74367
37748
80080
31184
72106
83045
49328
97559
69324
18444
38538
89987
15965
9646
25299
94000
48047
62438
63056
72959
1401
17035
86286
85214
73257
9236
50448
26048
82274
22465
61814
61898
19584
12094
95226
67159
56280
48273
86923
7042
27252
33926
88774
63314
86495
96715
72284
93591
30146
25344
46960
88162
17085
71467
23785
86686
2148
68824
99414
15505
23800
81711
18537
20920
6637
6953
15137
47849
76421
78933
31936
71630
41027
29310
89655
33559
72960
8202
6217
35553
13552
55309
78751
52646
45840
99219
67531
88091
64463
20079
66627
36534
56013
47502
37349
44167
32588
55665
55148
9514
57518
49120
45194
29951
14731
91361
76914
3651
13120
18936
71860
64678
45124
29308
86916
55203
66912
66757
44017
34486
77127
4836
19644
23296
84876
52050
26508
41616
78496
81267
21221
89112
50472
65907
14086
98234
62493
63784
34923
69726
72558
21978
37767
90844
67478
92652
88756
889
58511
74154
73923
57958
27166
32931
98221
77718
29400
18602
71755
6851
73202
24514
51553
74876
58612
64117
76126
56482
74210
77897
81826
57594
32998
47469
70579
67648
34359
89032
85524
45153
91996
36206
17887
96644
92596
23909
99534
42190
73712
78841
44096
65035
24716
43918
2928
69
27553
44588
41231
6394
99779
34954
42893
55072
1439
34317
78351
89038
30021
38509
58291
7439
43962
69608
23173
82751
90203
36188
37986
89749
79569
71377
93684
13198
69046
78882
34621
28667
9053
40515
62948
90893
31895
35077
28032
78129
87703
12936
69525
74950
89105
50091
61415
33387
64333
55
65340
28194
6192
98400
17102
3470
54867
56762
76781
3215
61282
43324
27840
22050
76123
83995
71355
12855
99781
1237
98600
41884
47813
39667
65513
54436
16538
43941
85716
93474
65718
476
97147
20351
65829
21000
79875
78638
12449
12529
35863
6701
25450
16300
60781
88388
29133
90840
51730
16121
92812
20979
30652
80096
27619
76255
79688
62073
37870
74971
48786
1141
59476
22386
93272
84232
77572
82792
23646
1125
34826
5100
38285
73237
40729
43918
74323
20912
32544
21866
13897
99952
49318
35451
98654
99858
6353
98297
21199
46589
55805
35743
94570
58890
63835
43561
95666
89581
92962
30046
40664
25476
79269
53034
95351
83497
28125
29834
21317
32727
4458
52918
59473
56042
73547
91662
22456
52008
17534
41992
78409
56348
67889
82206
78634
92130
79166
67076
92030
56402
72220
13209
5095
54217
10524
30673
8430
9016
26181
58916
11428
2123
88256
12253
62318
15113
47088
14520
67693
67961
41219
64235
58697
63241
30033
73224
12678
28999
96965
27441
25457
33799
35367
38588
50371
98337
97636
33022
49395
98072
52834
45119
87230
70487
52168
97519
42295
13289
60934
20688
38904
29056
88034
52030
50451
2425
10002
46485
60588
41436
59227
89583
21132
82187
75266
16671
38680
40144
91952
28289
51706
30579
89217
35287
99930
80208
84532
97236
34919
4692
41614
67730
84688
87153
53426
38412
61159
65156
84498
90940
99069
1550
50201
53704
18423
32755
8728
91402
11211
10891
72248
29788
11360
469
87609
96439
86063
9034
61395
2997
90142
56718
16648
15662
88138
52119
9573
1983
4995
40182
44983
97493
28112
78387
14466
4034
50929
24730
90693
4121
51875
99283
83634
50652
45035
26514
13882
57493
42840
43371
18298
83423
54913
90327
76772
93449
58404
1565
11116
51233
68152
85446
46708
61251
30614
57805
69485
52921
44583
42126
9725
43703
79074
83765
86208
28662
70161
72215
5983
85658
46712
72247
97136
73908
94921
37563
55883
32876
57306
42382
59389
69837
74714
17327
26417
32295
49246
85025
66427
90408
3005
56796
99489
68942
14137
79537
57084
83671
3399
89623
97362
95906
63419
92109
77575
83522
93240
17063
47262
40766
29502
31576
75080
17872
24077
59137
60005
91953
73215
8442
26060
26573
68135
93195
56176
28023
96834
96514
37126
78773
11036
84328
80018
14235
45711
59602
92503
14767
39719
92554
29284
8909
65993
58005
79975
65510
45444
89755
14726
18609
7818
34783
16175
38295
26510
77879
1212
47340
52628
64513
96401
76509
82790
5591
13632
46547
53846
526
9555
82539
49056
62616
31916
15960
25635
60016
54643
91923
97725
53137
74259
33736
28004
69007
63798
93792
14392
35185
50366
53466
91663
1800
73271
93115
25727
84125
82050
50101
85005
42427
50193
13468
64298
54734
33037
87297
85812
77586
3417
78353
95481
1755
86506
97160
74406
80840
44290
34104
59388
89146
44194
98678
37524
30562
77929
89444
45294
55896
41085
85572
89973
69245
78456
91007
49844
63880
77378
53083
11192
27188
37438
86771
86258
60167
99670
70781
86237
21098
2979
68953
7019
3413
18380
55904
34213
54780
98128
1719
58620
59820
73178
27389
31372
3253
83506
34864
68787
34917
45204
92517
99782
78912
28984
57543
57194
74214
37227
31520
28886
68454
14249
90761
13845
27646
58609
55342
42014
16506
35709
64451
24010
35655
1569
39343
81355
13000
97361
31882
36204
31381
4739
80251
48145
85295
21836
24151
14886
96129
87859
96662
46279
70870
31605
83021
20093
77467
30698
94114
68512
71346
57284
6901
88342
46451
96717
88504
69219
90994
9397
77224
84084
50008
46657
16988
50434
42543
30511
58184
67160
20477
86724
33906
8682
79465
86970
92645
60555
39318
8851
36406
89608
35639
89525
36573
8952
76812
26464
64278
31804
6940
54995
67475
82464
66963
41109
3730
33807
13566
22930
93522
78212
99106
27995
16068
58827
98774
92589
84398
9725
24513
98421
92491
29721
18297
43336
46844
44409
37399
56683
11735
12450
51796
38550
45747
10858
59551
94562
31744
12238
34008
91158
37390
18729
89502
48878
58813
69379
96835
58909
47665
22310
85566
53847
75770
95819
45219
4161
9498
80049
46862
80674
90900
78527
89226
7580
23100
76896
48554
82475
51212
28276
72620
12888
85291
762
41846
97714
46795
61578
28165
18803
37845
46913
91596
51620
59409
89923
51648
99692
23300
83726
96663
12265
86612
21140
13608
98534
3665
35399
7668
11308
85826
11071
49573
63548
68618
97752
87055
40039
27188
48071
26380
53553
59448
87569
66933
10439
63019
13479
74974
4700
43197
48521
78199
3335
9224
58539
73615
85723
72697
31606
18929
65494
71334
47609
8207
10669
9225
85652
67263
96539
66078
69372
54944
38828
85487
60969
86356
67729
6131
82922
26388
10037
91836
79570
95669
20427
99055
53724
48795
82142
17286
61723
2141
32492
90558
65235
70181
44508
22199
48875
85433
53466
28771
72376
90885
90202
23458
54098
90890
87971
57087
15478
11913
42794
14231
92381
29781
65912
7479
58899
28748
21279
83146
28807
94104
62794
31799
70961
67077
24732
84591
71296
47896
40860
81130
65044
30166
28005
7631
36188
55301
44225
19843
26279
44073
85306
64613
87499
43050
61103
64995
89719
39484
85396
90743
65826
5211
34371
49659
91927
60698
78289
16046
774
32361
88172
87574
45046
81866
43508
16623
86694
66853
42041
7436
31745
36999
48036
64954
58826
79857
64374
52166
15520
97990
87578
30362
79784
43967
87239
14506
76961
93743
37491
92347
19421
39665
17503
14887
71448
64221
78325
18487
25338
78129
75162
11563
75103
78001
56893
8668
73141
8603
46448
66841
22587
72801
7155
52916
29724
41068
12701
60406
34533
17394
56517
54899
12781
36048
68551
6199
84573
68795
30323
88303
30615
2243
38694
30538
50759
38739
41809
4718
82884
7223
84631
20863
252
33820
69558
87122
39360
60906
17631
37432
21169
44056
87306
93613
48152
63062
62014
11811
10504
19938
33903
75560
21962
78894
21171
84310
29980
60023
49105
94075
11626
97472
9773
35486
66370
67513
30211
35884
70800
75294
46504
61888
39634
39002
72037
29262
30088
57926
96391
15919
60191
28780
48035
16906
68980
89205
89649
62411
74437
43788
87224
58484
82505
5173
59250
53096
80301
39609
51404
7152
32496
90262
52433
86739
49962
10476
50637
75271
82184
12325
50961
31076
61935
32580
25652
33052
59966
59176
14036
23691
78741
7045
90409
77372
89820
88472
95714
93970
96528
649
10255
65889
46338
87363
86503
5897
26697
81770
41976
44853
82382
45818
60555
88055
47651
92625
96256
54627
21407
38438
9134
78074
38458
88123
95313
84119
18638
19390
76723
59409
85230
6839
72202
78075
30491
11510
11521
85506
70149
40859
9102
37475
55325
63809
9638
66326
36760
5730
59903
71769
49913
66010
21295
98893
36077
82871
94730
46410
42144
84040
12976
4762
10204
85483
40543
94329
65059
6629
62598
30369
31859
65023
30470
84615
35712
65322
55087
94078
93801
89762
58796
25423
32570
19305
56509
60002
74220
228
63781
13073
51621
96336
23695
81269
14085
81531
98772
99780
17518
63156
29303
4238
66428
71709
93423
65528
33646
54046
45922
41511
52886
86981
67549
17225
98173
74632
18680
69511
90297
43658
86664
9428
59025
12142
6096
37349
23331
29918
45857
99163
98522
77304
38282
71034
66029
40288
28480
48669
5800
47926
29667
2408
23818
75116
74872
43659
4149
52376
18317
40476
52038
52637
47306
93032
32804
16372
8614
33960
27690
82604
22206
20831
88341
23655
12473
99725
49268
50012
22493
43753
41902
34638
67804
15505
2083
75378
55566
26931
95805
69925
86590
12023
93421
29372
36963
77922
45637
48177
10645
58637
60709
86074
17713
45343
21539
98455
47492
58355
23093
43016
4361
51694
92456
60146
53483
46352
95807
99012
50738
96403
36997
14794
6330
96497
4594
46356
53329
90590
12855
45060
46196
48088
76625
66327
11836
40107
3630
11679
82322
12332
12161
65774
10817
58135
35908
45124
27955
7626
71226
11327
8086
59823
86267
33659
45143
71181
48454
77939
45965
10997
81027
50044
70568
27691
31309
97268
86813
90786
53062
86908
17302
18705
81929
98276
93000
21972
9335
20044
81572
3749
57161
86769
38088
54269
90512
28966
47235
70852
51916
85271
71205
77592
9645
56901
98071
94166
75048
97817
80732
84723
67313
35806
79588
42655
97065
78488
48921
11054
6882
22115
21002
57447
32911
56017
58800
20082
35920
75636
17958
93598
46728
69028
77419
34037
82228
87524
44680
99039
97286
30886
55266
63263
88131
35399
48238
19127
95876
89725
66099
88716
32389
71459
8822
79389
67057
93554
90496
1712
29013
98252
434
44028
62969
62855
18733
81698
21883
91630
27456
18374
15372
22237
31417
89802
21573
66790
4017
86817
42354
87063
80905
72273
14101
47936
56031
72338
72736
55261
54736
53575
13201
84120
34057
51808
66436
50741
26743
32491
10499
56375
61331
60346
93993
73522
50781
38762
1393
77101
33411
1821
42919
55960
71936
79274
38836
82113
21497
16180
65687
77417
48091
65292
85112
96784
70914
97984
20217
46691
66570
19370
5859
24322
85516
87870
82655
81868
23983
97493
15214
98021
7198
46980
80337
26159
43559
15201
68770
33126
22377
76762
91508
8047
6500
27672
89982
23880
16888
17732
603
81575
48706
36545
24226
41830
21430
13847
24910
95994
23319
59504
59265
58621
72327
86203
29286
61326
21497
41505
30635
59453
98418
58151
8250
61553
91356
14362
92597
84029
74127
3469
10632
66916
85887
97944
87420
29355
57117
99073
56310
32453
57506
78927
67751
9127
46061
19227
15083
50199
63266
16103
35525
79600
83578
73714
52255
97882
99011
10876
83652
5794
58188
55162
26833
82607
69547
42119
13090
57072
87842
17611
34139
68049
88591
73032
20935
36074
56375
89764
82828
40642
52928
32412
17010
761
63380
26594
28584
27117
17259
33899
12551
87777
16285
65859
1283
70042
18966
20224
23768
86687
74587
37715
17837
30492
11975
74689
8264
19705
12281
26927
40168
570
76131
61852
19664
6298
57558
1281
66888
88055
8648
47231
44689
37926
69184
73018
80892
9953
96347
55921
21844
10469
81505
28408
19839
37100
88084
90669
10452
6228
51105
79138
63680
61877
93565
72710
90564
10346
13668
27262
47529
38910
93924
15560
20933
90535
41578
97581
81644
18371
53823
14853
1285
47718
13160
45659
29968
40958
86584
29813
95507
18804
61385
51795
28672
85351
50047
12148
11483
43891
61440
78196
30533
3458
7915
15194
22610
5482
71104
84959
62676
9685
42790
56145
92874
6143
43351
80961
98535
3359
27095
80966
84063
28858
26777
50667
79023
77261
47685
85446
50471
70998
49826
67439
69040
41991
3288
83447
12282
59240
19748
19764
25404
48264
98979
65734
58048
48543
27557
93603
77554
15655
70528
25633
78828
58946
38220
98695
25497
89482
80929
35233
74110
99088
96647
79186
92529
11630
38883
2994
48618
31468
27991
97214
97753
14805
89213
62441
86035
49580
66657
86002
964
70625
18020
47218
64346
75189
26802
2362
50714
11148
76193
4330
23295
11432
8033
58927
30217
72864
52544
63985
98913
70539
31494
38532
7118
40982
18411
8484
82045
96563
50749
22822
56872
7044
5892
12974
77693
24546
84447
86204
50601
8303
51922
28772
40019
42840
1013
63307
2853
32787
81958
37471
16873
197
19732
1264
50717
29113
29085
67868
94890
14946
92763
9698
71771
29157
36177
25275
55474
51347
25124
35699
21645
9482
96427
37966
61457
86791
56752
22582
80462
43641
95838
59606
81007
39689
64939
79997
69112
73617
75750
29838
27439
64285
70183
50386
22718
98265
15659
78298
66998
95962
21351
47105
40307
49461
24550
95379
21454
50517
60773
18187
45829
14168
57938
92249
90972
41686
42655
74743
73375
77680
87617
10534
61355
92685
75233
17676
19416
76824
42104
58825
42292
68106
87314
31676
91877
23805
76030
88067
28013
50042
13571
44661
41060
87916
34548
35323
74710
37008
78636
45219
75015
50244
44690
86271
96948
27246
54578
90911
50528
92249
57994
59213
47796
53243
58286
79104
70316
95737
99344
49836
56692
73679
45782
14775
33222
4806
41265
67270
6367
10772
63520
88065
73049
67624
60241
22300
69937
60252
88606
39496
92757
61041
89547
15087
56519
33899
34853
28425
87278
37847
96472
24176
89189
9174
82087
53539
8769
90093
21727
15889
1291
71717
42562
17587
7009
42027
10704
93632
15165
452
91988
48361
99866
22669
69813
3759
55147
40041
71009
4102
36636
11489
96827
4037
46871
12753
54064
51364
39340
53994
58511
66949
74987
8752
14869
18503
71029
58296
67256
77180
53803
4682
52221
62647
51754
79033
67486
59305
36707
69644
52968
96663
84275
74354
56945
74006
51466
74743
63197
47745
29243
62612
74262
35459
30908
57339
23598
94050
44200
25762
2386
3103
16151
95949
35474
15429
37790
73271
583
15178
23990
33260
24791
48854
95814
81807
65883
71293
99433
77795
90267
53811
50313
51719
21321
7555
40595
90418
38854
44064
47118
35948
17239
49857
74938
13007
56532
57907
13750
73293
39740
5139
72916
14935
42154
75171
83591
95271
63923
39073
3340
52943
27451
91162
21839
98230
88982
28467
62029
53058
86142
28797
69606
60735
66394
59890
13559
92492
95862
3357
40347
88044
17146
51931
70614
59322
78543
52320
77758
20056
96871
64163
85921
61526
11600
77388
81245
3333
24191
74899
83930
76170
90607
3650
20692
5598
93827
17476
32401
14387
74404
48591
43583
2200
23888
19910
48099
79669
98213
59094
86647
36353
17910
99448
75029
92619
84213
2102
35747
83848
53972
19562
41322
69348
23112
83154
25494
70623
68119
72877
71441
38556
56772
73281
31498
70512
39703
91464
22400
78515
8212
75991
20048
29707
98112
61364
73238
70211
69826
77212
20037
53296
37513
33557
70866
29258
99862
33127
4743
15702
17641
36299
65310
37796
58415
60384
14153
53269
96152
17355
4837
34408
79403
60594
8391
7284
35250
62318
18618
28761
60940
92860
49834
81100
86569
53473
94691
25004
29085
46563
31981
46974
20911
69578
1079
89257
240
46866
53541
10333
75881
22065
99921
39955
82118
86073
66609
93456
51998
67477
15444
27763
86412
60682
72979
29369
13955
27927
87653
35188
22341
84152
44485
3435
80560
68152
71709
76689
72695
35154
76538
47148
46817
48809
53320
12838
34151
76715
70316
77822
19606
78608
95624
45821
97732
73673
84833
25234
47899
17128
79854
50473
87381
9376
33365
64234
8536
75252
60211
97944
22363
30160
64479
32651
79722
82971
28204
99041
86630
59189
63812
38556
18194
81327
91722
598
81632
19231
35328
86189
5526
18156
14768
18492
61752
37878
2191
88962
37820
82808
93488
16172
95618
161
98754
55371
69543
78574
5353
80832
93639
78791
35200
34132
4868
11517
71871
93502
76460
90938
66658
53326
76009
22195
40893
12568
75845
84235
29041
80560
63920
74458
29871
79133
45059
40698
40560
3513
33544
19327
79286
19606
85614
58047
20114
4744
72382
39342
25210
78035
83557
81133
32643
9496
83755
99067
11345
13890
75188
36612
78876
87853
76974
14421
76017
52175
26379
93854
42153
26964
63896
54045
26184
2495
47970
66352
91246
5674
91149
66950
9248
53764
84162
84545
77198
5424
69633
59604
56006
46079
98784
58425
88902
71421
75926
53873
35297
62739
92227
45188
76039
35322
13863
17563
36960
70135
96650
65054
22631
14879
55714
40308
28045
56137
1453
54936
38101
94846
44382
80857
23906
79379
36909
57409
23538
28729
28155
46685
11674
76969
13844
1448
37645
4284
60940
80776
2631
22786
14042
53896
38049
58061
28564
39454
4406
53001
16719
44254
32325
70450
11525
45334
62545
58384
15535
66914
54560
90999
67458
46693
37627
60208
31901
35315
38971
30626
64734
65954
93325
68208
67740
11484
2489
17041
8927
502
29260
2902
37148
70235
41113
75421
1172
23144
48264
98517
20012
11622
76172
49508
56332
61350
10751
34760
85666
13359
75058
44647
18069
44333
10810
81467
56922
87618
22479
78960
96834
65059
18187
28315
82222
23248
82340
33934
61183
90120
66410
45160
32721
80545
1544
12961
80208
29275
18088
24177
87383
94436
76959
36150
31909
92719
62531
32627
9762
90924
94152
17097
47956
48063
47489
96409
80099
11973
44853
97700
37619
89638
29827
62367
75112
75634
11153
39920
24727
37608
81060
78697
85653
45869
88941
81278
71852
81291
69896
2556
19410
98455
72962
36408
17233
69775
15939
5411
21081
65579
56098
54743
74697
92685
96546
80877
86950
27231
96863
44087
14985
49493
78223
9338
56760
21515
77483
38119
93224
26413
59199
82698
15812
94567
36039
36724
487
43106
52999
71752
6588
77682
69251
12770
91371
27704
62952
64451
76909
88453
16550
12206
16715
8144
13720
48327
7285
17351
41000
8636
92677
58858
73605
64684
13735
54272
15478
63173
85580
60198
1619
7884
6109
33350
60852
47204
48281
41603
17153
18031
12432
39151
24808
52645
38046
7177
39509
12241
43498
5923
8182
33874
59812
74326
23152
34477
64866
54475
19368
94983
21507
62354
81001
70963
59490
93336
36804
50054
92103
55044
34256
90070
89373
39645
60444
2062
40396
54415
30870
36717
59008
76381
55131
88763
94351
89694
7218
23705
30574
83415
84012
82936
83205
84672
81568
91286
8264
47409
99404
72722
88177
45125
51180
12496
72379
46333
52997
8478
65670
69657
21263
87677
86204
66587
87292
50549
99943
31333
59769
83701
16762
62843
63651
30251
34804
59444
42390
53113
33691
49062
18053
92312
19463
58279
83586
33970
40950
30169
69041
77106
58759
9656
72524
62259
38377
80319
52347
8694
97262
27835
16164
61223
62511
10573
58867
95304
82699
19486
90518
60935
71622
75789
98101
98100
39679
43921
76793
21285
15158
66422
5644
3982
64327
67374
95358
32808
55269
39982
32955
33027
69962
86159
48826
55914
1100
40880
2529
47885
88492
17285
8396
97324
7619
162
49001
82947
76280
72216
6415
13229
40627
86016
6037
24982
75034
97967
98747
67834
86069
13332
33354
8643
40387
28596
6783
50658
29205
77138
37427
7679
16026
77924
76710
2260
87727
27771
50599
74690
95154
48175
94948
17579
87804
76532
10005
1279
21722
75640
21414
64887
54907
16766
91492
20344
35934
22021
29046
75140
68410
98950
3671
42526
76841
50404
33006
43140
18361
71276
7841
26409
88149
49470
45276
10984
83345
4912
41918
69928
46654
83448
13094
3104
42062
31280
23166
56326
88206
29899
89908
52838
35957
23137
92855
97050
30303
69509
5345
87804
40763
73195
94536
96496
31909
77335
31915
93592
7159
15978
55137
10076
98068
92147
39892
73808
38147
37150
586
1817
30855
69163
49191
93519
17383
93370
12167
15167
5568
59042
54871
54625
57287
2543
2392
14049
86547
1939
3732
70261
2942
85347
76111
24822
6140
22150
9676
7198
40968
23087
87485
37000
54426
56651
97727
33027
96776
29924
76850
47494
66843
1578
12791
99460
61423
25474
54608
54296
23467
34585
11905
76232
1818
23640
2983
55240
87939
99372
86030
23242
42939
52103
74921
75304
39742
25968
54289
25203
61595
32747
73739
51804
42058
61941
68524
96074
68751
95303
11934
23578
50462
48390
74713
67353
82330
61832
88468
33698
58339
73385
10085
25814
85221
26964
78620
22
4149
83154
90971
38938
3258
33120
13954
29875
70487
70573
2475
23498
40456
83049
99164
96611
42991
37983
19911
82556
37496
85984
41458
80361
13504
35886
68003
17065
882
27509
97156
10585
2992
99142
805
62692
28182
71787
498
62144
40735
59310
61416
52723
82802
90093
52792
34346
32745
18498
47473
91550
7878
80166
25005
47617
76413
36104
49844
27431
9227
17661
65424
69410
8861
62364
22647
25249
99423
20780
90815
40336
36569
7895
75744
41276
2255
37925
23942
55442
91798
50196
39879
37004
15163
62273
2950
67483
55448
20256
20645
72337
42800
91530
65254
66194
25982
59289
32221
34818
93946
36922
36871
40765
94970
23362
20035
93796
92087
26702
97422
81770
90080
42102
70715
90091
29148
90370
93830
61248
55137
41350
27954
93727
58559
22659
95404
13341
42711
5755
48708
18956
18447
4770
27400
1649
91042
8787
94051
47980
98013
27978
68909
50978
13627
36043
14362
86682
39236
37516
54424
5862
57880
90442
61899
34198
77366
77852
52044
85188
91013
86993
7814
10335
91761
31340
43884
14961
52013
63599
40976
52664
4258
84912
9451
15472
80261
6139
93157
60046
84951
74106
91313
30202
94149
66570
21214
33134
17178
75307
29052
38254
99769
63878
93783
47479
9134
1357
94382
80962
2477
11987
73082
70886
45272
47781
94694
1803
15208
27168
10168
93666
61009
24280
77168
93819
43179
48633
18984
2555
29935
59649
84284
32980
45117
96156
68591
91602
42431
15761
82906
54588
74989
67601
59249
80936
18189
89751
39269
91692
18130
60996
58055
63872
17823
34394
44347
20901
37186
31039
73281
45138
55870
10121
50867
19979
39446
44679
43990
53745
87909
46473
50272
22011
27933
22702
60018
90265
16578
14177
56000
98168
98912
21399
66331
26062
95952
5055
64656
8196
33305
69298
24125
56315
9628
24581
26599
5386
75956
19470
36976
45743
35743
41052
77651
50555
72889
19204
72405
45906
97354
29772
17933
68262
25373
15657
71174
22718
60024
31743
57840
24884
87867
514
1126
91339
23451
82903
26331
30442
48372
63475
56932
98614
42478
26242
92675
31673
46719
17063
49531
19941
13136
92109
20090
38253
31326
1637
50842
87193
93606
80199
42780
9803
19744
69906
2848
95538
83123
45913
7275
47821
24841
34147
76958
39371
99104
20932
53801
78103
35883
53124
63780
55816
24379
62745
45526
51009
24479
96068
97066
21047
70440
93003
78329
82190
20070
58112
77375
16390
24291
82313
55573
96362
48934
15092
86987
6915
90110
40793
43901
80363
71626
20806
24764
18892
67869
58463
70227
64269
4590
69371
72619
35535
40082
89214
4031
80806
40412
82019
45213
28873
57023
8623
6125
5990
99678
44319
55991
34704
95748
22316
7567
73660
8771
57308
26456
66096
95744
68508
68745
54591
79351
98724
61222
73078
96154
96693
28975
38521
50184
71831
55905
97127
24533
23225
52834
84847
86311
49583
92629
24585
54325
94203
59256
39623
38066
82676
17513
1155
78510
42782
84940
26180
54709
87513
61411
9118
9146
2573
71806
6724
92943
52922
32460
43568
54730
48478
17650
38051
65468
68871
59343
56736
49696
59105
79093
93435
10025
7736
98033
53173
5097
16146
92922
54764
27873
45616
94341
73780
61399
62855
47424
98667
4651
35675
2642
54750
86187
22062
45690
24855
94539
16578
59582
42996
60827
76309
73167
43621
71057
82707
54123
62669
46519
57368
45604
32868
24400
73437
7154
10745
16836
40558
14777
29808
49637
51596
28273
51715
52102
9001
50287
70130
841
12003
49633
1773
60257
89956
7127
12501
93438
94610
27852
29078
85705
53991
33106
59472
85794
23651
93479
5260
51769
85853
47798
49827
23344
70596
69192
11695
33399
28021
47117
15214
19321
98739
49016
74385
40559
41422
91196
38712
72802
3334
12687
6192
13273
5385
76606
2580
9060
12024
92665
63431
64380
19367
96715
4433
50684
70431
73265
8366
68061
87643
90514
82775
97979
36979
1548
15638
84002
35234
84969
54503
5419
3094
20295
40462
75742
9273
59598
88080
38212
6891
421
62480
93948
36571
96628
47380
28056
94607
33132
61409
12632
54492
91107
23306
78053
83394
20477
82656
36438
99779
54990
67391
51164
60925
98519
83596
84407
13734
67268
8345
59604
25754
64567
32129
51025
92348
6824
44232
19736
71414
888
2294
39496
66603
99619
33953
97897
35896
96836
17668
70970
78933
67751
24888
3971
1746
13311
9095
13521
99174
15262
11465
2476
16434
34453
44846
61578
59789
27475
15327
49248
99332
37062
96387
46028
5463
62775
92854
82948
22252
94860
11869
52137
2348
88945
12552
99857
568
97471
95432
14072
71948
50154
94099
16945
4357
3568
72930
77244
20740
89494
74557
77249
35001
20655
46459
78623
35539
65904
94021
95412
18115
12108
38992
6274
4591
8306
19461
10986
50481
4240
46130
33704
8053
50351
16390
97360
76113
33129
61143
43925
76424
97697
38908
43399
35483
58537
66527
91600
49035
42374
93278
19463
27254
79401
77108
3517
43362
42078
29073
78623
34333
82582
67838
19610
19821
6515
91998
10240
91778
84181
93658
27730
19765
84007
21911
86978
69625
61113
75551
39676
44811
27842
53743
30698
99647
36685
63739
8995
88416
14635
89622
91786
5542
63031
74506
7124
22929
62476
92823
65766
77531
69580
12458
67770
1421
46629
53874
19564
64860
8914
78165
35410
54126
8755
24720
63493
27759
16546
40602
15290
6986
27174
36389
23549
4926
16232
67186
23783
67757
61990
3032
30257
45545
40609
27917
8630
25054
83965
72153
97500
35150
46996
45178
27549
6813
83682
76340
96489
36003
53296
43744
30920
40808
38525
26264
74176
59360
16460
5149
53125
47527
12356
37551
74265
59278
61617
6533
43384
71307
51340
16724
2323
61699
76776
75796
6927
73961
16805
23617
5286
53293
83774
7035
69953
4518
51153
55385
74246
34394
74850
47447
94512
61865
85039
51209
56839
32272
24540
19797
21700
14208
10576
52390
3624
58909
52019
67760
61609
72593
56073
95252
32047
42801
47361
30277
44477
95194
99225
59072
51434
34253
6804
63003
89881
78534
97529
47088
16798
79535
63760
10126
60312
64508
39773
20868
58989
43790
59623
13885
82246
50850
47138
53792
55382
62737
85675
71899
68243
55216
81809
51870
67413
3732
10330
54155
60371
50098
49271
16106
72246
93611
61617
54082
29229
27585
21766
3823
40055
57575
7943
38057
79412
25579
56552
55785
5229
70937
60101
17844
5997
48019
62186
54765
45885
2966
46911
56442
80867
76946
94398
75794
87023
58491
81955
98783
15504
99623
35757
96300
13142
85626
75589
2879
99927
92166
37115
96169
90073
83917
69393
32565
61579
51651
27344
95316
71359
13413
49096
34494
49054
79230
4468
96358
22574
65205
90428
90139
15082
21776
28380
58007
85632
20950
70681
64710
67059
72018
92010
40424
64594
86773
39168
98243
91495
54751
94152
77168
26078
72695
31836
33379
37827
73621
44131
40403
76408
11058
84792
35998
10827
18654
85365
89091
7573
46746
77633
65862
905
45975
42489
50006
44285
56177
49794
49073
56916
13968
16613
24596
72504
58143
40536
94166
25801
77396
17863
20360
35938
48961
53377
21872
3285
89618
39046
81514
94786
55423
1346
46026
53115
8036
92244
67712
65557
80765
22077
45724
65243
45296
99128
45780
57793
32159
86721
49926
80555
12914
99603
26729
68085
48344
54380
89902
85627
42886
94974
70111
58212
68098
76332
76751
16627
5655
8211
8021
83926
45211
43798
41918
36410
10265
16466
89085
74569
81471
75275
35580
13507
8316
58329
73996
23265
54605
4289
66753
84861
21335
62299
13918
59966
35536
26885
98156
30267
17426
78908
67824
96559
6815
14576
42170
59442
18705
5488
48749
61297
84468
54488
59650
60089
88684
66116
74331
44212
48736
99914
66416
58170
75837
65337
20585
66016
5064
66297
67563
73984
98539
16827
12442
34025
29307
3901
33688
74145
59140
96943
36404
58442
1830
47679
88186
22110
38414
92087
41540
37268
95727
65792
24195
29308
63352
9235
3457
30057
46065
76088
38443
45778
94296
56634
39407
90612
34969
54530
69736
17718
88360
91424
30327
30242
1262
76414
98712
56321
60796
56865
70139
18499
84310
63769
80783
29741
30434
44654
10147
73168
23391
22678
83918
87639
74011
57648
63917
15829
3036
98337
87007
28928
8061
49444
82949
92951
2424
55976
2478
77293
38612
27943
47950
85617
71028
3555
51745
39651
15136
5196
44306
97228
92332
77546
15113
16100
39590
29168
23533
66505
70940
26807
909
18838
52180
42639
64650
58942
49216
66433
61
9266
98054
43361
53442
10610
52412
87858
88694
39167
53803
43758
93898
3659
43853
10301
60825
79755
48630
45343
79606
62966
25098
65689
60337
75410
79210
20511
89610
51816
62037
49361
87214
71615
94469
48819
91067
56143
93748
32823
92240
92182
73915
52048
78663
15406
96065
78169
4148
4868
48529
13361
67007
11587
77086
32728
89164
63865
45214
62327
78181
41536
74362
80795
43704
44564
72300
17251
94303
93253
9282
7477
82189
60352
3849
6193
25189
62340
25156
32770
20981
64868
70039
26232
68984
15463
30490
96527
417
93421
71266
80151
76733
76749
46515
15108
92287
54624
93565
69808
50295
94307
11441
77571
13454
73988
14745
86852
78634
96664
22530
12799
47410
81048
17160
38499
56007
60327
53310
24117
94890
30317
92586
11288
44898
28323
48043
83598
9628
66309
42764
74901
76541
97579
55860
51843
11727
30757
70816
12637
57866
43270
57362
31998
7296
82852
5475
3793
53818
41822
57497
33806
10441
82431
79712
77348
26864
83566
5076
3887
25292
27409
69512
16282
89483
35811
50314
93649
17764
67647
19268
87498
34135
58173
52410
53761
3750
44123
98973
8136
62617
68125
67432
12670
21315
21102
4479
46301
24129
70862
87649
66137
32193
53250
82497
2408
69031
91323
49814
37170
24046
91384
12475
31471
81711
32501
72549
32715
66553
99717
88266
3880
76465
43672
89290
7611
88959
55819
9271
25796
46416
67448
99669
17610
248
8240
99304
57031
54567
26144
62959
56853
30321
49430
45158
42741
29245
67481
83533
76692
31139
57774
46783
14935
67178
3063
2587
91679
92613
68841
75521
55200
8695
33622
26503
64498
48095
72837
55727
49721
62429
81499
26406
76705
27461
23611
45907
28039
87146
67114
95788
59837
25251
6503
86069
30080
78650
67055
69819
66522
97886
46678
97123
67182
82689
79099
74250
85779
73010
77109
62900
49777
27730
55185
9764
49614
84205
61713
14416
9369
98523
85210
78982
65396
56035
96494
70593
1534
94086
97473
49554
13769
38244
37178
91440
90458
25693
35048
26516
13847
66621
32784
96418
42800
69690
78813
45454
49698
78045
26257
22477
91816
61645
53302
88718
64597
72324
96429
48704
80402
20600
48980
51834
45500
17753
43449
28268
92311
39621
74055
16369
15835
59853
86872
45926
76418
86063
37509
3383
56547
67120
97458
13291
74379
42835
26288
34852
91111
95254
51871
42123
45782
2648
89480
31094
30570
16249
14351
639
32140
26366
44683
17409
3578
32438
14420
90781
68850
94466
84845
