73864
15060
70761
41
84775
99384
46419
38470
63492
8105
56176
89480
20527
60214
78497
10886
83643
4021
59976
50061
89645
1219
21429
69559
32612
39743
43466
53216
40591
35009
92528
23899
2281
23082
25287
18717
80790
27038
39082
20851
77829
82559
98586
83233
5397
1420
53694
8512
54661
3273
25341
27145
74215
14730
36244
83982
39178
17326
93780
71567
21959
1818
27136
98116
27930
62623
9342
49037
76560
37154
69736
51004
13195
62778
39960
44768
89428
79855
11625
62244
96379
58988
57922
55589
51042
53547
1692
30235
18364
3935
65639
83157
36039
98317
77017
60787
92539
15116
63519
12707
21259
44563
38509
46826
75378
15383
8225
70216
64003
26192
6169
70111
38788
26336
22056
52898
29320
7908
85341
31771
13144
76353
88564
94086
95187
36982
64039
83843
59637
98063
3469
78852
84081
30879
65294
11040
61927
18350
83717
36853
36185
17777
5708
11132
2227
34025
61324
3014
3598
23635
51903
52199
98609
68643
80539
52312
91694
92391
30224
20001
80376
74310
4885
55566
75495
46412
40347
51594
2422
62297
87113
33411
20420
98290
19960
22695
55398
28486
38516
66129
41792
21427
49274
77819
77791
17964
87120
1713
19817
29225
99981
15406
29081
7601
52087
49669
74360
64830
9546
40269
16299
23971
84041
24348
5312
21148
80125
57792
23045
88259
37375
94273
70072
60782
30093
21839
85674
84832
31203
8756
24773
3317
82690
89428
41169
48234
41634
83342
8320
33990
91131
95243
88249
49402
54723
45557
7026
32207
10759
80106
83076
56407
9652
62893
75523
52846
47242
12232
96125
56535
6805
61648
87484
53289
21790
19272
44930
83399
81101
45770
67240
76481
9219
10266
41875
13320
26320
734
9884
50733
98407
3494
4036
77136
50719
80274
41304
45361
84063
18517
40720
2067
7966
98584
25977
46643
61421
48302
42323
91729
99379
72182
83042
47811
30791
36028
90238
14662
29838
76469
19259
38296
63630
59685
79163
96992
82136
36645
50141
89572
39290
32014
97998
6757
29454
1221
40703
99895
55670
82253
55370
1633
81206
87129
80992
43179
38486
34721
54361
90856
94104
30250
55535
21673
71298
24946
14902
63675
93508
81890
55626
75840
15761
16366
88171
68287
77572
35273
23759
48615
45479
80767
58514
46823
57843
35123
59202
79524
11200
81257
20441
53719
62160
58320
94753
37153
81022
10646
36272
43483
63287
6437
28244
27705
89700
78737
39847
7697
98161
14282
4069
29511
2419
1906
17539
82187
13378
27873
53376
41575
15128
26453
65126
32453
77108
73194
1239
82145
89978
88680
50227
21465
86242
92173
7758
85709
66805
80641
91382
34098
5308
1498
4222
78005
99070
55903
50829
77018
58693
49507
12646
51501
91064
86037
52713
79522
69040
27212
50146
74221
62197
64801
99307
12921
34086
53097
97734
19285
72272
69712
63807
23381
66413
57266
9682
11840
11714
5819
62634
19604
3628
34320
87838
9869
93365
15452
88598
31068
56805
46592
94379
33629
80914
91577
99822
35787
24183
90484
45242
95378
51369
40259
59524
68588
9596
25612
82368
9752
98404
17885
68647
45629
29278
80038
87351
61937
23523
68759
71457
48181
48533
73278
87493
69513
46723
69212
85704
46872
22957
70731
80954
9329
97283
48978
42262
55164
61585
31927
88921
12440
52897
95667
2188
16141
9858
98219
93548
19037
96060
76431
46048
75533
11333
93460
68517
39098
43607
57177
16301
99154
35159
14043
75555
23868
91695
96050
82078
10230
79191
71967
16028
44833
512
75020
4988
55946
19095
1255
87212
92151
30697
71612
86040
40094
78301
69397
35626
45375
9321
9669
37163
70428
18125
78198
35509
10222
12264
11911
42137
53510
83664
59599
42168
27695
75240
2404
62077
60214
22952
75943
93234
65146
43455
89650
71190
84910
69140
58208
98227
18690
58016
56235
46895
19956
56847
29535
19867
90973
88700
94469
1619
15271
93903
13604
34144
82883
75149
52764
5825
65895
4254
5074
11781
2716
16970
40227
20935
17305
68652
82021
7289
60270
79299
70393
12038
89821
32764
14922
86212
15321
8288
91320
27176
65156
48000
53972
15646
6145
29528
51696
29441
98595
29702
58106
14021
91196
1972
88645
44555
47010
36035
26971
65189
14640
39329
72596
23328
589
97703
52546
25793
88661
89087
60223
10779
32853
29221
87610
98583
74518
12047
57575
61365
16364
2685
23696
4536
43159
87464
88122
11608
20215
74770
686
71841
27372
461
50429
19177
66110
67304
66892
91983
3142
1405
59921
39273
25787
59479
63388
34608
20446
49688
47684
24916
17423
72936
23945
41283
20294
86928
71381
62449
4701
86616
22352
13290
81191
58911
23510
46816
19842
77160
80520
76960
75115
39772
67099
13397
41130
84490
18263
65444
18595
64813
38545
99391
38531
76559
73700
74578
30923
83304
96411
93206
20532
89737
18860
78370
92193
48765
12892
1446
4611
41499
53430
96689
82376
74258
91835
76387
72338
97412
84615
53624
3386
2236
44802
60926
53694
60512
80207
55935
5872
8941
60573
15783
53373
26930
17374
99391
59512
60832
62924
93002
30667
91720
51773
26521
34973
50801
32438
8128
8216
5814
8377
60140
7788
30542
12057
97091
18762
84698
42584
29580
66515
65477
92939
71108
31464
12874
43003
23357
86541
20309
57253
47765
52404
56254
10903
11401
95917
79431
91476
6332
84450
20607
16975
76418
40295
73117
96619
26484
33844
90088
34694
68003
95716
34228
79509
51686
31660
73049
1556
44739
32320
55306
62984
69047
17718
68945
42526
62762
5688
92096
96126
81076
9079
98267
30992
78035
47879
47045
16234
62208
849
52253
18219
19858
28096
37164
17681
69774
5178
45197
17919
16373
82154
429
89534
21533
32910
56384
91774
44675
47060
1988
50243
78284
68635
15787
70476
91091
21724
56064
26466
72358
19973
1789
81248
36845
59361
92037
49211
29297
6683
93496
21691
34406
44398
53798
68359
43985
2728
82847
98837
74639
36987
27872
54207
69830
9640
10231
39224
17910
22572
19836
57832
25026
46832
73287
21510
63644
64694
6335
81515
29074
85897
80589
66180
36464
22520
46628
29187
68880
79608
53720
9885
57783
96861
34604
30657
14020
43335
29634
16039
18384
19168
65151
76366
94983
72564
6778
64634
72082
71761
13944
97718
45304
18608
38084
40698
86954
43786
72969
5976
26997
88187
61999
20569
53549
99927
79486
98247
63232
42446
33843
69578
93470
22
44529
10430
16896
87946
62274
44390
62721
28246
15656
91188
44174
21214
12336
96321
222
26538
85773
79576
33460
55123
75570
75052
74755
81889
68059
52583
21468
44534
56159
38259
26992
51332
8046
65482
10394
72920
22032
67861
51837
29199
42531
29002
53076
67009
42477
46940
91379
15210
7711
2412
23821
96029
95175
71825
87109
61717
67895
53016
19694
35203
27715
99183
29550
65500
33025
27414
31071
34205
99347
81893
80525
49236
87704
51804
3043
94611
32609
67085
67440
87404
78883
9074
78332
25899
38342
41299
13185
31931
53781
43659
30928
62309
30243
9853
68767
98499
39007
79147
34465
57524
14818
57245
39365
93471
48761
48161
1919
61853
45784
8967
87539
83846
7208
5564
29425
34782
26863
18
80491
20815
29157
60835
55877
65841
74888
88944
67558
58655
95564
86943
91118
15817
13393
27967
78494
40825
81734
81287
22267
84696
18262
96708
92357
1911
21800
21512
750
90708
42565
15870
19512
65672
53282
21376
81588
96740
38073
35609
53272
69650
9029
90413
36125
60756
90736
56860
19193
99628
67229
96712
5545
58448
2121
9982
57092
62995
59741
2425
17071
97511
68765
15890
27048
98917
99979
26228
38417
86138
30839
66128
15678
23536
42672
1760
3382
6088
43804
95212
34345
33824
15369
57876
80513
85768
57972
79198
71075
79222
47265
99840
3238
41314
19449
69816
89968
94694
26155
80423
64146
59873
29608
10420
23422
71979
68008
93189
74100
75100
33037
18074
18827
8983
17412
78109
78455
78855
40966
57330
52930
1567
53189
16318
97537
27693
71560
51014
50511
53159
54668
28887
75797
69436
65414
21766
54253
56432
59118
85934
92829
28534
56564
83996
65814
30682
59146
29869
71451
73686
15917
96525
92772
31065
70540
28183
32000
26925
54996
96743
98074
18341
88528
83430
22458
30324
84931
97463
81352
50282
42627
32042
47306
4749
66091
15751
3106
60058
50846
12530
88088
16109
32453
17689
22304
16369
14645
81939
19266
80278
12100
93843
62110
4214
98825
29152
30256
83721
82266
79542
20311
87652
12803
42593
10597
31853
49643
99172
81411
49514
62407
89398
76144
85550
76652
85310
25374
95008
81506
44828
45466
3274
76671
21843
20502
57528
5172
17425
10938
73958
84853
7221
93227
76376
86143
50361
69879
37577
37315
6007
38664
86498
33719
38629
54785
91696
31800
93645
22809
86918
14776
24945
28141
98284
2717
27000
12260
85555
57447
39575
42692
30736
89294
38478
68011
675
43488
66263
11465
45008
37258
49174
39819
78846
12764
24009
41587
97829
64442
19414
60333
77776
40793
64368
64676
28828
81799
8083
40833
76899
91651
50000
7337
94646
20969
91394
43519
57473
54562
3820
65462
18830
86755
21392
41585
69041
6894
96262
39982
68754
57256
73614
61290
77291
758
3319
54195
27914
74022
478
20962
17942
15275
33783
61811
42372
78078
91703
91986
10490
47947
99827
69092
65916
84831
14075
84028
36767
35715
97370
78178
38346
8976
26469
27035
28441
52503
31167
96673
67856
86278
94800
81800
83410
66434
35273
54340
14081
37354
97967
88830
46858
79812
76937
58045
45949
86988
40806
57947
6471
95501
11001
65816
75175
4776
25266
44381
79892
45639
96005
50345
28159
77128
83324
47965
20026
57835
85845
99289
38456
86412
76566
20246
35141
93877
61480
9992
79573
94944
47499
68316
81329
90192
75966
32467
50100
43406
62008
2407
42794
63840
83630
65421
87971
23910
19813
10172
16660
74718
52139
65309
95583
32781
46354
68086
70923
37473
84424
11759
68692
16767
61789
49432
57185
47490
86631
22781
88721
69326
89872
412
68360
81912
46952
45601
1801
5539
22503
48501
57622
27370
19487
89356
58318
93918
32649
34860
71798
12237
97568
11444
55989
85062
99224
20502
44941
99152
72111
1303
90970
21052
91560
72307
32597
63148
94061
33957
22980
62362
86312
21251
14119
81515
24183
53208
66617
23798
50715
88470
50395
75846
14151
4572
75929
38705
52867
87803
62103
65937
45431
64478
79905
20733
11842
31102
36135
87093
61758
99444
48663
89741
71997
24947
62928
54626
80651
59747
56184
83153
17268
33007
63420
59070
55154
99642
12159
19405
98971
50450
20979
94642
52982
81641
23749
54960
65789
31711
63732
71407
39944
67533
81456
34189
10605
30365
31248
53567
79463
21721
29225
42967
26843
18908
91722
27968
64660
48105
78130
15748
34531
96503
4213
98521
32722
3842
81812
26199
88403
95172
65642
69409
4576
81789
75067
39853
80569
90998
72163
52793
6289
60036
589
63719
86109
69318
27819
91342
77324
37366
11599
5231
46857
74826
90741
12917
22732
13565
36454
7808
51539
33498
47351
71644
22583
74057
78034
73886
94579
91329
2361
81148
97863
43498
66074
30920
53241
79184
40039
59206
9177
36163
92750
62679
6299
30435
22011
46290
38590
33220
17548
52027
62355
32285
4759
32214
86917
51787
33165
52771
31886
50959
40153
86499
59580
85859
33333
11000
35611
36306
91676
1754
48214
48182
4403
82432
63601
68383
6725
33879
25970
17348
34089
60944
96239
27800
29415
68926
49836
92512
89536
10950
22453
23054
42225
72597
83734
56415
68231
12182
66284
56672
74914
46411
61959
58095
68478
18588
23337
96376
61581
32179
57593
75501
60767
38709
15715
68473
27018
67152
54691
26517
13912
25526
52772
5376
77631
84779
51509
84293
2918
94051
81971
48752
20111
36110
86545
62700
97103
32535
87983
45609
10121
51361
22252
37023
91900
76223
95409
29187
32630
54447
91842
74658
53501
43861
31812
70059
72237
37662
41426
22508
13155
73975
91706
39032
70929
88180
30406
47815
61586
39901
87375
53330
94463
79349
20939
58832
98125
84490
80242
92312
94914
78123
91962
26941
82711
39471
26535
54932
42445
8498
33238
468
26276
72529
20443
12447
58450
82243
49957
69300
31449
90769
68547
33879
87935
48555
34365
90541
60432
67257
24214
78159
37563
51592
68276
27763
28811
3007
5639
87236
98166
71396
95162
78591
31018
79156
86077
74611
84942
27890
14250
16094
71934
37330
49720
61163
19562
99326
91148
17472
38402
36689
5492
76206
88339
24068
6417
1593
63195
78264
79243
8484
51665
56830
77237
43845
33578
50788
48915
42966
20901
83543
79043
6849
9014
94604
31747
15866
17058
23568
78368
6875
72992
21543
86001
72179
53309
38941
4164
64111
99143
32504
75777
88951
2309
33044
78510
75208
53832
99073
54701
12526
52087
72799
52458
15547
20118
92876
53688
10067
3264
32141
80625
90520
73763
75625
76659
18509
93510
21839
81293
44060
62259
49067
20958
65562
44001
61503
20656
55373
44414
63175
71302
52554
51354
98571
24160
95158
38259
20130
26062
82622
17481
17494
43536
42892
8565
74827
212
3962
21549
96819
61039
19629
44121
96783
72575
74160
80446
94696
88620
5409
66458
35489
48562
20474
17903
1570
70699
68386
70885
76094
32161
6637
26905
195
61268
18926
49413
38064
72222
3582
48942
17528
64138
22842
91909
13932
54248
25467
29195
64268
12112
73294
42783
14476
20694
54841
83055
58907
57725
8739
67123
63421
95945
47261
92432
82816
55417
67156
54139
16384
95644
6654
89601
57548
89555
20942
98858
631
56478
14568
93174
98778
25096
53746
72430
92862
99440
92887
78179
22029
50141
9883
98202
3141
10051
45126
34488
86137
18839
23228
67605
34826
43904
19758
49552
66153
91372
39045
62237
89740
26402
96637
23255
8791
26408
91052
21196
47330
20163
12077
60573
64144
37148
782
47351
72800
46903
74886
45171
1156
25355
4255
63137
87406
39611
75363
9604
43433
57192
5546
20874
90278
2444
63563
72969
10848
56892
3943
47524
29732
894
63202
36994
82352
92076
40269
45431
49676
15055
51244
40681
83301
19573
77983
25856
93624
18520
19483
1785
31574
78261
20682
319
58366
93014
15643
31594
17562
5626
47646
26527
91643
17213
79491
1561
57396
11856
68221
40599
52493
7298
17790
85590
54025
42625
36796
85298
23547
37449
97616
68482
56103
77667
85509
99968
14134
71760
81410
12297
1015
99474
50248
96925
3314
66867
5260
94160
5665
7431
1778
84843
78114
305
684
97797
80180
68773
21561
70975
79571
77305
26822
67162
73725
54018
77589
70239
45904
57211
34142
27833
71796
5727
49362
67908
28080
19861
35838
67533
61769
84308
34438
66968
42308
76328
80642
55917
62211
30288
35526
85579
85200
16619
13495
35008
58794
79800
8741
98958
13799
70448
78878
37926
42261
32162
66925
54968
3766
52778
49889
27799
1584
10015
38021
36649
90607
62379
40923
5552
98152
42732
11378
38284
46462
20857
48143
23319
18134
71867
16139
5709
69147
23937
89870
29470
16778
7982
45815
80146
48000
33676
20015
84572
66925
75624
31599
32837
90515
61322
41353
23065
24927
81010
68198
24964
34446
74917
87578
4393
5132
26891
92653
80558
37552
19275
45134
3447
81143
53935
36006
73542
28311
74519
27427
48321
34796
43370
9309
45414
7495
6720
65755
31751
85477
36976
73550
74798
18932
21287
54194
99699
45700
97790
71600
55191
24890
51191
40299
41360
20287
98044
2225
70178
2301
75707
86393
58044
59297
76482
41484
3472
18002
20766
79567
98824
43347
76402
44100
14372
75875
17217
52471
16751
97480
15062
28871
82164
13989
11132
97184
72660
72287
30864
4633
92690
37165
2528
35915
67781
67383
88490
54695
17788
38035
6048
82135
26991
66635
31094
49393
41628
76068
85767
43004
98134
82753
43822
42027
15196
30956
87503
69385
78397
32833
59950
55360
68248
87571
15901
56892
33386
10162
97813
47036
55634
63817
86815
84266
68921
14176
14414
62619
38648
74085
21205
67016
65468
46245
59025
30867
21533
34481
87355
56234
92197
92888
408
33345
71174
31381
69418
44805
20103
28461
6315
21418
98456
22054
64862
68087
77163
11554
74079
37541
97641
75790
9597
38695
37508
81366
8116
33609
73382
73870
62091
33953
80613
37352
64226
45073
73068
76132
92894
51708
15742
94652
53560
79090
79335
41335
29562
83921
68412
14894
88454
62468
31380
31012
14132
64577
58167
28967
65070
75473
34116
48118
29263
92982
75733
76590
36372
53848
30216
77767
99665
35839
15959
91132
62973
52755
79135
89029
17968
24236
93910
18435
27923
29620
8307
41394
5803
32591
57991
24483
60137
97776
3324
84343
62234
41638
8623
47416
39480
38146
13367
2168
38120
55405
2543
99542
88858
61988
9964
40915
80513
89882
48731
73579
62112
57813
25259
94329
94709
15578
13309
17173
91459
88984
50719
74617
25371
51023
91968
6398
64531
62746
6487
38028
57086
26130
7466
48509
92047
48676
76177
48019
32575
42990
77620
12459
10362
41082
13091
92575
50681
49999
90820
32270
1616
48387
42301
28243
84155
64348
85802
75689
8165
24265
54105
39772
30084
41174
25692
25626
74033
13198
38639
46464
88512
48791
92059
39234
1238
40842
36537
37815
65615
58200
98628
95225
52273
72713
16934
79408
82793
55710
51829
2218
16465
46157
33857
92932
31044
42746
36429
47940
94811
38102
22122
30697
73844
8436
95435
66457
47937
91547
22677
48880
37780
45762
37821
14677
31273
23314
86820
53244
50239
79916
93125
60487
65785
68080
91296
16238
16869
45373
69420
58294
16334
51688
56268
7466
10956
64248
13140
30444
53270
62613
16137
59806
47257
37253
60061
50133
13278
63134
35910
75640
79107
33036
11481
26811
79739
51820
11907
2279
45512
76567
44907
4670
58800
1745
98461
99405
77430
11727
4558
87787
61717
4730
47955
43645
71238
99111
47371
80269
56140
71514
10828
91808
56211
10114
64496
44313
75443
22653
69430
13978
36281
99089
46356
15699
24621
40783
98795
94555
19330
92511
19403
87922
16575
18810
24041
78318
85642
75248
2629
41526
23990
83755
28296
48997
44266
26139
6658
63648
60173
95162
92662
13000
24924
94381
43194
29902
83243
4116
88777
5908
74580
76377
21050
96937
92576
58573
5117
15462
69799
61011
49710
4307
37856
17361
63211
70060
68116
35420
60661
24934
98410
19076
74919
92237
4779
99526
56588
16510
85806
1242
76835
74873
32638
91272
39637
9571
24571
1346
42995
78797
25596
94387
51306
22235
35020
41378
83702
59142
19592
29594
62958
93742
23509
83855
95037
52702
44794
27654
26755
6363
74169
88297
72547
88306
22286
72808
93954
2591
47951
13386
39450
99490
27419
3902
43231
48269
57554
73515
62893
18993
67275
24084
30147
4175
11545
24306
84791
26296
78002
37624
84230
48517
67352
43060
15838
7141
95449
47923
27947
32828
9080
91066
44778
37857
29101
50249
64417
39755
55214
99660
38886
90115
91241
72166
94434
42979
61158
16485
23070
97823
31947
53751
93315
97957
3989
30976
46815
49475
39356
85222
9856
90929
12373
37050
89234
90262
5465
45084
33200
6304
1503
3294
85731
34892
9194
58662
65584
48433
91306
54851
6772
48550
152
57532
57161
66671
88274
17661
50727
43953
58354
44201
4475
23306
62004
58751
53792
9539
23136
31052
82399
13373
16469
35370
42030
97550
63130
32567
33382
2286
80176
84544
97892
6000
16859
68787
69274
49513
75266
33927
75086
20268
29450
81852
19448
96085
16567
35572
45142
4058
94758
91110
24980
9915
23924
34528
60395
75333
46340
35746
19573
99612
5133
36721
97030
24505
87793
99998
81135
34556
99004
12064
38608
5062
76269
94370
20287
98692
92660
80332
174
67155
24836
83295
91324
96444
95052
73460
23081
57562
15287
80907
26686
2573
53394
86992
44157
31611
90437
13983
93652
74160
30630
91888
93791
2911
41627
77299
2845
9446
40424
60305
83784
35857
15464
41857
49725
34794
30828
44851
2640
28439
95542
70314
97214
7533
34985
62119
29594
73257
7275
76845
51209
5224
62454
91068
15288
57137
37415
54976
86331
20749
47633
86657
40159
1107
78777
87638
68254
89766
22319
42881
36576
59469
60122
6840
75118
1670
85865
39903
17716
65878
33940
66416
35260
46617
58691
62956
55208
20064
54880
56738
14042
52504
95848
60166
25846
56940
72313
38083
54931
46797
77401
14938
35950
21887
1741
62026
10996
83339
57645
21673
65930
86577
62978
26276
6883
94473
53895
88347
54457
15444
24960
41056
99802
98908
60971
83752
94331
8018
16586
66406
25167
31717
15246
87803
7482
15952
44799
68032
78825
26901
707
27013
88748
18330
30559
90486
55476
99710
71052
79686
92001
76983
6902
80971
62979
90241
7534
60550
13472
10311
5948
74735
74440
89736
96247
95927
79104
75967
81348
39812
16865
53328
58298
40815
46200
73509
87571
29867
36063
57610
7233
17593
42941
89934
63924
90382
80716
50616
81981
19622
72606
42478
38730
53923
61382
31392
41653
84797
67231
61144
22447
86659
8607
18969
88327
69317
84613
94879
97320
24975
36543
35089
20171
70642
26059
7046
50415
22962
81156
98075
34665
26995
65618
60720
41189
64943
8210
54998
4209
29448
4238
86713
92201
52103
61693
98879
50391
50183
77102
38049
14228
49453
37338
91824
61151
83768
70404
63142
56545
62651
25137
88738
63160
26911
78292
41926
56601
21365
30018
44055
13979
79276
26805
11632
63949
97367
2622
60047
26224
52812
74209
41895
85797
3070
73375
93110
74275
59443
24740
25070
92892
33139
97479
58730
11692
48546
39543
46599
79430
30379
72089
36834
51020
16477
75163
47957
91166
84104
79129
56856
4219
24086
6574
54762
97453
44819
4779
8846
92791
52776
38515
44783
67869
98296
70852
65629
54798
26505
32296
19947
47412
42595
67241
13772
8609
10431
59619
86042
32469
66932
66647
96549
53816
42856
60769
67630
37474
50211
18244
4496
795
79420
90332
5828
92598
6245
71772
1713
28628
40188
50735
99540
45433
21212
39460
39692
86616
82666
48254
78249
59922
2310
42349
2657
91626
37009
26886
37618
54702
84911
2424
2308
74021
46692
87013
30277
55605
84294
80684
83507
78509
67498
13164
99906
78821
55372
67160
48839
92862
97591
20309
8126
34738
24273
65205
40705
1198
16497
83048
64449
96960
88869
41225
64767
92629
54412
11741
15465
87407
19059
13633
60539
23851
54474
88951
50923
91325
10124
10121
52665
77813
38070
85790
67412
55261
97833
79909
56619
53061
25934
59758
57490
11401
29718
34251
40461
35661
8772
99002
18388
18820
96136
70391
87601
75156
77123
42446
80122
46236
34588
92708
44827
13319
50969
53701
6620
24684
43758
85478
10706
43630
23610
79391
82678
39079
35514
89559
11431
38017
22999
46952
871
6211
25826
72221
29617
45935
22267
78532
44593
89569
43246
81244
81673
3280
74365
60363
97683
90837
65931
59337
98727
26804
1457
55169
7381
62989
82351
58319
37151
59151
72671
94292
84471
25951
69892
2122
76805
45947
96288
98171
23691
76900
88721
3998
52123
71447
82668
40304
87354
73299
74880
34677
53276
53510
56310
70795
58180
56675
48400
91812
71918
69594
1908
97444
2916
88915
14473
85356
60285
57215
60458
67046
52161
37202
42390
42625
76575
95457
95471
7245
52464
61737
53277
86689
46801
50705
92148
83911
79977
39529
50879
25412
15614
94821
18215
11759
77216
58974
50550
68783
66083
53802
48451
5524
78948
94292
21487
81055
59210
32761
81146
53838
9706
20383
86155
25853
59851
62151
90226
23757
21802
34588
56289
25463
13121
57335
28785
80747
88850
50697
88790
38525
73333
55972
99241
89011
8979
10672
90663
51150
6072
7388
92644
11622
97352
14878
61288
81261
6917
34147
10127
17077
84320
28657
63823
42364
87929
8340
91007
88539
77691
73098
82552
91953
20771
61921
93452
37587
89130
77419
23409
73732
14120
35046
73707
85897
32179
72561
87435
13028
22593
60274
196
12746
88771
43287
9055
38211
48865
17200
66319
31441
17382
8531
24870
88530
44924
59818
63837
39899
56736
99198
29974
60012
35907
19883
10472
81615
525
11973
18315
64841
26374
52883
90640
38566
4418
97767
59557
54476
53923
1406
39201
93124
32831
3224
427
6764
83577
5023
32834
77049
79204
61579
42385
7196
78059
31748
81664
15505
43364
54391
57594
67675
54834
23489
71677
56095
20273
74819
68001
18838
80708
28403
31883
423
28709
75359
14847
34393
9704
77756
69011
80342
62610
74174
5256
13071
56256
76648
74936
43235
15000
23246
87703
63994
76620
32282
89184
13947
58552
66509
76090
38589
35752
53688
40808
83846
48094
54187
78635
85781
60370
75483
5551
83357
38153
9717
49601
87094
58531
50926
10227
46752
48478
58497
76582
67342
98663
57113
94635
63344
16899
3531
21256
92572
90026
49797
98734
5900
42664
64396
65406
4476
54804
37424
47311
4949
89530
36554
11465
69990
47626
50418
40527
13796
43768
38398
44594
22069
5204
89004
30827
81777
83107
35780
31358
30424
71302
10697
55176
78198
37436
60899
17808
87431
17660
90496
73830
47390
85738
12101
17028
47376
86131
83776
17660
28055
15426
72454
28610
89669
403
50843
59685
61768
48981
67211
47614
48194
76150
17706
5371
77500
41684
7111
91303
98972
89733
9572
3203
38043
60815
90897
38045
65863
40387
75133
58438
96150
3295
51538
49126
92500
39525
65869
33412
59533
25220
39461
69474
6338
89889
99151
92646
12342
81578
42153
15685
17655
91020
62279
86297
80498
74440
34039
6546
19199
52132
41053
21502
74921
88086
48782
34956
82708
13394
99922
19684
10319
51649
69233
78722
41405
47752
54477
62345
49120
3982
35515
20846
4168
71670
48770
36701
4722
85561
8269
61386
71703
41905
25359
4446
90274
61341
80784
31606
68658
39869
59990
6364
20492
19464
60908
25406
51027
79354
51116
9868
98008
92832
45184
84316
90728
47853
20241
31072
40416
38766
84368
90964
53565
21717
66457
79656
46118
99889
15757
30405
89679
30268
13942
48259
80671
62907
6702
37097
51981
17529
6352
29824
71043
56895
95960
17419
7356
81158
59055
19650
30283
50261
18721
94887
75042
61077
68669
10330
3817
58579
29401
20714
49665
46841
71123
57537
5362
34866
42222
32454
33106
43031
57672
95113
53965
94060
25058
96607
94684
80921
90436
63620
4981
65387
62690
52600
32436
31015
62100
73121
74112
91566
52396
78729
32506
51880
11940
41399
34916
91406
1079
40590
51063
66148
43427
68624
4663
21641
12146
51458
53277
17357
50318
92939
19367
87009
95946
23858
17836
75152
19944
43295
72267
58698
58495
80290
28404
63955
31501
1426
1437
99817
4336
78197
24675
65407
29281
68183
2647
97264
30757
70808
49919
33382
47231
22958
60341
25359
81651
70613
69588
37832
66075
21564
19457
35330
79866
46852
38107
81966
47845
77784
95187
75763
93202
19263
49999
62578
60480
34504
70398
30103
9331
72655
18616
22727
93348
22460
99413
86244
5289
77794
48896
57351
70929
17639
24065
67203
20774
15423
61899
90198
25697
55767
44233
47338
77639
12773
89222
46634
74954
72700
65756
68900
4780
33948
10312
14245
21201
70381
87289
67256
6574
21618
79521
45822
68017
72293
66945
36266
99415
27143
31380
14804
53115
83707
60367
73066
89049
2726
51515
22029
17273
72094
34566
81225
2844
67572
9755
74947
33089
21859
70679
22754
20693
81442
87590
38438
69125
69564
52457
50526
19298
62703
49288
63653
51189
97518
11845
73860
17644
52834
60960
15257
54838
60134
55436
94756
14879
74149
89172
86878
74701
28469
11234
67701
41482
15395
6703
64525
45107
57719
36285
66302
70164
20171
76779
63136
81454
59447
79821
19633
90479
14731
43140
7240
61330
72782
20577
42990
23395
54836
34865
90226
27758
22319
82642
67111
51337
65448
6433
20478
13562
55945
54184
87122
80326
6815
7447
83014
84659
59667
60544
27337
31363
81103
21923
27077
32427
34556
78939
50456
52493
17448
10808
13945
57842
45823
62381
45047
45536
21719
90136
27114
26241
30510
1669
2534
9869
58502
6255
26380
37486
26528
44587
26672
77557
68443
93899
28648
91172
17537
3424
51545
29511
5264
43022
61688
71027
27539
93407
86315
69555
94883
55259
28396
97211
38486
24741
65685
44597
96873
31171
68219
77961
1521
34644
98734
37521
45177
31724
63766
62595
38387
41849
53042
83018
5435
58626
7937
63416
95236
3371
60369
17745
30201
17033
37975
69051
14264
81243
82916
72935
26902
1027
23010
2304
64339
35619
97352
94693
96139
50945
62965
28990
82258
19958
78177
75221
68892
88789
62520
57579
71220
43627
32462
63170
91624
91798
62658
42454
15847
67115
52855
35866
55654
99820
57993
27588
29495
56866
72876
80326
98599
11091
86951
34096
92319
3304
8862
25509
57425
66013
5254
52449
71413
64186
37224
13333
15863
45267
43804
91538
67934
33780
51300
79842
33639
57658
37794
60037
53193
49673
42543
73862
32575
18812
47346
35028
35801
94452
86537
14827
76618
5018
66577
99690
34860
96460
16707
25288
15480
56984
67546
39855
52705
62675
19994
44434
99410
24202
18189
12539
11279
27915
81535
56522
37226
67871
94089
2318
99150
70192
40479
66516
55994
8161
83217
52489
63736
77134
6063
5549
20303
50120
3964
37474
27705
11716
90010
25941
17138
75257
84525
45982
18094
75051
71296
10204
12629
14173
85204
45944
76528
81048
3024
27161
58185
90408
50170
99151
10188
59060
19199
26031
44084
23334
81694
25013
56769
18285
71198
70405
95907
72589
4190
69941
60514
20123
11393
25922
40609
36274
92112
92108
64360
11834
53807
61230
86865
52470
28645
72296
41501
48732
9280
44956
64054
72933
22610
5342
46459
26786
12085
90336
24215
12318
5981
37742
5647
41132
70008
21948
15293
87819
75133
64923
27432
83187
46499
77230
81134
98241
91120
55433
35481
97725
14604
88965
66317
53135
12799
29497
26702
92558
12924
31467
55359
42718
24059
10843
96312
20062
22369
251
17338
96376
12666
22185
52198
30091
63653
50872
40896
86147
28881
30171
1400
45941
24782
11620
52956
53535
38061
3758
75927
47031
77823
21580
60360
45350
98168
10544
57732
38386
62824
68420
99926
11821
11365
46143
68966
72845
37817
96507
98099
69882
57311
56453
63463
88684
98495
24486
84901
7767
28063
46276
89308
14789
87254
12249
68801
5545
98547
56664
90640
2924
13636
48230
38617
1142
55222
28371
50608
57391
53877
66542
8409
49230
92446
23718
14895
90546
55190
30665
15646
82717
9845
70484
33988
81251
39985
39928
90219
41092
6511
76945
7893
46960
74120
64602
389
16260
10402
71810
15909
31455
22764
1525
9142
77680
75007
90808
58681
11886
58830
33622
24729
40357
67690
77432
58199
11642
7053
19595
34509
16912
92205
53769
42353
2683
34283
70472
59870
6876
18429
13062
66705
24854
96320
20041
78624
53690
32568
16449
97915
62
94016
84513
53018
89783
11537
51188
15545
27864
91577
4557
17138
47322
83494
65374
28453
1250
20445
76078
24590
1736
10120
95666
17398
35339
88284
52677
89588
81425
74821
700
910
84916
82623
28397
10515
50289
70711
63007
38306
79046
25176
97007
79503
1018
45970
65372
92826
52753
5431
46926
73243
87069
34532
2579
36807
99872
86540
49511
37058
18350
57863
89838
77823
21938
34742
35984
68078
52242
23295
53132
10594
59790
19541
81267
7788
92928
69809
15933
15464
28705
3112
68198
88915
27007
87800
44296
88041
32166
35252
30044
60066
27240
2597
66
19923
6371
49563
70219
88420
46336
40287
37015
44095
22573
32714
78197
25424
43666
96654
58431
53078
65595
12931
83924
32697
81939
96739
275
74376
81543
62135
56720
72490
33250
85590
64908
21832
24908
34823
87056
29831
97339
44620
6582
58094
44972
48088
77552
69402
31846
74172
80222
67873
80074
38638
36316
33878
84259
84180
98872
38440
15477
93038
14068
47865
38496
63547
53949
74788
83792
38317
50848
97972
13514
11102
33486
21719
60925
20043
82392
54968
72562
8272
70501
10152
23023
72406
31717
67305
4249
93832
43227
35433
76000
7867
2918
44994
14901
2089
20174
66036
35502
91162
50603
7847
72757
39820
50894
88414
75637
98647
66911
11703
86934
35449
73389
10394
89298
53053
5096
47943
41993
6148
26046
10249
14091
43200
98189
91374
99667
26074
29175
33257
75033
54960
35578
9190
14139
84197
25027
90488
78058
48375
64503
97763
24261
14402
66811
74473
79224
77878
76942
81627
74704
22751
63594
85263
75512
58550
18921
75391
50757
31123
58919
94490
4815
86150
92596
9580
53138
90435
23522
99542
97747
74871
355
48415
62092
42370
30212
29844
83594
56642
79801
54458
68779
792
14056
96442
23442
24094
55274
84194
91101
99265
52505
30239
12265
90772
35398
16963
52770
88799
95815
18160
31061
75075
64195
86794
54995
83128
10903
91306
74409
24566
36719
8436
9356
23597
35635
40347
58275
12491
16102
88241
76227
77641
50794
74534
87321
8444
10581
88810
26838
91715
56686
32686
18770
17114
97731
49867
19221
50869
13763
57376
46354
89483
4733
34000
6394
86625
48751
62124
34721
50273
98361
20289
80555
8297
42479
51292
29112
272
38080
67121
97067
96461
50728
99698
99643
31472
13338
76329
74735
80187
82402
8421
24854
41092
52597
41314
15869
35260
76101
6389
17727
62001
62257
76042
29646
79222
62717
56188
89339
79126
50526
76559
54801
16086
21040
42757
51537
54487
18689
46092
56001
72430
69424
30014
63942
67565
67097
90497
42861
34038
96358
258
82920
32406
54812
70578
57022
55200
46189
8854
35150
43669
40082
39504
76734
19387
50876
98377
67841
53392
7992
47877
35510
78585
21172
58599
20734
92829
77316
26486
76668
64402
3277
68836
73133
84912
6061
45668
38562
12459
62964
26525
36839
905
58962
38080
82852
40611
86972
58371
84304
83375
39229
5845
55504
7931
55673
24432
57994
62903
8712
59190
70937
89693
79636
49053
30174
63071
26845
23462
19451
83640
69265
98590
97610
93709
14787
26307
34082
9870
6741
12707
46295
82028
80271
91165
16303
43730
57636
89145
36453
5297
76221
11444
22739
29467
17493
71101
67622
81574
85795
32516
58543
42623
46248
61930
24948
38503
25678
975
79818
21331
74714
79516
39545
53533
62859
42384
63121
80861
8638
54058
5720
35680
68316
32817
16999
3290
31748
75374
94384
80669
82295
76223
695
43184
11903
72562
71216
57426
42912
2075
62614
51438
15110
32648
41964
35094
59084
27553
54243
89031
55732
35491
64352
6621
40006
61565
30674
58881
25383
39187
93082
25971
48614
60931
2660
82312
81343
77663
44140
53152
31773
71006
4805
20543
7818
59315
12836
53307
56309
83870
39221
34516
91728
89818
83922
98147
55929
17698
95625
56575
87429
34710
66974
1069
83459
53318
94646
13591
17548
98598
45667
25097
87520
34347
74979
62651
24343
56489
69397
83335
97389
12120
11847
28630
88197
21937
6934
1191
57401
36063
9054
1574
73901
6560
61200
69413
20383
10165
50272
14674
93357
88604
47705
19251
49815
53191
99240
3260
47746
62646
51334
54034
26823
40748
74416
8549
92537
73472
60976
81268
30959
76906
50778
5900
86162
72264
96030
60490
91711
69112
14917
4582
84460
64691
17592
68817
50054
4406
98005
83379
23082
20705
85287
50290
71014
42077
73648
17882
69821
82255
74973
43901
57780
97341
89558
52518
57746
37266
6233
93415
87701
86942
1211
25149
36384
85581
57589
53427
64600
57257
19485
8243
56527
43621
90905
66306
14905
55892
95353
98153
14411
73911
50083
21895
51635
87522
71011
67987
64335
91747
8317
21042
68644
35786
45565
39933
15863
5721
97755
63277
98518
87497
30510
24118
60508
53957
91211
72864
79429
21836
66098
9799
56621
41575
13306
91503
52853
31853
42922
35715
22833
97150
24019
96153
45371
24538
78795
1614
17467
20522
83968
38490
47285
4417
19443
44055
42667
48301
33491
52163
86693
40596
46516
64818
40399
71113
84178
69862
84106
34154
61828
10558
56547
7519
1893
94672
22354
73692
71118
19118
48169
91966
75328
24950
26319
24512
37274
76388
97916
78578
78462
91327
56399
26175
23774
75969
59516
85305
90242
47284
60263
52626
88165
54031
26456
93246
18348
46447
67324
17210
10024
64738
21684
50510
85005
53276
53177
42188
76592
43453
29856
61626
68931
88725
32485
20415
64865
56384
85759
83958
92470
69536
98315
31694
4127
38830
61552
73758
63121
96397
62922
11346
55667
68017
90153
26396
82209
62576
38327
88141
68566
6471
12617
38967
27867
37879
40093
84618
5201
31459
20180
84039
92493
67132
73433
11278
92503
38094
50694
42503
29217
66029
71065
66905
46877
68702
6015
15805
73176
13275
35719
91264
14227
81485
95312
4299
11251
17136
11803
86286
31086
40161
18384
9369
17236
79377
21415
28209
31654
97509
38570
57450
16450
82516
35319
85325
39389
25051
46639
28154
72297
37616
84626
2540
96671
55433
94854
32906
27087
29930
92804
33252
79319
82122
72981
77702
13383
40149
79266
17002
8586
4472
33199
75625
94171
22168
8376
40129
77086
47612
99385
35315
86079
38798
4991
74210
56760
16160
91149
39755
52378
85126
2062
99902
32174
30767
84919
16184
55157
67161
5087
84352
64427
9922
12709
33447
2028
74389
63611
23538
31141
52241
54290
48429
18700
48268
22789
74671
72862
3175
79665
24009
40068
85221
4033
68200
66914
43496
63832
9068
96573
63443
63501
28497
92050
87146
4706
99468
71816
47469
34552
34198
75300
347
624
11662
67753
68996
61051
97367
96878
72718
45658
79395
42442
94306
46586
59377
80116
37985
73811
52328
18304
1390
9960
39950
76339
26011
28388
25072
90884
98457
6921
43981
10079
72714
57597
17208
1092
98075
29850
9259
95034
16613
9294
99924
72214
19079
58051
75339
97866
49716
21532
80628
12415
395
53100
9646
4407
79608
48772
74
97738
1645
56467
13067
11662
50972
27849
86322
88452
59626
97314
5890
77389
32907
30956
58882
62100
82261
8721
69186
28936
99596
13961
11239
68589
16871
9739
51662
81406
93394
68797
8469
53343
45215
10615
84622
13743
49074
14568
69493
55102
75543
32403
3166
87735
75820
9639
78476
87695
73160
22803
79907
33776
40429
32959
92193
17565
79693
60229
21653
68797
53631
63864
25886
66776
96893
72691
30923
21381
82791
29208
9470
83850
46570
32251
92988
54964
26316
41412
42340
85425
41335
18039
64658
22093
90148
89716
77600
77444
29663
92389
9715
51195
23155
16573
4496
64192
87322
11686
79126
19795
61177
28403
58940
11759
23829
40783
24984
17964
11381
5067
31571
93142
55102
13579
25321
7664
81667
8015
43770
96173
4638
28328
94300
33200
61366
72181
15198
79873
55240
44489
22578
84998
82757
48138
2161
30049
76803
79969
16800
86331
27108
20173
83462
77740
97237
63201
37016
43593
39608
81656
7098
82256
452
9803
8369
63432
58292
2590
55323
48263
30679
36500
53311
92778
79811
96363
96149
32311
90832
64012
95706
36621
17943
11613
53428
25622
17244
7606
33095
86430
8482
73404
90
29732
1209
5799
64922
43866
80267
43202
8466
42981
9687
58420
88900
28572
26814
52319
39903
99433
67962
9829
13253
9995
88007
25555
99242
7159
62559
34174
49194
26360
47750
15819
87322
40188
6609
70304
92333
78678
72297
13367
57432
83491
14618
80266
45190
51004
23978
75916
22927
73361
87948
96263
28840
89038
83887
38954
60724
59949
66770
50907
91023
95707
25944
46719
48009
95033
13823
68211
33290
44849
81067
40209
91328
67978
72919
7600
81761
94491
83831
32373
76968
89058
43691
80027
93445
70561
63766
34264
13443
8316
3636
26143
11027
2100
97830
49053
69231
79022
25591
52824
39663
5461
17656
23800
43996
48467
68637
99273
68170
77806
3990
42361
35409
49941
14800
2790
63949
11998
56107
53836
52648
62782
63038
45311
42774
41904
54997
5271
29292
88640
90162
37781
72720
35861
85769
24450
99820
4360
21084
39319
92127
57826
47599
42019
30511
39359
14057
68865
62353
61313
15665
13640
7968
62304
45077
73134
37445
82006
33733
91068
30932
60972
70533
96665
20600
7505
49484
33273
50387
44522
52838
97624
50182
76171
68470
27986
36937
72486
31788
2086
53409
23986
61228
2157
59968
69220
78854
42413
26899
15162
28317
62208
20616
57603
4070
16504
1874
56177
38724
66696
66429
81330
92946
37547
77931
62196
96207
25557
28453
36310
7525
53439
42297
6065
58918
89929
81375
55128
26641
45225
16935
53812
60815
94922
70105
83044
87770
16242
69141
84812
1008
45585
29494
89643
25412
3371
49246
64590
40643
75125
22570
48007
46471
24888
47794
34425
97768
24255
2863
44249
67623
11198
33600
82031
81127
99769
41998
14784
61595
55268
18024
62376
77286
81783
565
7218
35087
93870
22535
54167
57438
16435
16410
54047
58367
347
81262
84772
15474
94021
10549
50970
14507
63540
16321
51712
21617
49625
76702
22381
10235
94104
42674
84250
63493
87845
51614
96521
60024
69607
78874
62048
6956
23772
18782
51744
39170
36409
695
53259
58987
27674
65679
11313
10661
77226
20346
77200
76499
99070
84528
13765
39952
66638
56039
63948
8468
54870
4802
37367
87739
67315
75583
22464
3109
6318
98573
28564
31838
32058
38519
72655
18564
35997
84779
80917
67793
53347
62710
87187
88792
91784
26839
62800
46776
57617
55411
50141
81975
74574
48008
19682
17299
97291
47160
86980
11558
67471
406
2327
34271
33782
43741
69881
5321
26166
72966
88242
76163
52952
18221
12768
6479
52832
91426
58245
32653
46077
47604
7948
89478
64069
74330
64627
18788
89179
12033
35569
64787
51137
26561
62357
95786
91250
72845
23540
97364
98324
99698
74160
35194
46502
17973
13114
69212
33089
97917
75214
98514
23197
88724
88992
98984
96636
27113
3159
40743
99012
96425
94464
65631
10423
54236
18850
80075
74979
53113
6655
89455
78313
11188
53345
67755
48285
45703
1489
69606
37537
32551
87669
24154
80398
13466
95795
26526
11084
60776
78350
37243
14654
3515
57235
33711
80590
62899
20574
90683
22827
56289
26897
22660
48931
33199
65323
70942
33173
21201
53193
98608
65943
44026
78578
52170
11196
79557
64631
25745
81418
54529
65591
98822
69657
24930
86902
63330
19971
17847
38782
38449
87463
16537
59864
34977
39604
48036
43468
31072
90129
85142
89346
43107
7719
81392
46227
76964
8026
22477
86524
11098
89200
65905
27465
74548
93563
21130
5822
23612
38268
46511
97069
44397
69367
19041
89907
24976
12028
1223
8311
44247
9074
83130
78802
32465
70167
59911
88100
4980
15900
6257
13730
18229
79773
89432
97977
92689
70027
25674
88237
96386
94959
21124
18006
95402
17395
85941
4344
62783
1405
64691
94425
50999
59542
10001
72335
18037
35141
36681
61501
6856
56954
54591
67342
2615
4286
60199
10626
8150
52897
49732
46652
26000
57416
87310
79214
92287
85760
97752
36891
60247
27296
14983
57238
73985
60994
94814
16371
65482
6555
72458
28944
35643
96163
44545
88331
53432
76037
77896
1545
35044
20974
87698
58268
48611
43161
24476
82890
15866
19254
57417
88370
27098
95981
91475
79960
80207
24065
92090
87094
59432
80217
63665
23415
32719
16552
35108
15576
40783
10766
76257
52018
16149
63962
36374
40364
85573
20177
50654
31692
16031
1734
97273
42268
64465
95071
88618
47253
58411
50870
70585
28771
84082
23258
39908
59355
71326
69140
42017
57355
47912
25356
16075
83990
13047
38872
68434
39529
34983
69721
16787
16769
61480
94491
18381
47680
79931
32335
52263
94842
168
32027
58270
81102
49725
67282
92509
44521
21686
11276
33567
68604
97200
19972
85399
32954
2753
61852
11323
95370
58112
46093
64301
99250
40311
51024
96858
6650
22004
55283
46221
37727
85706
22380
57662
199
11232
50401
32228
56398
81413
49786
11359
71238
52263
18858
28493
45072
65933
54694
70051
8815
75698
40707
60340
48721
87603
24508
21102
58016
43456
67366
80431
48945
32288
61984
2868
34964
96722
1902
4556
39710
96715
81908
36272
13379
9152
47589
24450
29278
71905
51036
15519
95612
71841
34217
28838
23738
67677
20281
26184
7288
64410
76738
34205
15676
42591
59592
51050
47200
64345
95256
13062
68554
74078
71532
48000
78944
67813
92936
50629
33934
11434
13780
91168
69879
97446
31821
76335
68796
60452
86686
99875
76920
6573
16253
66378
96282
34501
24620
58407
67630
39960
60638
13738
44712
40895
38711
65250
37422
54028
16401
51043
50370
73047
56608
48859
62790
61946
70111
98893
70155
42044
48084
68868
31881
59605
54895
98382
70432
48754
24451
94978
36498
22810
3804
98030
7569
90285
6410
73578
26354
46985
43515
16950
58929
59885
96367
13713
67378
86670
20515
74011
77435
21330
45635
54172
46500
98342
69376
91283
43715
92525
83843
40300
81022
4854
68912
38850
99142
50953
42078
88907
3658
22886
19930
51957
68927
54756
3634
33523
46984
17443
49802
4554
84468
25477
8564
3261
26318
92691
45911
72212
46875
43433
48745
12575
23613
96151
20030
75134
34433
6636
37961
56664
78254
91852
84269
60768
58776
14770
17787
35260
6139
52815
77730
54443
10163
43338
3584
62732
81881
54125
19597
43909
64882
81827
59363
75077
86137
23653
83795
55428
38672
66786
37259
88009
35659
95299
75879
46563
16381
46206
48375
18414
71789
47235
14892
7649
37093
6098
76956
17698
69077
46520
14682
87106
73941
49637
20390
78732
50489
80571
11072
88860
4275
14865
10188
35144
44422
59535
47615
94777
45338
72706
86394
14404
1380
6199
42565
80358
48071
74625
60609
4047
23602
67392
57807
31442
91418
79692
48608
95607
9224
73560
40723
73039
11497
84934
643
22116
75484
12765
61259
80645
25027
25747
81730
58191
86031
21027
84464
51142
84136
59062
57927
61709
37252
68823
57121
24145
54543
70087
43088
38515
64169
21546
14493
44036
44435
17173
98632
58983
95790
13409
78293
10053
53107
58346
4
53660
34941
82949
52813
98524
56436
32216
48137
65154
80636
23164
56851
60973
90318
66352
94726
93334
65377
51448
32109
73436
60867
56414
85719
49794
3511
37321
17225
99000
85138
95804
11266
72418
56662
68072
3544
51984
34
20507
6604
55018
57610
55371
38666
79465
41118
99766
70380
39955
48023
70070
221
69479
18839
75321
40315
60291
63464
99727
43202
70748
92522
88803
27825
28416
34943
83293
75066
29601
54482
39231
46051
46055
63889
38326
45472
84788
78852
45524
91650
37392
34354
85219
98933
93405
68027
9519
69624
92162
37832
68785
67337
37559
92410
99154
84067
29379
23967
52453
25364
4798
64473
85532
72838
11174
41853
72316
3152
6254
17981
89216
17343
2798
52493
68265
29618
32467
48845
62637
60837
70489
23598
29268
88156
40839
57017
67018
37524
19537
92303
78274
81413
73491
50867
55364
22074
94302
49270
16346
70569
89875
65459
87088
43260
67968
8134
75397
613
86716
71638
56517
72649
14422
10714
74513
42002
4253
50101
47468
96212
72167
77331
69517
88348
88228
58051
40092
75893
99422
6947
869
65762
35140
96967
64987
63312
37733
25245
45226
15522
98798
46917
66359
32706
81947
87231
71392
22018
61433
78309
10831
51033
83129
17465
2704
54568
3782
91480
78930
32840
33676
86496
29042
638
40848
77356
38260
93919
49803
23078
49966
42997
74835
72174
7478
46273
38349
49522
58707
73749
56991
7996
68115
28418
17996
68703
76504
26229
79793
542
86927
63850
70185
95649
2390
55199
24642
29638
58707
9585
36212
11521
93338
66895
23480
7337
41959
94061
41104
15052
58417
22500
58684
24388
32556
13737
99014
74915
54027
84733
12321
32672
89434
1753
71606
21810
17589
62775
41452
73140
92144
68550
19823
84632
1453
63602
64734
93699
46142
41278
2839
17539
99055
184
20613
93397
58185
11898
32907
20716
19493
42995
38190
7497
89952
92792
42827
21488
45801
71310
4884
15195
75489
47067
17321
53634
36820
73036
11519
34123
42572
62012
43328
89025
12172
41144
3688
80517
57900
9838
30372
94301
56785
33734
80079
20449
19436
21087
19715
74114
348
11081
85056
82661
82323
50181
18540
72740
38609
29117
2986
91061
34054
96865
66727
79031
93284
89301
98709
85867
25788
32801
22600
90388
54937
93905
57153
26945
46006
32904
77498
71219
94225
34372
12522
54806
54092
10375
4378
7905
81021
74397
48060
21247
32674
59121
18204
11088
20588
35300
52893
67908
18024
74497
90743
92753
86441
67696
31117
5243
52115
30982
60477
30356
92776
13641
88399
11867
86307
36864
74737
77374
39292
83633
73281
14941
77947
31942
25852
31380
38365
60488
29236
2739
9590
11291
76101
67334
13740
96309
33053
57501
5804
93886
196
22848
45406
52119
9603
63166
86884
58155
89543
9601
69287
46246
9029
17552
99828
77391
47858
85046
89695
83032
33586
19748
31561
34183
46239
46468
74920
82722
37656
86867
43222
61729
10953
22176
35523
80440
39879
60494
99719
13573
72343
35587
49553
85970
69314
98301
49373
78963
39121
37074
55760
77786
32914
60199
13044
50335
86598
82777
58115
48912
5037
91264
57733
89900
90384
26354
47331
18336
91298
19980
15771
54137
82079
48671
2493
37695
62646
97763
90379
60469
10632
38204
14366
41305
24270
91436
25504
23451
59408
4369
67023
20580
11466
58229
91306
56779
95404
12073
23125
78859
49231
27176
11094
19221
15093
19740
99434
92130
57333
74458
57884
56208
48734
56954
18392
65132
90092
73645
48060
53170
59701
96347
67414
44791
95924
4077
37010
89885
44506
73967
96016
22518
90474
79400
67518
15798
64500
65076
32530
60132
52697
15393
61211
34554
65052
88233
59523
14524
9469
64341
96822
24250
86607
15298
32525
53190
94687
93302
72745
5196
41294
7330
52802
50720
27881
6215
9106
96484
44282
55466
85179
5538
27824
48548
30633
45042
58209
28919
43595
1621
52993
29411
82520
4955
4811
56724
9337
55839
29640
26524
71549
17757
93205
75495
49594
7499
49695
49626
74170
14427
41791
93272
85130
69088
39229
98534
91049
60539
65852
87575
13720
25979
65227
77030
21550
5613
22742
22105
38430
6488
61044
94982
64200
7281
79693
19547
90198
33776
87171
27695
38548
8012
64116
47273
7527
81063
6823
18069
27297
392
81125
69637
80304
56549
98532
80327
75925
66193
74629
7953
33783
74195
44004
17177
18674
35278
31573
57691
19247
97695
30059
67950
82160
735
14648
63659
12645
55388
8941
55387
54724
15927
63554
6538
77117
89776
64708
39279
43817
21517
27253
56216
28117
53768
30091
54735
409
68262
76702
98543
18204
11871
97856
17928
61816
53346
13124
4285
27386
40472
30827
93574
31884
63326
77266
10162
31077
75395
85580
36492
33817
39496
173
58597
52253
39378
4679
37933
70424
46269
59662
52035
49694
96326
90446
98705
64437
57132
6747
25227
34643
16682
16703
21235
69200
15085
38052
97040
16918
44568
10947
23743
28856
51950
77681
12379
27442
18590
66577
30319
29985
62269
37899
39032
60752
96332
35851
72783
55383
22700
20911
23560
31600
84620
52091
3656
95415
85984
95794
40858
1575
9834
92896
19294
50414
38192
77675
29075
54715
7655
51482
7413
50962
17392
24472
22460
12137
85807
9117
18819
65403
57009
70852
34136
46811
79340
80288
52311
88812
20792
53233
48576
73483
72140
39385
13630
47251
59620
79535
6287
31413
53484
27201
10643
94037
8638
55648
15692
95858
48571
41566
58979
18921
34194
30593
43025
27817
84015
51411
83477
78787
15284
17536
71062
46491
80083
23006
27032
26236
37068
6480
64375
1962
93307
63684
1808
45711
53256
92954
35766
77382
19849
335
8688
4886
7375
30052
38233
9847
67703
31720
86832
16573
59136
8846
12271
65560
12223
6031
76280
78164
12440
36832
40516
8675
2129
48220
11863
80442
15078
60419
96519
3439
18065
20006
56557
95376
113
17494
30219
27961
18093
80947
70084
81065
84308
27921
57903
63087
14528
83046
73119
42727
66748
27905
84508
39092
18981
52227
64668
76971
71613
92811
36239
13765
4380
46022
33073
76284
23316
55341
63509
28145
93789
78872
26403
34299
96293
91472
94050
35367
72717
81142
49788
12305
81533
74984
7022
15822
97226
67418
2788
17928
96330
65535
36408
17625
67225
94568
92136
5846
51341
91395
82391
32889
74958
71449
85943
40316
75682
61882
35000
5903
44645
88603
51241
82447
49843
78286
79633
22221
25341
72880
75627
80923
33088
22469
1486
31979
7408
96292
38228
17030
51716
19621
74923
95770
77381
18619
48575
70951
77207
98360
96061
32650
79750
53720
16367
51528
30811
55002
57062
93542
76258
54227
83815
77838
82565
91765
61821
610
69700
62295
59674
64182
44293
86911
6673
24490
31583
69938
78451
55472
43005
97754
72812
56449
59207
39558
87552
35803
6249
37178
63191
86342
78370
31235
10213
25454
92114
78575
13087
15240
43101
16381
83753
95935
28242
29294
11139
65604
72707
9718
3831
19733
109
3144
959
26114
45189
45682
88579
9924
66645
71705
26932
3367
25086
18695
69476
39125
18012
46848
19640
87368
42071
76357
62330
921
23504
70953
24629
71225
89381
97448
28005
28756
1442
27725
83085
2526
67337
2409
52316
43224
27544
5614
23586
15557
62704
93226
40677
24483
94778
15240
98446
39879
41898
25641
55075
67241
69243
36387
43080
48302
56441
56565
98519
90791
61913
91534
38001
71241
58385
83284
10327
77458
4419
29145
82733
16177
52058
18115
96752
29831
25862
66419
22375
30047
77324
85753
13982
71006
46908
43529
93359
42094
93680
9173
71736
18268
63218
46114
10785
71019
9475
44494
92229
33685
2797
16808
15338
15379
34507
79533
36001
24511
63264
61439
4457
57122
31021
846
46426
16257
28224
96629
8892
79545
88805
5596
93393
84746
37324
4192
82328
43251
97005
38071
31424
70636
16537
73490
81721
51436
66743
89480
64831
33433
6761
21112
87898
78092
27190
42048
28783
21769
99469
33948
24345
365
60971
15582
22741
53215
66642
34657
67761
24501
18189
92150
19022
40524
14415
40610
29617
74963
28681
3862
11965
34074
41720
7122
87878
93290
12303
93047
26404
6876
83774
4360
12304
45201
59362
49129
7559
65376
91675
62499
68195
72870
91929
18434
33244
69967
56989
72063
74174
17605
30891
97852
94645
52960
49865
17468
4716
2583
52821
2427
47880
22697
80932
12709
54244
58133
67173
1956
95913
80660
40618
23644
68075
65974
90300
59851
82655
22548
80723
44044
8847
31707
63230
26937
64185
38063
97213
15881
3836
86532
33913
55063
8712
36704
56789
28702
83769
77227
46606
79700
56394
64346
22457
286
10239
91781
14361
85932
45579
39997
13179
65492
80952
83906
14182
19207
78039
23446
54834
73201
39899
17455
73620
10165
14838
32177
36188
88016
91691
63002
18602
72070
59875
15935
30730
32713
45137
30622
3154
93869
89697
95646
65914
47216
3740
73471
31822
20968
33639
26960
69367
12391
75378
27600
86555
63640
34566
61349
80069
4006
72231
29528
37547
6456
18006
81898
92392
6006
28500
52373
71247
39305
26593
49910
18692
51579
99661
36859
40609
75071
74328
3476
76421
66987
13836
34925
64461
79204
56964
52314
88279
64220
25585
95904
58074
43960
85115
27169
25774
50536
45107
88427
39254
9538
52645
69967
47533
94123
59485
99194
57447
16758
67053
81029
51124
74601
6808
35654
56746
98580
20461
21523
67617
8344
10382
20903
74759
18853
8521
21318
9990
68211
93196
32771
91300
51506
97229
44334
11241
99525
67263
13437
61796
47320
91839
63945
24140
48800
56234
2929
61160
18119
19942
41782
35082
63025
27411
55554
91559
10085
64440
50227
99997
14594
10584
42383
35281
10622
76950
85464
54443
4306
13664
12419
24003
44715
82280
15036
17655
74146
31795
84321
59249
18653
23158
75683
65820
91523
79835
29486
9584
34918
16676
80400
62775
80198
69856
69278
34143
60627
55024
14508
39490
65386
56871
91080
65175
93893
93182
74191
95407
83459
6490
51104
15584
16869
68445
59780
86797
46277
87090
42168
83428
95881
82004
3954
53557
23386
38710
92254
88750
35270
81507
84156
66843
38450
43078
84795
28013
38474
19540
73345
61532
25280
11531
9508
95456
60891
27667
15516
40161
43802
1438
4376
16244
6288
2117
42733
70445
48149
42377
57768
49454
32291
32703
65051
36799
39734
57160
19365
79032
34888
67516
90954
76090
90211
68304
55268
48108
7422
409
93273
95712
92678
21447
90475
81860
14031
80544
44004
95194
43034
62850
68001
97880
84217
76327
56323
15471
71087
71288
35350
33692
58832
91860
13168
77620
26611
22455
96763
28934
43372
14104
97885
26721
73913
36693
27711
25838
53920
10457
74859
2497
67306
82712
53443
58223
75429
92231
37211
76318
28442
95578
94444
33871
54620
105
2880
59668
96317
57222
19091
35277
85613
9156
27825
73534
97216
91759
49308
27045
15572
17700
86758
60228
21394
36281
17787
82859
83082
97739
52901
88223
97400
3518
16102
68279
59374
29822
33998
68085
15869
95897
17129
73593
5558
66448
2370
15971
27913
90686
11075
25083
2905
48549
75400
96824
78136
25551
60298
57023
85348
17873
84515
77078
18033
91743
62755
7084
28016
69046
9435
57237
52725
7735
63076
90559
55936
61644
53935
64012
31660
7628
55604
19634
92389
1933
83511
48718
92621
88425
71778
97779
69084
43258
54665
98319
70891
67628
61769
85285
4919
10714
90397
652
32383
35520
75997
92353
63310
75385
39778
44264
4969
76220
74092
58489
13001
38883
40709
83032
58084
11297
10459
1805
51348
86875
85218
93616
14058
50782
42624
39187
42947
37831
10037
46648
89931
49071
73470
22799
70066
21274
22555
95879
19189
66701
74669
68834
66220
31859
83194
18358
53352
14895
61453
83685
43551
73403
82039
25018
17638
39100
10068
62173
50770
69046
79206
83022
62219
87298
47463
42718
91160
74794
44487
48974
46617
40534
66548
40538
62814
85582
43568
17910
94876
79150
6866
24851
50136
63590
45460
82979
62238
74729
37534
80913
381
27280
84236
93203
38250
28518
95102
5989
99749
50301
47059
83030
40089
71055
53978
38733
1816
80067
8779
78842
82210
70165
63115
66475
92672
18106
98576
69579
42173
36291
71023
75086
47258
1680
59112
894
52270
49169
47621
23754
46906
31646
52278
62004
19423
28253
81473
95507
89579
14490
57228
79593
32692
2953
23992
3868
30137
64461
55355
55524
40976
10639
79384
92534
76095
3185
39949
84516
12758
66901
2830
77337
90824
20451
40602
45386
16434
96232
89844
57776
94157
40178
84067
51455
83287
49623
19201
12960
68303
98429
65008
32864
65300
99114
45899
81936
2454
64556
45083
3379
44688
57896
62486
14343
62491
34006
2423
48674
94648
27565
33188
56744
32196
48848
12874
27764
33692
96997
74974
70137
42768
28232
98643
632
27103
87537
75612
87182
64000
27767
12318
50864
53319
71542
63130
65303
26734
73441
76143
61126
32247
88523
21360
11795
72040
94079
41131
43608
50287
74673
66064
3301
40974
7983
62131
50922
26096
75257
60228
63641
2706
54119
74451
94779
42889
86844
64330
94414
5198
61320
62456
69652
90281
49366
42321
82305
10138
29394
77296
79642
59390
70725
81723
67662
51577
51113
29507
62681
1204
44348
8708
92526
75692
95772
30012
49713
99109
36627
30709
10072
47121
660
77927
81130
66725
66259
28764
76363
26700
92995
58080
17601
61227
44078
38854
37503
3709
94432
30996
82825
28981
8406
30869
43685
62178
41293
89945
88832
20497
54158
86224
59218
24529
71889
79880
65051
21156
6085
63487
55188
60280
60847
49466
46637
19019
38381
89794
65333
21604
34699
15043
39750
68541
87068
94775
41905
2558
83560
31718
42983
48833
53311
40855
47407
96862
84781
67020
15841
44366
47020
81973
47576
27027
58929
31009
59540
93826
17976
93411
13740
2751
6083
39107
76502
69193
29981
79841
3226
45126
71785
3103
54299
85068
28543
57644
3494
40805
66209
94088
17836
98134
26624
17963
75635
21399
25022
22172
98082
3807
37475
12914
39266
24543
96553
98298
86903
35324
83282
87767
35197
84330
37281
12174
8327
69544
37708
88339
65196
53356
22
19006
64327
83928
78116
79986
84321
74041
53812
36687
53386
34271
28251
84254
28032
71804
93712
75293
88792
4343
73549
61566
37141
88987
56092
48616
35650
8692
80297
52966
60420
66904
32538
20532
33711
6512
17389
4909
86756
32005
19138
5692
78490
61457
395
4530
17629
8741
18718
92861
34168
58813
66376
4623
90443
86780
97865
32463
64863
85107
16838
27261
47990
32561
59807
44623
84153
61981
88657
40015
67670
69208
48749
78833
42446
89896
36248
1000
68352
26613
77093
62274
29652
97960
8560
29973
54220
60868
15131
3259
44468
94460
56053
51314
39045
13404
10117
47668
32948
18444
37268
45114
73130
29936
39119
49386
93079
47857
94690
10123
36071
82267
62302
89145
3399
41329
13182
20668
21532
47175
64874
64051
29800
21463
8740
70734
40934
73286
47078
6486
57449
20358
82934
26743
22749
51179
10935
76514
63218
9923
99271
81933
26377
63759
77797
75932
3309
5972
25677
67845
53818
18168
34037
78367
15279
95734
80524
62093
71044
77514
60401
47024
7041
82066
85459
93432
96107
31856
16968
90022
39815
67131
25644
19999
60890
31622
77362
54869
43839
12069
12428
42894
14316
97936
57415
10363
51041
45755
88041
36711
79881
6166
6105
97694
67974
4369
10059
3780
17655
62323
79415
78729
16707
83272
41310
70230
98216
22105
6878
72428
12043
55245
4417
44388
74142
50034
47301
40735
36110
52165
8654
14992
68739
85120
12286
93469
39349
86282
76164
9106
3919
33545
18934
51722
98863
14470
10387
30097
3430
93251
39083
24523
72539
74279
36225
25292
74102
91201
31638
55826
17594
21588
79849
99838
78441
49964
70471
69989
19290
72915
47512
88894
25757
7245
15274
14230
61634
75225
72365
25665
80559
65541
23835
78953
21314
29617
27558
56371
87275
99318
36856
31289
4820
37459
11202
42195
72951
3062
43194
89923
3578
3319
98987
27663
40569
43109
70168
46542
23557
98531
57098
15425
67
43632
72254
27269
39342
79455
77380
58024
10579
68691
7108
63409
32512
54069
89090
5398
75351
7
66893
46425
24146
22469
41791
28263
48943
18150
69150
89758
11058
64811
74226
73435
75807
82171
66442
48600
54836
74340
5209
16023
34675
39091
426
626
88123
74183
80445
67017
92320
52307
55811
2084
6898
62425
4939
82896
7848
34582
79425
58222
14384
37704
66415
88491
54453
12949
44965
3013
50432
30723
92854
97239
79200
40764
23583
53412
2018
87680
98685
40540
93058
85593
29933
95258
54635
33436
9322
7692
88678
6004
352
20171
18985
82430
99985
49736
50487
78189
8053
68821
24254
37009
26536
54204
95025
43102
6899
28556
11942
80881
28273
16778
46984
22804
75319
41858
10764
69198
27456
83090
21768
91012
9579
98541
73029
16698
73290
54794
76033
8349
3142
98146
20458
73668
78735
81759
78305
16945
93489
41495
44244
93617
28462
30557
94194
79675
69871
87641
5117
18918
42396
16877
72359
13933
28691
79634
55529
96755
1437
52548
29897
89983
55088
42682
27376
88216
9251
31745
14572
61940
25216
15728
78511
57337
89167
25581
19730
48273
85269
64370
39692
39972
43866
86999
79622
74652
781
54070
75022
36587
49698
76779
27733
51236
4209
80050
29001
93312
34181
71210
95053
5703
66214
4270
42026
5145
43983
53559
50194
2144
99905
85937
99475
41471
69179
47733
40524
62483
75266
12026
23113
81397
7846
91758
83932
22768
93135
41481
55713
7408
65
33994
65429
21736
97269
90926
51383
63275
10636
79463
65205
54191
89925
23006
78154
48309
5348
27936
59706
98062
82879
87392
14254
13574
71615
82135
74275
89920
7603
23536
83497
69202
20804
5552
85169
48973
18371
56252
64218
42057
71939
97323
7164
82057
4192
86273
21947
43247
37391
96614
6813
56665
7936
84495
40080
88751
37463
56952
89831
69588
54949
10657
63488
9723
76485
89581
66993
69739
81256
78749
1118
32582
27712
22495
95672
79737
90763
89772
19854
22800
43912
37077
14846
795
80397
68291
97988
60907
54476
36914
62238
82110
96478
86991
21860
61264
25244
23198
17031
86325
10032
58751
31224
2981
65128
25887
37
36491
79296
27110
25057
78981
38512
60873
48174
42646
99636
61011
63205
45943
30998
47999
85240
18336
90420
70568
14817
23228
86234
20541
99935
65093
33682
16648
98805
75246
60139
83784
82188
91499
63980
11302
99986
90001
7394
81353
24608
58927
89439
36693
40519
48943
12765
68628
55378
75964
81648
48997
10720
43822
22972
6087
7081
26309
10172
96785
59993
60578
49855
6028
83206
