2117
7516
9598
1445
9883
8885
4730
1697
2290
2828
5335
6047
5039
9632
5502
5089
763
3527
8552
8527
221
6853
405
9764
9966
5470
743
6103
5792
5109
2950
5906
2208
3878
3821
8148
2736
3276
5600
4926
9006
9780
1594
8726
5058
9167
8742
883
4487
6211
7585
8955
4295
9561
1909
1385
5051
1234
9933
7081
9384
6321
9984
5809
7563
3363
9428
6389
4419
5384
4826
2235
4262
7540
3762
2506
8702
9260
7961
8407
4022
572
8513
6778
5539
1273
3252
7056
5826
7315
4462
7319
4461
2744
1432
9091
8081
4827
9682
7537
6440
1932
2309
1428
8963
3034
3939
4550
6029
6468
3511
5414
4554
4683
9439
3491
3098
9391
33
4123
4602
7113
9375
6859
4981
4334
1426
6913
9689
7348
9863
2756
6842
9792
7056
1963
1634
4471
1953
183
6482
8405
184
5694
720
315
154
4116
6207
4080
6648
4800
1268
6339
9807
5626
1903
6404
8259
916
8622
8873
8093
2742
7657
4465
98
6506
4729
6389
2370
9399
5004
6192
6658
511
9171
9443
1241
7097
638
2082
143
9897
4854
322
1633
2051
2015
2962
7202
4111
5079
219
4429
8237
660
1202
7508
8346
7931
4662
5130
6129
1401
5313
2690
578
6170
2702
6622
7326
5348
3516
1524
6103
9642
6687
920
1411
5191
6032
1902
3181
274
4599
9369
3724
4762
2496
3349
1347
6787
6769
9506
4543
942
6521
854
528
8454
6065
8849
4199
5854
7527
9386
6777
7845
6982
8079
8662
7182
1998
6254
302
9474
2615
4329
9247
6188
4795
2450
4836
5363
600
3485
8983
9532
9708
3997
133
3942
191
887
5685
6439
5650
62
5821
5577
9935
1999
2837
3590
8067
8237
8341
1183
2340
9778
9355
3009
6275
9636
975
8864
4620
4245
781
5558
7538
1246
1331
8937
3764
7873
7557
8171
3298
471
6037
5522
9695
1693
8058
9936
8161
1125
553
599
766
5420
4293
436
1481
5046
1377
5202
8841
3753
9097
6501
3974
3913
3247
6534
6082
7448
3438
1357
3285
1365
6152
7861
518
5663
2780
8968
4463
8578
1934
8922
1260
7817
583
5333
6822
174
1127
5490
6296
6820
9102
7465
8946
9564
4622
359
7860
3044
5478
129
7174
606
7352
5089
581
3479
204
1392
7583
330
4335
7871
4678
5127
7909
2181
5516
1098
8951
8332
6447
9198
6430
2755
2311
4405
697
2853
2743
131
7267
2717
7080
762
8699
6535
6314
7649
9208
3223
9214
4895
3220
3016
2017
3823
719
9919
1340
2780
4627
5602
8688
6423
2330
73
1603
6971
3589
1618
4391
824
6704
9994
7980
1944
6603
7803
6984
5745
5366
440
6954
3024
7150
4661
6175
9414
38
7810
597
3639
9373
6288
3249
6775
417
2074
1960
1238
5146
8384
6373
8738
7963
3291
6315
2726
5130
5015
1919
896
4574
1820
8365
3795
9949
6371
4335
3681
8057
6595
5116
3738
5551
3576
7018
315
5563
761
8471
6814
982
1653
3799
6172
8483
8463
333
8960
2452
162
5141
7614
9476
1580
2909
5688
9668
7724
7979
5117
5797
8904
2667
5594
7918
4695
1397
4187
9228
9497
1254
9100
3137
4983
2633
6231
3529
7931
4120
1099
8027
1568
5559
2345
8361
4438
9373
4760
4631
8931
3728
9609
3475
2829
1965
3957
5176
2487
9971
7068
9345
4237
6998
669
1337
5174
8133
6017
5487
8620
6056
1560
8480
3389
2611
2055
885
1611
8410
624
4098
6159
8118
940
8712
9404
4867
3737
6753
4951
4482
9400
2100
3334
1689
3333
1943
818
8232
1823
8536
5490
4926
4612
978
807
1874
7315
3154
593
6340
8140
3409
6508
3565
104
6028
8764
1784
9017
6
4688
493
1746
2400
7233
1230
1342
2031
7953
7021
8689
7431
1184
2601
3973
9821
891
4943
2349
4342
5846
6060
9312
5521
3704
6944
8111
8985
9492
5785
52
8739
4124
4476
5663
7749
4415
6140
5670
7221
7967
136
1277
9494
9927
1982
8554
7834
1383
9824
8401
4250
1954
2686
9541
3044
6326
7940
5578
1171
9628
473
2361
4664
9473
8717
7977
3947
9020
7628
6645
9910
5263
4703
903
342
8792
6081
5856
9332
6630
7548
8002
7578
7484
757
7593
5384
2163
7014
3935
2571
5412
7964
9669
3841
2283
9272
3743
1145
9087
2038
4668
5314
4730
1476
385
2412
5789
3417
6469
7401
3053
6055
1290
8002
9747
4867
1189
1457
5869
8173
4841
3420
6257
9204
625
450
2597
3806
2567
2528
3293
6718
9536
9545
749
3016
737
5175
6648
2962
4118
8402
8832
2650
8760
2305
7010
3607
2560
4449
6398
7591
9096
3860
9525
8022
9838
2077
7524
4434
8900
9190
7967
6389
41
4288
4354
9891
9864
1363
4639
9004
9248
3230
5383
6077
3741
6810
5365
292
8504
3338
3250
6706
1341
860
2915
2139
3567
6697
4133
6020
6557
4910
7681
1838
5482
2316
8837
4002
744
157
281
9445
7081
4756
6607
9246
4268
849
9722
4645
6570
7443
8902
5382
3691
4815
9838
5831
50
8170
3838
7088
8194
160
4094
7233
3424
8297
2398
2902
3768
1393
9107
3040
9877
6053
9236
2452
4579
3380
6542
1821
3058
4111
1794
7103
2774
724
4874
9952
5883
7071
2832
1865
7817
2774
7508
9144
1990
6792
5581
9372
6749
4943
9881
5300
200
4568
8170
7150
865
8857
7049
9417
6638
6596
4645
6921
1133
9133
3133
6367
1796
4368
9566
8562
5198
1456
9463
2278
9923
4557
3118
9842
6193
3252
3631
88
1787
9289
7692
9438
2542
2592
4184
6097
3293
2269
8179
9569
8710
7993
7295
3214
9499
7579
8435
1380
6576
1603
9193
4400
1669
905
7680
6606
116
7782
1603
526
9775
2196
8587
2541
3775
4044
5781
4839
6725
3990
748
9427
4212
5317
6814
8610
228
258
2469
4612
3754
8582
5151
7753
9015
7994
3665
9136
944
9907
6366
1630
3179
5453
1660
5719
6476
7858
1872
5078
4784
2972
3658
6436
6490
7779
6828
5182
1377
5124
1532
9259
9704
8985
1564
3585
8011
2717
3518
8335
8791
7205
6869
1646
5143
5613
7875
713
7628
2625
7941
8276
1734
1125
3499
894
303
911
4911
2232
9046
5200
4685
6751
9036
929
6790
6737
5213
1576
5520
5378
3461
9396
4282
6443
6566
2255
2088
3673
5876
1230
8262
2738
5043
6125
9190
6275
9085
9050
9592
8681
9935
9734
5366
7384
8859
8230
2965
6948
9262
852
3335
4778
2954
2528
1596
1302
8883
2747
956
5868
9566
1407
8101
8503
128
8156
963
6499
1645
7307
3720
6990
8291
4742
547
6239
3909
9560
3269
6101
2187
5929
5307
9524
965
9799
4635
2399
9141
2799
6594
5072
263
8846
9600
8989
6765
3698
4727
1106
8131
6736
7416
9009
6450
1615
3085
288
2940
8499
7146
4491
8489
9179
2758
1531
712
1785
4200
6492
1761
8521
6343
8280
3508
4338
6036
5299
4707
8751
3468
2924
7917
2927
2613
983
1706
9948
8530
8179
3167
4547
5862
400
5658
7126
5607
2273
8754
6339
8273
5595
3238
6143
5625
1071
9146
9233
8420
3873
6857
5609
2033
237
69
8870
8306
2189
2161
3437
7789
311
2110
4474
2415
5963
7803
5566
9696
7171
9673
7830
6001
9069
4991
3021
5933
2048
7299
8063
5521
9568
5564
9727
2850
2820
4695
149
6253
3451
6428
1756
9080
8509
5678
7359
4451
4789
8997
1501
462
7569
3923
6840
5818
5498
9792
4603
8175
7028
2835
1159
7560
6493
9552
6904
2371
7599
3820
4442
3414
3246
1320
4965
1683
5877
3678
8763
4679
5009
2308
8656
7226
2350
6841
5686
6157
1687
5622
9703
9522
8965
652
5569
2540
9142
5405
3887
5543
3352
9153
4922
7247
2108
2727
8716
4547
1800
478
1167
7655
3619
3525
1300
3500
6670
9362
8477
1644
4732
9195
3361
3523
4677
2034
4821
5578
7996
5184
7024
3934
5016
1662
4579
967
3457
4706
6978
4276
9440
2951
4616
1890
9118
8853
3413
2027
145
8949
606
8285
7004
1871
5656
2829
7735
1421
177
9501
1797
8643
7320
4071
7296
6591
6926
4557
1860
5577
1254
1772
3008
1521
3911
6800
3492
7820
2655
6836
7880
3705
982
1745
6723
1359
575
7922
7280
6785
7618
5548
6662
2960
7056
1945
2216
4566
6100
9568
222
7222
2680
4360
7176
9350
4276
7541
8160
2889
5583
7048
4807
2251
1650
5451
5375
1650
3280
4985
3692
3540
2614
976
2720
2738
5704
5289
6994
6039
3530
1828
6869
587
9689
2828
6020
3734
5910
2705
8434
4050
4392
3231
1820
4987
9727
4201
1458
5568
9371
8677
4972
7999
9594
1450
9377
172
4665
5222
2552
5403
9529
6987
9532
8806
2453
9761
2135
9594
1387
4577
4451
6586
3047
7043
6532
4590
7943
6958
7639
2348
7326
6500
197
1062
3744
2840
9486
1511
4523
7714
3006
1220
8971
1361
3615
7279
6475
9834
9798
7992
7357
5180
5226
5693
5894
667
354
3889
1633
9639
6035
6998
2987
1470
930
2673
7154
8158
1961
5176
3319
8978
7638
2127
373
6392
6569
9104
8400
8189
2778
1855
5249
5569
7200
9788
4901
364
2838
2876
897
1753
2024
3621
6545
6256
845
1865
7196
8054
9083
2981
6365
101
8624
9494
7857
475
6279
4299
313
1273
8311
4051
2225
4819
1524
911
8345
1862
7682
9395
8464
8201
7069
7242
237
3265
8330
3041
833
3995
5525
9449
3315
428
7974
4949
920
1287
4931
7705
8868
823
8254
1056
2569
4534
9647
4592
8457
9387
9867
9524
3272
42
4415
3284
2597
6803
7547
5392
3175
1910
5919
1139
6525
3528
6036
8678
3579
654
4115
4377
2337
7750
4332
879
8399
5538
3647
3773
1330
6046
9802
7123
3457
8010
4279
3439
2821
1612
8190
3575
9954
385
4642
8888
6916
4008
5558
1905
8435
6886
9194
5551
5941
9954
1384
3220
6811
6217
7037
1158
1299
4733
96
1614
9424
2956
3934
9200
8175
8
8379
1497
3237
3747
3158
6907
3907
9951
4929
329
5139
9472
1690
6839
3791
6838
5862
2027
1716
5718
6496
1828
1473
5739
6337
5290
9411
637
2553
1875
4636
1729
9332
5713
7806
1257
1736
3363
1403
7184
5126
6583
296
3133
9864
9871
1918
6783
6190
4014
7182
514
131
6817
7309
9515
2586
6981
3688
9920
4367
6081
2051
6466
1898
2316
7197
1724
2839
4465
9447
8803
6562
3724
4738
6666
200
7758
4547
4270
1182
6975
717
2011
5236
3808
1923
9411
5808
6103
6883
5273
4457
3359
7229
2711
280
7142
7248
1964
3602
1761
7432
5494
2878
5091
2367
8144
8797
3268
7823
292
7034
1486
4324
1115
4272
4843
6025
4580
1717
5086
2686
8106
8379
5166
8182
8125
9206
472
7242
9551
4967
2161
5306
5131
8249
6432
9422
6794
6333
2338
1388
6263
5422
1198
2887
6312
3518
5969
6844
6117
8951
7713
3599
8386
2077
8888
7639
4855
2595
3139
2899
329
485
6354
5238
7265
148
1852
3682
8252
5215
5483
9267
7595
4438
7427
9952
6558
8003
6792
8730
1449
5586
2554
4445
2390
5648
7698
8824
7968
4206
5523
5375
5489
834
2031
5996
5010
4942
1174
7191
9374
4784
5189
852
3155
5105
4989
205
2163
5557
8755
3149
3407
6013
1285
5993
2032
1781
6710
3167
493
3617
8792
4643
8793
7521
3058
7024
3247
6832
2164
4288
4785
1360
617
1643
5158
9403
7538
1805
7769
8026
4435
8481
4778
6292
2562
6030
8626
5876
5667
4614
7789
4909
3475
8808
612
7659
2326
3627
7148
7535
2523
356
7809
4938
2563
6902
1241
1485
9752
4956
9541
2861
7221
9451
2313
2767
4110
8825
4503
9014
681
4132
72
2492
2248
4843
4741
49
7711
7762
7586
1790
7175
2417
7211
9125
8349
6361
2299
1992
873
2828
8761
817
5758
6669
2343
8856
8328
7034
9100
1446
218
6550
2684
1296
3211
5850
9307
6723
9206
6948
5641
1259
3010
1889
8818
994
5161
8484
713
8604
3137
1237
5297
6836
3757
605
4729
8999
3010
1174
3076
5550
3963
1804
7080
4585
5693
1008
864
7408
8700
1620
3915
1772
5787
8602
8313
2298
2734
5808
9970
8007
5747
3439
7830
116
4411
3891
873
2971
1699
6002
907
4671
8838
9127
2503
7818
4242
7764
934
2891
3911
7753
6777
8841
9406
4314
6699
863
383
7216
6807
6591
927
8414
9449
3728
2733
2431
6222
3690
5626
2643
7786
7685
3963
4460
7981
4294
251
1900
3402
7362
9001
5929
9259
3858
1753
7465
9141
2852
7224
7210
1579
7330
2174
6894
5637
163
195
1361
3044
3049
6022
3511
8887
1366
1184
8583
8098
330
2167
2464
9881
6534
2836
7465
1841
3323
812
1420
5637
3935
3366
752
5827
503
6986
1111
6871
8066
2408
4576
5951
7406
6226
675
7545
7357
7221
1150
7033
7235
9705
1436
941
6758
9922
3698
8328
5681
4297
8776
7149
2253
2484
5598
7108
6511
8951
1395
5498
5993
6111
1405
5274
8959
3154
5509
6271
5508
6040
6225
2696
2756
9112
9378
8029
3990
3316
7286
4547
3658
5061
6060
8206
70
7969
1402
479
7287
3826
4307
379
945
8258
6316
2077
4226
9315
3791
6571
3794
9681
2092
6348
9247
2378
8415
9477
6245
9193
447
7549
7650
4446
1001
1578
1154
9936
6962
2644
6857
2041
1467
8628
4745
9098
4102
2033
1537
7066
5377
813
3804
4056
9881
6357
4439
2708
790
3113
1870
374
8090
4001
9648
6125
7106
4535
7774
106
6097
2563
3881
4884
2911
9941
2760
1833
4542
8988
9168
1163
5419
4924
1157
4851
9976
7009
3522
8277
4567
6199
9610
5512
1302
3366
2401
3255
9461
4986
4197
2649
5493
2874
7055
3388
9425
2180
6071
4224
5109
9416
6833
8307
4764
22
9259
3686
6832
2404
4918
6817
7052
2707
9021
2029
8763
1628
4399
4802
8682
9681
113
3983
5570
2997
9981
1152
6645
9489
353
343
5361
2696
6122
564
6602
6925
981
6365
7851
4935
5945
1850
4943
9143
9433
5913
6300
7620
6625
4520
3097
6178
568
3583
8121
7415
9396
7315
508
3937
4266
2031
8304
9536
5079
5556
3934
1572
968
1704
2662
3964
5288
6835
4116
4653
5081
7325
7837
9022
3589
805
5237
7231
4185
5240
5541
3882
8299
5369
276
9896
817
1785
8634
4510
3587
4540
2981
9064
9287
2610
4039
9614
4373
6503
82
9160
5455
8568
1843
7969
407
3538
6288
9653
8729
2069
4089
4931
1498
6382
1267
444
7349
67
6417
1557
3161
1665
3830
8185
1022
1643
2795
4710
6751
2886
7651
9941
7592
9532
3280
3842
5434
3846
7412
1069
6538
2297
1381
8186
3923
2913
1292
6542
8969
1757
7380
6125
7875
4374
6551
3669
3936
158
7742
3808
1740
8242
3617
3273
9207
9585
6516
5549
3709
3304
4877
8867
6386
4056
5586
7741
7104
4250
3826
7699
2980
619
6166
6817
4321
8280
4651
1447
604
3895
4891
4234
1347
7403
6091
5279
9658
6786
5120
5864
8128
1983
21
6894
5728
5129
4630
6132
4980
16
2824
7590
2027
3807
2875
1329
1659
7861
4626
9598
1751
9668
48
285
6349
5022
7818
9763
9210
2332
2680
6447
164
410
3165
4722
9044
1872
9495
1935
6890
8279
7680
6914
2510
2554
8416
9112
765
1388
9395
4640
4918
9116
4021
1000
3453
7253
8006
6415
4940
4468
7015
1462
8679
9845
557
1540
1198
7406
1725
1747
6397
4517
4326
2275
1012
7699
2983
2405
1353
6688
9283
9932
1848
5325
1393
9924
9240
6160
5893
7925
8873
3146
1082
1341
5325
1251
7179
5542
979
6748
2200
9420
4719
2242
457
4426
7533
3475
3117
8176
652
25
6546
9536
88
103
3378
3064
3628
1068
808
8133
4918
6016
5458
2896
5687
4607
5857
6740
7990
5948
5306
6530
9255
6414
3911
6171
5297
3860
8822
1164
82
5713
1162
6010
1821
4724
378
3329
9460
5706
8425
1979
7285
3338
8602
696
1164
1017
1135
7555
5709
9759
976
3094
452
2649
6516
6080
1837
6129
8106
5539
888
1662
1448
3181
9712
7549
6940
8857
3898
921
4057
764
9834
8042
1266
2004
3518
2277
3908
602
9244
2239
1946
5866
6284
6856
415
6287
1312
8244
1752
7004
2626
5145
3093
2644
1844
7007
3892
4078
5234
6977
8579
20
5263
2520
9403
3797
1926
6329
3439
5173
3163
8924
2425
7953
2448
5942
5769
1888
311
3348
1788
6256
9761
8404
913
2860
87
3641
679
6143
7034
9107
1877
4672
2569
1082
4291
4
5504
5368
5000
6918
1150
5783
9187
4639
9147
3307
2326
6397
7246
7901
731
6923
7968
296
7063
21
2984
929
2488
4466
4596
7307
6787
2054
3330
2967
1834
3856
1023
3614
1497
5714
5768
1146
1200
8225
3447
1015
5251
4900
6399
3406
3860
8895
9505
5452
4461
2753
1728
8918
8154
3333
7285
2986
988
4573
7520
9094
2049
4083
5856
7141
3157
36
2500
7500
8608
9598
8826
4665
2196
8490
3281
1066
6750
6089
5904
3333
6667
6281
8390
2270
7839
3918
9999
1
7821
4502
3337
2381
5239
3426
9339
5945
8295
157
1134
8142
451
3112
8024
6014
9055
2207
6494
4731
2524
2655
3506
3465
3015
1760
5766
9963
8862
3899
8465
3306
7252
1029
7959
9373
6451
6325
1979
9108
8948
408
2273
2340
4108
931
2228
6221
4986
6816
6590
511
8530
3409
6916
8414
9562
851
6338
5708
4137
8103
4336
4721
9404
2924
8465
7338
5363
579
8276
4248
1712
345
722
5000
466
665
4898
417
3358
8082
4584
3103
8045
744
1376
381
2789
2783
5653
5711
5901
893
7010
2264
5423
815
6727
3080
3385
2750
1804
9160
1916
8877
3342
3561
8382
5747
6443
5947
1894
2529
1853
3381
7800
3744
2418
8457
135
3682
1617
5844
8946
5921
805
5939
2248
212
9750
7793
471
1467
5323
4295
7187
9683
3568
6467
5864
2860
4768
2039
1406
4204
6791
3524
8534
9066
1610
3397
8798
6704
7002
3157
1322
8931
8454
8094
3825
6753
4932
4400
5596
5098
5223
7552
1133
4570
3100
3719
6653
4600
2929
5318
6539
1888
8526
7522
2613
4475
4901
8769
4326
8106
2294
7998
3005
878
6731
1497
2752
7022
9289
632
7756
9207
5410
25
3131
9488
9544
2045
5456
4096
2468
7014
6176
336
27
6834
1223
3894
5557
9880
3285
9744
3064
2844
3052
1962
6546
6920
6144
6175
900
3004
8612
3929
9820
7157
7948
7436
6664
258
1889
7019
7817
1958
4507
1935
7964
1464
1304
1668
8417
3284
4182
8947
729
6329
7016
5364
7707
3781
8770
2099
8738
9414
9123
8612
5738
6712
3727
895
6953
9579
9638
2625
4055
3117
1824
8850
9457
2140
3624
8035
5011
6065
9394
1456
6799
4724
1332
839
7828
732
8355
664
9648
3394
112
2663
5827
4348
7679
2994
2916
6688
8725
741
1041
471
6845
1314
4480
6206
1236
3019
5199
5549
2310
7494
9381
1560
6156
2600
2665
8310
1573
2954
9047
2802
8265
6730
2675
2489
9939
3637
6422
9193
229
6373
4507
64
7479
9857
7590
4821
2571
5647
7942
5753
4306
2970
9346
577
577
6524
402
1731
4117
2312
4505
366
7638
5240
6414
7345
5480
4614
2259
1328
3807
5413
5057
6235
1099
508
5607
7351
5809
4860
401
3946
9775
9013
6724
5170
4112
3655
3511
6434
4038
8309
8018
2847
939
9928
1810
6653
1200
9916
8835
367
782
4208
7553
7645
2578
9376
8688
9235
9191
1385
8152
7571
9517
2342
3067
6631
673
8908
3958
809
6999
9573
740
1140
4147
6772
2556
2725
968
6315
3567
3701
4057
1032
1744
6690
4803
2990
5205
961
4354
3073
7239
7717
9815
36
7923
9863
6144
2295
854
5615
311
1291
347
8233
8403
5820
2022
8274
4719
2177
8900
9643
6847
5963
4546
2840
4066
6709
1815
6176
6552
550
2845
9105
2291
8238
2694
9200
687
7338
1552
3272
1905
8129
6432
1053
4409
675
9845
1741
8676
2145
2149
3981
5174
2990
3888
6218
3539
3793
8452
6981
9278
2230
2818
6156
9657
8156
9929
7673
2576
5482
9224
537
3137
563
6469
6109
2715
6666
9117
3688
3548
5285
2985
1861
3072
3998
725
7216
2672
1190
9869
6491
6080
5184
9132
8397
9147
6247
613
600
9735
1105
6819
9179
3240
557
1444
1011
5895
3042
551
4482
5940
3209
3186
7346
8055
1491
8786
4912
809
9017
858
5011
9064
1214
844
6926
4152
7191
2006
3389
4813
694
5407
1961
2676
5764
3390
4887
7399
4830
7696
1184
1641
3898
6429
1749
2033
4586
7438
4052
4724
7129
3238
2537
8104
8886
2852
9942
7837
6556
9469
6810
5925
3881
9198
9148
1508
3121
6468
9412
265
679
7487
6176
8305
2398
3578
7187
6548
6058
7259
2619
1050
9500
3423
7089
8793
6635
9286
5633
701
8478
9406
761
9799
3331
482
7873
2438
7351
9010
9044
3837
9088
7528
7921
6739
2066
1580
8956
5905
2468
1347
4357
9271
4456
9063
2582
930
2484
2512
2635
2571
9670
2194
6777
9220
8805
4236
4376
1283
615
7239
9552
4569
977
1984
1117
4587
4790
1537
6142
8833
6640
891
8701
8316
3774
7025
2226
5093
3245
9708
8446
2725
7715
8609
3140
2988
3610
1717
865
5475
1224
1080
8450
3200
1602
7331
1045
6454
6091
1380
7111
8242
6130
1136
3830
7731
6613
8832
7403
8339
1049
6034
3864
1919
4868
8144
1018
4499
3784
1857
1450
1485
9736
2558
841
1390
9247
5701
5703
9073
6172
1015
2344
9618
8124
6250
1962
8987
9627
6365
3706
1792
4480
1736
2397
3665
3124
5973
8392
4491
6735
6090
7253
2853
1880
3158
4987
9906
2967
8781
2439
5570
4308
7232
7697
524
3473
9577
9286
5719
4019
7965
3135
6676
8540
940
2515
8176
4699
6821
2968
9437
536
6782
4568
4431
5181
7948
8142
9278
5066
3174
348
5997
938
1524
3042
5654
9690
2429
228
2560
3241
3796
3574
210
8745
2621
2369
6342
4760
2766
4333
2793
9141
4693
620
311
6389
2
9866
3530
1447
3159
6550
7114
9085
1597
6281
2824
5053
3225
9326
5662
8052
6417
2404
326
3664
3569
1596
6789
5238
7713
441
2696
9886
7235
3349
7583
4183
5227
6547
2068
737
4763
4587
1300
7765
4707
2214
8549
7289
9240
8494
666
800
6208
9168
1501
8904
5095
240
4994
5454
6706
1177
5549
1683
23
7852
9394
71
8123
8841
328
9377
9170
6066
9329
4397
3494
4349
7930
1652
2773
7033
2930
1894
8079
91
5151
9613
3214
8286
3058
8296
6058
6861
4495
1056
3978
3471
1966
3509
8589
6541
8349
9535
8687
81
3763
8134
4537
3047
6134
63
4827
2800
5461
6087
7140
6075
6340
740
8046
8982
186
7204
5804
1099
4062
8082
5211
6765
6790
2222
2705
4923
9886
9240
2850
6566
5860
1198
4097
7070
8433
2615
6779
3774
5132
870
5823
9156
6311
5384
324
4478
3418
2319
3538
4808
6898
3946
8830
9609
4899
4734
600
3291
4017
1869
8934
7811
423
6084
4603
4388
4282
8966
8559
6800
3090
2331
6151
6111
1029
4556
7380
7848
5783
1219
140
985
2666
6425
3938
7498
8951
9772
9771
2983
9489
6238
1741
213
7443
4906
3067
4389
9303
7688
6149
9417
1552
2655
6905
3726
9409
9787
1232
5363
1876
681
7148
3600
8841
3277
8987
3939
5256
1996
2541
4960
3166
1374
6877
2064
9036
4530
3069
9226
1366
9972
4151
9743
1608
2460
8400
1365
8864
4394
4028
2958
1743
6698
5002
4443
9287
1044
414
7028
8840
8952
173
6488
4451
3605
7471
355
1219
8766
5850
3689
976
4855
9551
8405
8275
9725
233
2789
5701
862
1335
6517
8538
699
9245
2860
3061
853
7257
4665
1894
583
6453
2943
4551
1797
6766
8137
2577
8246
9060
5594
3439
9650
6610
1988
7274
5140
9774
8655
4055
4544
8693
5195
669
7109
760
7465
3357
1471
5425
2552
6059
4009
1256
9692
8499
5850
1064
6120
1849
2197
1062
2569
4458
5374
2373
9310
707
4464
9153
4786
9675
9746
594
8303
7406
6980
6776
7757
7960
2803
7355
7774
2500
6096
3706
6623
5229
1275
6754
6344
4908
2944
5510
5376
6825
2007
2337
3083
3728
1025
8530
2035
7160
9678
645
9429
6302
7327
3379
3767
8476
1734
485
893
520
3814
4839
3826
2800
3410
5839
4342
6377
167
3844
9480
3502
1717
6630
5212
2555
942
129
5853
1391
1872
1602
8229
6829
4138
1300
7368
9530
2150
5067
778
4816
8396
8256
2212
6542
7508
3479
5050
2252
5917
4747
8250
334
7753
2547
9732
1470
7366
3063
7456
4405
9020
4949
8367
303
1671
9745
5033
8424
2616
5277
3956
468
1938
6284
8977
230
1940
2192
1459
6548
1853
3498
5196
6987
9046
1754
4862
2906
192
3508
4359
9806
8446
1083
9789
7320
4067
4726
7238
7299
3971
10000
6546
7434
5942
8825
7211
706
2407
6077
1222
8590
623
1213
7583
3334
9598
2171
4182
9464
5363
5320
385
7098
2217
7511
5886
7154
5758
7136
4477
4242
1334
3260
3001
3314
7316
7453
825
3608
3847
6125
3472
52
7952
3579
5349
7332
2618
6609
3568
4698
9883
6501
1033
5051
7964
6447
7060
3096
2134
4740
6634
6679
7288
5925
9561
5229
4236
9193
8509
922
792
7113
8518
7646
4819
5988
1251
441
3478
6913
3446
8349
5396
2794
9180
4237
9780
7071
6161
4484
2830
1435
7498
8033
950
5236
5843
240
2915
9072
1361
2127
1296
8573
4626
8737
7510
4285
1292
673
5173
6098
8914
8432
7833
8040
4621
1738
9614
4343
9892
751
9820
784
9327
5087
2977
9025
5598
4912
8194
1523
4063
9489
3087
8759
7301
8671
5707
2258
6686
1014
459
1393
6362
7591
2696
4095
8914
2868
112
5336
2937
2711
7408
986
1660
5079
633
6602
5290
7945
5458
7492
2922
1538
1365
8836
223
2876
9847
4347
6678
6299
6051
5469
2529
4656
2222
6811
8025
7363
1101
7604
8423
482
640
8866
4730
5410
9111
1172
6489
9472
1071
2339
4776
8524
7567
2665
7376
9517
7117
2776
8434
7821
6031
7687
7638
7683
4878
3087
8402
5610
9552
8134
6740
5090
7623
9745
6885
214
536
7577
8821
5016
7520
5711
8810
1116
7232
6492
7311
7207
8896
7473
3299
5062
288
9845
6996
7131
6532
2123
2665
7950
8926
4552
7405
2631
8204
9507
6899
4977
7634
5301
8287
4084
1957
7199
1671
7764
9632
515
4407
1443
105
270
3204
9628
5704
7587
6147
5551
9754
7178
4545
8229
4012
8648
2907
9669
4645
1410
1436
6669
895
95
2098
8768
305
7862
6961
8361
924
9402
3519
7326
5970
5568
3328
127
2613
9312
9337
2673
4175
578
4294
6753
2272
7191
6202
7328
8702
4663
6863
424
1244
6376
2811
7310
3358
959
7464
385
4566
879
2547
1561
6601
7937
5065
5913
12
9899
4995
6286
8715
3742
7321
1462
1670
9163
6449
1719
9804
289
3591
2993
937
2019
7243
5784
8533
558
33
199
9389
2260
3608
9243
7325
4640
6329
3926
4113
3944
6393
4466
1721
7683
6088
8143
3031
3978
1025
2268
5185
9246
3124
2772
8017
6075
6118
2044
3767
8930
9303
4622
2307
4844
3522
3093
3198
1113
2721
733
2274
4819
706
3314
9138
2597
3078
9526
5945
5175
8793
6373
5974
7436
5521
373
5895
4245
349
390
6662
6020
7749
9672
795
6013
4360
9908
5039
4337
1102
693
9876
8888
7491
7403
7292
4941
868
8059
949
7920
7861
4122
9414
4453
4650
697
9423
5702
7944
5521
5875
7403
7179
1145
4065
1049
4437
1513
664
8820
7328
6976
2285
1893
7007
5754
688
5815
9942
1605
5000
4848
3622
706
1028
5875
1458
5221
1352
2595
6257
3322
9995
5711
3013
86
6309
540
6649
1160
4605
9312
8199
5197
2600
3923
4415
612
165
1189
8277
2488
2560
6190
5909
8297
7018
3106
1474
8760
4402
6793
762
4716
2235
2491
3048
8087
703
3962
6780
155
9754
3959
7395
3028
8290
1802
5822
876
5636
2424
7225
9452
9798
2434
7746
6444
6837
6354
1612
1003
8311
123
7056
8597
9993
6240
6683
3243
3352
7170
9517
5262
6772
9112
1146
8003
5823
3354
2102
3900
8268
6172
154
4709
3627
8675
4071
1530
8096
2523
9663
6438
9490
9261
5282
5154
1868
2082
2224
7411
6134
5617
8057
7081
2109
6176
9832
5245
5106
1189
5630
542
1317
1175
1296
6519
2942
9070
2594
8589
1238
9045
9822
9697
1372
3558
7652
2374
6183
5109
9184
293
499
5232
9605
725
8008
4037
7435
6905
6013
3575
4186
6616
4803
2880
4525
146
5856
9455
886
4162
5791
8343
8639
4367
7148
3796
5216
8397
1773
8275
8326
445
6396
8344
6121
4307
8452
5912
2056
7647
3914
7014
8564
1247
3237
1489
1312
1014
5635
3888
8512
9390
8827
199
6049
5666
4035
4872
1660
8578
5456
5708
5536
3753
8227
5919
872
7518
2211
4593
4972
8387
67
430
156
6983
6684
5518
7601
4961
5250
9482
9650
9418
7154
999
154
6
1491
6929
8564
5297
1767
7679
7223
8544
9490
8990
7409
6361
1235
4973
486
1521
5853
6296
8761
2803
191
3727
7170
9859
7027
5070
8937
4995
7058
837
8932
5137
2232
6349
8045
5603
8411
6197
601
7417
8514
4485
8534
6939
7148
9755
6262
2234
7348
2810
7341
5108
5845
3647
7838
3588
6007
7405
9017
5873
1581
4547
6979
817
7652
8091
2253
5446
5470
9436
581
9175
841
3385
9506
4555
3165
8861
2376
2916
1153
5469
5489
6490
765
2693
9822
5545
7732
6077
7232
1110
8652
4261
1972
4997
2760
2637
9733
3327
2386
8379
8850
7222
5255
1141
5312
6518
4161
8303
3847
2711
3313
1136
4414
8701
8157
8107
6056
7093
3096
5954
700
1291
7783
8919
9520
9645
9010
909
6703
5696
7807
6240
6068
7236
9058
6307
3574
6570
9981
1882
42
668
111
9884
4673
8266
1601
2463
1928
3398
473
1903
1026
3258
8759
9866
1396
3465
848
7046
2519
3382
6084
6595
503
3703
6067
6843
7751
6944
7
1818
1148
4683
6306
2803
8987
9635
3715
9426
2003
5660
2291
2275
3232
1312
2943
5500
6881
4013
2802
6820
9981
5264
8254
748
108
7370
4080
2904
7342
61
4306
7002
8549
6138
7649
8869
7815
4088
7658
9680
8009
1769
3769
8541
629
6349
934
8003
9391
5525
5347
3673
6366
5616
6404
1121
3829
9194
6839
859
2411
992
2592
6302
3800
2013
9010
2830
9400
4873
4856
2189
8870
45
4431
434
653
9408
2489
445
1972
5940
2862
3880
426
3277
4740
8174
7448
1066
1616
3249
3813
3047
7608
1654
4047
7344
3271
6194
5942
7605
6464
1838
1586
2264
537
8559
136
5984
400
8226
2632
1318
7038
8098
2291
5391
2451
1476
8504
4822
6568
5936
2768
8135
7532
4631
2106
4589
7906
6393
7275
3442
3659
3710
2951
208
67
8387
7050
3920
9878
3832
3486
7794
3692
9397
8267
1389
7634
3927
1135
3000
7494
3800
6371
1515
5323
770
5798
7487
3965
7551
6915
7736
3719
2432
3039
1062
1640
7486
3301
9112
7788
4235
4136
1936
7764
3442
9224
825
1197
6393
899
9255
8961
9408
7307
3324
8991
7640
1127
8666
2838
568
977
5752
338
8440
7059
9207
9899
6728
9927
2650
9650
760
4975
3726
7338
7300
6181
9112
7884
667
4510
7386
3489
2653
1726
3894
2168
2719
3766
7655
8766
3422
8208
7084
1474
6601
5737
9330
7093
9040
6232
887
8312
885
3658
8638
9191
1978
9008
8828
1733
3571
6108
2313
4772
1994
2024
5120
6013
6407
1895
29
3019
3956
8574
7001
9844
2357
5258
9579
3044
6282
4840
4261
4670
1818
8773
3012
230
8805
3173
6580
8798
8551
4818
5358
7832
9465
8735
2757
7627
8370
1280
4757
9851
1736
6314
7451
7972
7687
3248
4311
3981
4292
5764
7933
8873
3575
1814
968
7916
2218
1017
6576
8324
9490
9009
1170
777
3750
7124
7931
3113
8387
5021
1518
8660
3314
6826
9955
7399
7864
3313
495
6370
1204
6930
3181
9510
2895
8441
7765
8804
3589
5462
6103
4460
2255
6613
1653
8364
6271
1867
2858
4382
2818
6317
2440
4139
4224
1466
1226
10
7384
5907
1569
3325
6467
3414
5916
4220
4276
4074
8569
2501
3680
5043
7602
5658
4568
7038
1099
1118
1186
623
7833
175
6451
9658
8272
6358
4870
4288
694
6724
4789
7352
7769
5187
9464
4774
8502
7765
1716
7893
1965
9342
4458
3523
5757
471
6401
8800
5447
3447
4014
217
6017
5818
1303
626
1979
1701
3807
8737
5573
728
4789
1848
8378
808
74
3910
4644
9142
6857
591
5597
6932
358
1106
9711
6624
6093
1134
5116
866
3040
2468
6202
3669
9510
6407
7491
84
4069
1858
6263
8355
1795
3026
1262
5812
5924
6034
9868
6874
4883
7906
7446
549
5428
9563
9653
8924
1823
5395
1366
3278
2614
3491
9047
537
8690
7366
2399
981
5078
5868
2759
8648
2915
8419
6972
7422
7217
6639
992
4248
8083
1690
3814
7539
7647
9148
1929
1174
4120
5787
1946
3344
2178
9857
5597
84
3498
1028
9011
7413
8187
7517
4889
7785
1100
4705
8305
2573
2482
7270
1697
3993
975
8146
2585
9733
1027
1283
7270
7065
5776
4161
5930
4920
4522
3112
6312
4590
138
6596
5245
7411
1671
7085
453
3438
5625
9225
7922
2323
4055
1647
7810
6507
1584
8856
9643
3142
5853
1463
5965
9191
7604
8643
2862
3227
6030
9568
7163
2041
1762
267
3462
7053
538
333
2276
7979
3030
5755
9878
2386
2988
8186
7780
2717
6552
4369
686
767
1484
3495
3148
1644
842
6624
7261
3312
2938
9788
1771
8183
7379
5802
3433
4782
5752
3914
2579
2260
9090
8207
3569
155
9495
8992
6243
6348
6244
5551
121
111
3775
2326
7359
4661
7316
206
7823
2905
771
6954
9198
5065
4382
2784
4142
5101
2539
6150
5701
6132
1491
2012
8717
5599
7786
6061
2258
631
4143
9366
8548
265
3431
4783
2278
6671
4091
6814
2562
7847
76
1556
2197
237
6900
988
5019
5495
738
1000
678
3135
4811
7733
5928
1993
1397
8734
6994
1742
9188
2640
9421
1536
339
3764
667
3037
8584
623
1243
1342
8241
7897
4332
3852
7607
2475
5763
5292
1484
2052
9314
1812
5121
7638
948
6727
1037
7415
7406
8392
4785
6312
3084
1810
2408
3188
5534
5126
2266
9418
7681
7104
7681
6816
6086
6733
6851
5768
5963
484
1073
3982
2600
500
1617
3278
4944
9524
763
8888
7039
518
8293
4053
7581
1423
6398
1180
7218
1658
3153
9575
4676
2660
4065
6338
5705
7072
5849
4845
4880
5286
8247
3541
2993
9041
9834
6061
5178
3444
5924
435
4148
6652
2242
1792
2617
804
3819
5390
9482
6225
827
1252
6181
9086
3667
4809
4146
6053
8303
7243
4023
8194
2147
2778
5584
967
6217
5001
9282
443
7388
1984
9198
8774
7986
2068
6299
1031
5395
5622
1985
7575
3840
921
6804
2309
8783
5346
6210
1656
1249
2669
1855
5807
3629
307
2333
4476
8862
7210
1638
5865
7147
1696
1662
2787
3579
4716
2659
6762
3842
894
8977
364
2522
7785
2592
7203
7956
1816
2542
5356
8444
1500
3850
8419
4311
694
3800
1862
2058
8402
8712
9481
7045
4362
3770
8074
6329
8859
8503
1930
6046
8511
7671
5802
4272
5250
8859
445
6740
6587
8238
37
3661
8684
802
3961
4752
1552
2421
9952
4167
5332
7783
5501
3211
8013
4523
3484
8847
7602
770
2451
6719
8388
883
3115
2923
3502
4452
3695
8979
1948
4566
2103
4096
875
7675
7513
9733
4246
8536
7169
1475
1463
3961
2023
1781
3086
129
4200
8716
4409
5702
2138
270
7135
3172
1372
2957
243
4654
4456
9654
8090
1830
7094
6430
3318
7235
9126
7969
206
3719
7022
85
2404
8798
848
4148
271
2949
756
5436
8428
3919
3714
6953
7497
4158
4626
8791
6569
9932
7500
3273
4430
7580
2339
389
1641
6965
1405
8362
8658
8498
8417
4139
5485
3067
3007
3774
3189
6842
5263
3540
8603
9530
5622
9697
2855
6782
7146
9453
5493
3166
1117
4950
1234
8302
1520
2501
2672
4418
2593
8061
2704
2642
2411
5934
1836
572
7080
7344
2776
2731
9519
2436
8550
8365
2023
4127
2686
234
3566
3685
2026
2178
1833
4775
4330
8290
5869
3324
6597
5017
5573
1048
9818
5913
2138
8480
6900
792
2086
8543
5811
7721
3271
4328
5421
7200
6706
9552
6419
4788
6004
1528
3100
3837
5352
3079
7105
1040
4299
8122
3296
3122
892
3171
7874
467
4891
836
5047
3677
4914
3094
2587
3781
234
165
458
6240
2688
4769
568
9447
6789
5986
3307
4495
4010
212
8648
8090
7166
3419
5263
2772
8742
6920
938
9119
6966
9522
9640
8735
2379
160
3498
9315
6491
2094
2601
4249
1984
6905
7287
6704
3313
885
9027
1391
2135
5227
6414
3032
9824
6544
5368
8220
8205
3336
4451
7283
5114
69
5173
2975
762
7748
7600
6833
3158
8845
6054
7752
508
5487
7410
1869
100
7512
5689
7966
8304
5392
3199
831
8936
5426
7362
4186
566
7969
3600
7698
9960
2395
2182
660
6470
9066
5623
2462
9022
504
15
51
7072
3005
6140
4232
9542
1259
2504
3372
2404
6548
1047
3320
6778
2966
7100
7671
6369
5343
4966
9358
2489
6733
1815
6978
5512
5973
9268
8132
4636
2082
9848
6501
2978
4564
6508
9872
2383
7261
7109
2199
952
9360
1772
9698
8103
470
6630
665
722
6201
885
5804
8169
1822
480
3735
2435
2521
938
1483
4695
7355
3208
5618
7484
4115
8131
58
63
3418
6939
8933
7473
1932
5877
4763
7863
8113
6652
2668
7912
4848
2430
6228
2805
6090
407
7898
6101
8103
2692
8349
3143
6387
272
6759
2982
4445
3417
4371
1199
1391
9635
4859
5898
7449
7985
8951
4921
9387
7303
5839
3123
9765
9743
2878
4528
2184
8448
3561
4903
9140
2870
8959
5951
7570
9015
2787
4854
336
2009
3571
580
9506
3737
2074
3912
389
2212
4475
4746
7587
5242
6853
6013
6744
3930
6975
4750
819
191
8480
8999
5690
3239
740
2300
3078
7845
785
2928
9206
7144
4214
1069
1221
1531
1141
6656
9941
4157
7292
3162
6683
1856
2843
8507
4367
2313
7965
164
2239
5585
3290
3042
391
3265
6566
8466
9725
4952
762
5027
329
8524
1778
6467
3164
6483
9728
8905
8862
3682
991
2020
3631
8417
5828
86
9423
1950
5459
9357
9943
1938
3873
3260
272
1627
7140
824
3569
4554
4734
6200
1879
5538
4241
3548
5495
6726
1918
3051
1945
62
6
8970
2404
6307
5801
519
4458
6944
1588
6849
793
3674
5469
7693
8918
9025
727
9952
3693
4182
832
9580
6289
3967
9012
2548
7643
6577
8871
4389
7201
7646
8634
3258
8174
1201
4324
3573
1414
1381
1410
5140
6815
7992
4666
8170
4868
1360
970
1357
6740
9408
5962
1599
813
5292
7431
4012
8306
9512
9782
2310
2175
9472
3609
9000
2358
5015
5724
6709
3790
7482
4083
4573
3925
8271
8934
5619
7962
3081
5100
7086
1099
6607
2632
8746
5637
1596
8411
4002
1987
3320
4648
6750
2387
3509
1501
3869
4708
2480
5269
3172
8841
8403
595
9697
1688
1672
5140
1366
4571
860
370
134
1577
9265
2862
4609
8368
5343
3077
6655
1335
9259
3736
9532
9092
8082
6607
6299
5066
7676
3230
3512
8753
3009
6185
9190
6357
1611
2731
9260
7024
5127
5813
8915
6926
3228
4574
6484
1616
8239
2507
1823
6461
2460
5262
8922
3243
9471
6122
9832
3309
1733
5649
2323
8146
7144
1818
7231
4428
3937
8183
7127
2755
2980
4275
6590
1429
8100
3941
9868
2728
4447
4569
6709
1657
8836
2301
5891
116
844
3373
3847
6752
1874
1798
9182
717
4975
8427
7949
7801
6296
608
2654
3309
6266
6245
1108
1378
9692
4768
8626
3957
2893
655
8824
7755
1678
2813
8632
6771
2262
1924
3208
3297
1565
4938
1237
8508
8733
625
9149
5105
143
4666
5535
8
6553
4671
9551
6720
9876
147
1162
8198
8909
7924
8567
902
7781
5468
1823
17
352
7183
5773
2804
2562
8576
5435
1276
6561
3617
3467
3709
1702
5983
9055
5988
2699
4889
8595
3921
5825
9548
1550
2192
6425
7565
8953
8048
2192
2876
660
4700
5842
1386
3961
9008
8432
1036
3145
3379
8047
2133
2230
2096
3438
9947
4040
6044
4438
4756
4051
325
5742
5096
2646
6552
2913
5060
8715
9240
1123
8967
6605
4331
9586
742
2772
2849
7777
7929
1848
1901
7109
1510
1123
5301
8800
8868
3000
2708
7406
6881
6473
6193
9224
4189
8974
3039
8238
6808
1836
402
2754
2609
6909
7203
4265
8511
1961
2766
7115
6420
6608
1557
2876
9298
7630
2847
2807
186
3970
7874
3336
4415
5606
8916
7551
4822
1370
2233
2639
1053
9839
2025
9047
4080
4572
2947
1212
8567
1623
4367
3566
3748
6414
4845
2304
4419
2928
4355
7592
422
2321
271
8167
2743
3339
1146
7281
8610
2380
8108
9830
6019
2874
1415
6699
711
8302
1209
6552
2707
880
2840
4138
8284
2599
8100
5258
2069
5902
1360
5449
7119
351
1297
6820
5780
1925
2703
5491
9185
7046
6457
6779
6971
9399
4895
3004
1392
9580
645
1681
2273
63
9638
7279
1868
3109
7674
5998
6853
2635
67
6587
4112
4254
2983
1845
3031
3713
909
9443
7338
9439
5695
6117
5502
7755
9858
1211
1519
7275
5344
6544
6586
9092
8169
7857
4002
9013
9052
2670
2725
1647
918
1834
3052
2054
7506
4414
1776
4191
2903
3982
7669
4682
8878
3988
9888
3326
1562
3563
2413
9730
6576
9691
9524
4498
8348
6298
566
115
7353
7141
8532
7112
6245
306
4106
6301
3708
4567
7497
3529
3479
3030
8444
9013
2571
9048
9394
3208
4885
9133
4618
3177
5926
4185
3857
7113
4675
7395
1631
9376
7730
1461
8976
525
7810
471
8426
4494
7467
5810
3684
360
6173
664
1160
5604
8288
3660
3710
2799
7883
3600
7698
9633
476
2839
6545
4330
6927
9873
2235
4770
2076
8352
1562
3879
7928
8853
6528
7751
6716
6278
5694
5095
4801
1252
9340
6006
336
4708
4520
5180
7073
2278
6611
3038
6896
2077
3475
5866
8583
9687
4530
8675
8705
1989
5294
8894
153
8919
6415
9635
5232
950
3633
940
7502
2253
9714
1414
5078
496
4932
4236
1694
4363
4114
1420
1808
348
1434
9299
808
8629
2859
1529
2974
972
2999
9514
6791
9226
6334
74
4081
3522
6795
6876
3057
2213
3761
7838
7967
911
4566
5146
7362
6664
6904
1847
329
2635
9158
6810
6869
5030
9416
9954
2184
1029
9822
2995
155
7022
7488
8422
5298
2906
7414
608
8097
4890
6302
72
2604
7851
1667
9308
3025
1843
5492
5128
5371
5390
4606
6442
4303
146
1759
5206
6796
8875
9069
9193
8158
1939
6930
3733
2321
4061
7086
1011
1146
4565
8714
8520
8944
5080
7331
1615
2459
6455
661
3902
7105
9860
8139
9853
7942
8167
6743
5343
8149
82
4676
9515
1741
3859
1556
5730
9859
2309
8241
7219
9372
3641
7183
8604
7767
7576
1875
8204
2333
827
3683
7157
9452
1133
3471
8022
7626
1637
5794
1180
6119
7412
9596
2593
7038
3591
7409
106
5021
3081
7573
8358
3943
8627
1818
678
7358
8870
8499
2989
4738
1535
7290
554
5618
3209
8821
9970
1657
387
8316
8685
7252
9837
5301
7919
9914
338
6185
4233
725
3314
4794
4150
4489
4455
8958
7072
6564
9556
7434
3499
334
4966
372
5966
2313
9866
3093
4324
8086
4375
6504
5608
610
2461
5290
1660
8036
4096
8450
6284
5134
1357
7622
313
1004
4416
7600
924
8180
5135
6362
9451
4551
3011
736
5713
5127
5611
6122
8564
5374
2797
2767
6011
5035
8452
5697
7767
6629
7965
9523
434
1394
339
5649
6120
5032
873
1109
8035
8837
8447
8725
9633
295
4350
4371
4571
7583
5687
5906
1492
9176
2202
9288
1050
300
1747
5103
6006
9043
6215
1384
6907
2820
327
2990
7884
8294
6347
6580
5209
2870
5424
6286
9068
9577
6531
6322
9672
4508
8722
7559
1883
8596
4297
7715
9213
8422
6956
6015
1100
2260
3830
205
59
8293
2594
1310
4564
9881
4008
6391
3897
9799
7035
8132
5429
7023
7551
8788
7579
4443
2248
7699
982
1625
8415
3346
5156
3012
3382
7574
762
3004
9081
7942
387
7143
8644
9064
501
3079
1465
6927
4886
1695
2162
8422
6183
1455
6356
842
4187
2710
7432
6729
4463
7222
5379
100
9292
9670
8188
5531
7178
34
6812
6950
9133
1515
678
1322
9034
5935
3962
1509
3717
4392
2389
834
9260
6749
4179
8994
1289
5854
1551
4056
9285
9321
7490
4068
1233
255
4224
9281
7919
9287
942
3683
1708
5553
320
4739
6084
9619
6214
551
3184
4738
5253
9733
4205
1163
1583
3014
1073
2905
374
7817
841
8368
3973
1237
8480
3072
1892
3469
1394
1555
5730
630
9820
3070
7012
6966
276
1954
8268
6042
3123
6237
4152
9745
7167
9560
1242
3498
8167
7669
5305
1965
7278
3668
6597
4001
3340
3863
4730
6747
2340
6869
1926
3460
3129
6270
1960
6703
9957
4243
461
2387
2570
5104
2433
224
8129
6182
1467
9160
5920
2234
8474
2739
6505
2163
1903
4414
1836
8927
7190
1539
3692
1158
1854
6834
9989
1084
5125
4912
8007
623
2091
4481
8449
2343
3853
833
6459
3130
4567
7011
247
6593
8974
5437
6214
974
1013
7144
3284
5006
1840
5687
293
2357
8378
7661
3774
4533
3935
2111
8215
2924
1419
3932
8981
1117
7380
8826
5616
4906
9941
5462
8194
8475
3396
5463
507
1793
6505
9936
1040
9862
7234
8159
9878
4101
7656
8134
1206
7145
8179
9642
6072
9692
9314
2775
3512
9310
9619
2273
2503
4858
4281
5055
9481
5806
1411
5135
4961
8990
9562
475
574
2074
1132
6939
5975
14
4907
588
3465
3308
3002
7490
687
104
2116
3423
593
6187
6263
372
523
8626
3333
4066
8927
1539
8797
4878
6541
1185
8316
3666
9686
3180
6074
8429
3239
9982
3511
3707
6854
2641
5343
5552
6392
8664
8365
384
6277
4757
4515
4362
8916
5528
2737
362
9170
8321
4204
1033
9777
7131
1715
9378
4737
4074
1425
4857
8104
4580
1247
2802
7169
4037
8754
7288
2862
5000
2377
3377
8172
4595
365
7155
7498
2090
7213
7311
2433
9501
3847
3690
1811
8534
1792
5526
8010
5930
7543
1727
2728
7225
2416
9919
9670
3705
4023
2078
1521
4881
6635
6569
6562
3115
1363
9216
8328
10000
6758
742
1578
1183
880
9454
7844
7788
1341
3447
4614
6821
2659
7292
8049
3740
7901
4848
4255
1779
4474
2737
1757
626
233
9226
6961
1292
2087
7479
6603
6571
2654
3341
4813
7812
5365
9005
5975
872
5140
4492
9436
5313
2768
3783
7342
4883
1944
8421
1415
9408
6919
7291
8284
6970
9691
3751
7724
2033
1902
9005
18
3251
2883
8605
7720
6814
3533
2710
7646
1543
4433
5564
7491
8483
8870
1593
2927
6903
828
5289
3205
5786
1601
2818
8506
5146
9865
3478
6991
6166
246
1012
831
3839
145
8225
4559
6833
7143
2626
7413
1937
3641
8193
9735
43
9173
3684
6884
5604
2383
6167
6371
3377
8379
8081
8079
3344
5404
5457
1291
3413
5628
2633
9208
9951
6010
102
9309
3196
661
8922
2966
4583
4868
6059
3883
4779
8314
8532
7181
2617
9718
2236
6236
3
9229
2146
4585
260
8266
2685
1293
9589
5772
4980
1534
6988
9969
2707
6270
71
4750
8557
4653
926
5740
3349
3451
2540
4633
9141
4654
4010
5102
3971
3882
7095
1957
4251
8395
2046
6891
1427
5523
9257
2824
2569
3978
3970
5858
4733
7340
220
5437
5861
1102
7350
305
1786
9620
7956
4633
1121
5110
3820
2165
5766
3215
1151
8677
1246
3479
7675
2828
3621
7394
689
8227
6258
9233
9050
636
2691
7512
975
2104
2506
9307
6819
5741
2837
3256
390
8668
2603
3665
8147
8550
9762
7725
4224
5207
5868
1758
2055
8582
5163
127
129
6618
4910
6768
5691
5866
6771
5280
3918
4168
6313
2287
4958
3813
4268
6978
7441
500
8288
4324
374
8092
2967
3337
9085
4089
3619
6191
6030
3628
4277
9830
2682
4813
1728
7340
6646
4444
582
7975
9028
2561
6320
2366
4151
5037
9675
649
5390
7188
5538
7826
5940
8951
8082
5507
4512
9366
3668
663
4351
5200
8309
9195
4811
9734
7103
302
2655
6479
5032
9211
3854
9302
3503
6401
7941
4218
1814
2195
2260
9306
3775
1391
2470
9006
5939
3846
1116
2079
7706
365
6907
4884
7322
9227
6115
1252
3612
2981
3249
9301
5782
8567
1155
2066
9581
2175
4363
6563
5323
1441
6201
9691
4810
6594
4840
5130
7393
8093
3799
1373
1667
1764
1038
566
6713
1397
3108
766
9611
4289
598
6020
588
1733
5037
1171
8417
8412
5724
9940
6307
6439
6921
772
2546
1726
3383
7055
2760
2276
2336
4805
3624
3178
915
3581
5024
4589
3529
6281
2608
1017
6543
5218
7269
9868
3425
5336
6824
8802
6663
9092
4598
831
5249
1254
2316
6232
2068
414
8813
7710
638
4332
2696
5849
4408
5444
7835
6982
9721
8368
1211
4849
3043
6974
2491
1961
7
7678
7182
1353
7485
7269
2605
65
7797
3481
5663
4674
8094
6449
3009
1474
9199
9000
3727
881
9724
6599
41
7258
8401
3134
3217
7188
8850
7092
2232
6048
1183
2229
173
1662
3578
5268
1386
472
4355
929
2761
9843
9377
341
6854
619
8192
8064
805
4874
9254
2062
7334
1491
5259
7665
9059
5201
9643
1475
8596
9708
6
7039
879
3695
725
7257
7634
21
1030
7890
3346
3794
9544
9348
9234
7667
9351
9424
4486
1881
8261
3379
4175
4070
9838
6781
9397
8707
9061
8423
4035
79
7110
8402
1046
8064
4398
7704
9496
519
4677
5105
9388
6583
1084
6143
2324
9105
2115
7667
9733
9069
8221
5566
2952
7028
4393
5983
939
8389
9264
4106
1862
9805
1120
3504
7836
2935
1460
4004
7312
7043
148
1814
4421
1716
2606
8323
6430
9314
6144
8929
3073
8652
4058
5097
9706
4028
4761
9279
104
9350
2236
9740
6282
2230
5908
5423
439
8130
4216
4311
1130
2155
223
9234
6894
4374
9783
54
3632
2488
2449
5318
6401
225
9898
194
5215
4412
5530
426
9545
6003
7921
7088
3591
4558
6706
3995
9414
4913
5954
1583
147
3650
5864
6324
74
1860
5259
967
3117
2031
710
55
9796
8689
4610
7343
5828
2711
5171
6847
9836
845
123
6870
8719
9862
1557
7098
5378
3473
3686
4710
7850
9958
3128
3291
7946
6437
4459
5089
2156
9887
7147
7375
7202
9524
969
1925
8847
7651
6757
4807
4071
1757
4526
9147
2376
10
1110
6004
5785
7701
5235
1033
3690
7067
3169
4417
4730
9368
1581
6034
6950
641
8939
1807
8872
6664
7379
6359
8491
1187
712
962
3826
6780
5603
6180
6770
3045
8390
3677
760
9972
6368
6965
9767
5638
5002
6142
6422
9519
1938
9387
2257
9860
3321
8523
9739
4435
6022
8744
4363
3845
4631
5321
1095
2620
2646
1177
8066
3435
5809
557
4372
1251
2421
6082
6818
6916
4644
732
2108
7821
676
2285
3845
6391
1299
8785
4413
4913
9904
232
5495
3569
7441
3431
55
1391
4158
2340
4138
7301
2657
3844
5175
3420
1301
2451
2259
7839
4601
567
9627
7105
528
3074
4463
8717
131
3663
4489
1865
4463
4129
2657
549
8436
2859
3330
4455
8587
4731
1823
3352
3982
108
6447
4822
6788
106
3029
4572
4911
6417
2426
4466
1360
9906
7790
3831
8703
464
4369
1725
576
5436
3472
2107
2780
247
1013
3277
2644
6081
212
2521
6297
4168
1033
3362
3
1943
3382
662
7902
6477
4578
1981
1223
1273
7598
5318
3116
2886
4383
2294
3052
574
5542
715
1482
3281
7576
345
9102
2849
6657
2189
6539
652
9859
7379
6283
9310
8169
5284
7474
1653
9272
6790
2859
370
9506
2223
5040
441
7767
2853
9800
8544
4159
3822
6567
3749
7136
3024
6286
3486
7769
5515
7391
838
4336
8368
5604
5601
2461
5848
1041
1869
6987
5086
2892
6918
9533
8134
7376
494
7203
2580
4857
5963
4536
7912
2712
5415
5016
8305
8774
254
6663
3667
8156
4300
746
7181
6515
636
9366
6703
1900
6486
3709
2963
3079
6572
7684
40
2011
1199
9796
8695
3753
5457
8159
9623
3908
3042
8627
4434
2944
2255
2652
6847
105
2685
5490
5923
6623
8586
3967
9948
9735
5960
9471
6097
7285
8072
5648
7402
9415
817
1694
2186
5398
1634
614
4370
4138
6510
8318
1595
659
7819
4122
1886
2796
1749
4863
1678
4128
8202
8225
5248
4257
5896
6287
3399
7590
3206
273
5257
4767
6352
4105
8497
6547
1512
4918
912
7671
3070
1839
4055
7167
832
1741
3828
4495
4826
5248
8479
5996
5846
8500
1825
7574
7074
6204
9008
3076
8818
3084
9526
3642
2975
1700
8320
4446
3192
248
9577
284
8223
1051
47
2502
6079
3719
8304
9587
3933
1074
9635
8677
9386
7748
9591
6293
7132
9903
4794
2334
633
3545
5437
828
8962
5636
7690
7743
9652
8702
1712
8785
6250
2522
9479
9149
4899
8209
4456
9489
6801
4271
6166
9416
3516
2637
9495
5540
6877
5342
8083
7976
2426
772
2925
8961
9391
5285
1481
2559
4651
4797
3619
8284
1689
8236
9723
4639
7992
8935
1513
1646
4535
1584
6732
1043
1183
4486
8470
7190
5053
6596
4229
8169
798
2149
5110
4263
4123
2618
6609
2943
4089
3368
2158
6921
4046
9526
6719
778
1453
5164
8150
2348
7387
3737
4606
5351
4340
9762
4255
1669
2204
3777
5601
7367
7834
5219
5214
7549
7127
4417
5526
1379
1532
1473
6633
9584
3003
6427
6255
4067
683
2360
7831
8460
8185
8555
8786
3458
2458
9430
9603
234
3886
6664
7018
2471
4284
9488
3282
2023
4247
4506
6487
2285
2023
9329
1621
5928
4127
1027
2756
7814
373
9706
432
7202
1783
7048
2197
8665
2784
7925
8588
3510
2162
1078
5798
2852
5817
4056
7790
4610
5495
205
8400
8453
2790
8994
3734
494
4164
7183
9929
5786
1759
9277
3163
8969
7128
856
1653
4086
6997
8566
2542
250
8912
9296
2668
4743
2910
7850
1791
9849
7163
1338
3781
3398
2915
5906
7289
8024
5175
42
2395
150
3469
6232
9068
8508
688
6529
7774
9362
1054
3270
3231
6416
554
8751
46
3250
9219
776
3141
391
6864
5007
4769
7335
4946
9737
6814
5249
5921
6397
4063
5422
9152
5721
8772
1742
9769
2007
3696
3658
4430
4652
1846
6477
4474
7566
6617
5360
3198
8176
3633
7354
7682
2864
4406
5306
2403
4852
4850
9732
587
4588
8730
1131
1329
4517
7216
3869
7739
7678
7175
7694
7687
8177
2735
1837
6198
4545
3046
900
6137
4521
324
8940
6917
6174
8685
697
817
1261
5423
4172
2612
2558
6386
8412
2088
9551
9388
1093
8484
6212
4352
8930
4650
1976
6596
9255
44
6183
4386
6048
5555
3932
2342
6270
7252
9761
1810
6139
8954
6530
2959
4495
9120
9668
1084
2429
8319
5819
4635
3147
3189
5737
4321
9796
9256
9304
3018
8944
652
8024
8538
1296
6367
8459
8156
2921
1602
8356
2515
2420
6774
80
7152
4444
8365
7147
2323
8938
4274
7602
20
9425
8148
4004
9784
5939
3022
7185
5199
9592
496
4801
7413
8803
5688
1101
7616
6848
5252
4007
8322
8572
5700
5350
1795
3044
8495
4324
4225
9071
2404
9479
7080
3406
8003
1880
6660
3496
7282
7956
1164
6788
2263
5272
6299
2156
7938
3839
1817
6680
8624
7008
8878
8245
8571
6245
4932
3422
4135
4716
8599
4495
2222
2594
5270
3527
4021
9618
8232
6560
1835
9869
8978
6307
7611
8578
3473
5521
1722
6521
2288
1922
3370
2641
3029
7605
1689
9495
2960
9783
4883
5371
4144
6212
1353
6862
869
8727
3315
6019
8965
8011
5770
245
8248
9549
8629
6398
1209
6877
7654
1773
575
5701
4815
9911
2856
5155
67
8372
7416
2475
3044
4943
453
2139
2415
150
1619
5205
7995
93
2681
2818
8332
9708
4960
6191
327
3603
7326
657
833
1961
4775
1105
3453
2856
9915
6013
714
2648
6494
7434
718
3677
2089
6024
8778
1961
7084
1138
5260
6058
2619
3913
8562
5535
5538
1181
3923
8212
442
5677
6849
4561
6314
6226
6771
2155
8558
3478
9854
7884
3742
6128
9006
4975
5652
4884
7978
3595
6661
2221
7369
6807
3126
3872
6782
953
8681
2440
6012
3394
6148
3063
5830
1420
8268
6067
2193
5155
5538
4856
800
6225
9567
718
6796
8183
3340
8182
4711
3585
2439
6022
1444
6412
1523
6477
5945
361
4825
6681
3930
8434
1407
8295
1772
7763
930
6660
7925
4807
8392
2659
8902
9347
7566
2520
9270
8898
5314
6237
5800
3057
4259
8073
9840
3649
8921
7313
8787
4640
9599
8853
7965
4645
445
2220
7659
6354
6781
6121
1355
2747
4283
9292
9638
7794
363
1863
1285
1964
9948
1370
495
6699
4981
4596
3111
4651
7313
857
8501
6635
6692
221
5477
4133
711
7478
4316
3926
6683
2959
7287
246
6337
8665
1643
7721
5777
8417
7880
6158
872
2103
4016
9123
7556
5280
9865
725
9165
8753
6867
528
5038
3722
337
354
7723
7780
6052
2514
8216
6651
6675
9467
4106
1613
5132
8285
3305
9809
6627
1791
7525
5403
4578
5234
1244
8029
6679
6598
2340
1442
9806
444
5383
7855
4915
5279
4021
2292
9502
7666
4791
354
116
4793
5995
4985
4241
6450
2763
4383
367
3517
4868
6727
7222
2055
7386
459
2661
8685
5333
1147
9147
6385
5521
7143
4968
434
8551
4411
1139
7442
3086
617
1565
4386
2639
356
3022
6629
3296
6449
4131
5433
9283
7933
5384
7733
9798
1598
1407
6111
2986
915
6613
6986
2633
7277
6955
330
5283
3026
9467
7159
7071
5997
9220
9942
7630
5655
646
7949
5789
1687
2745
9342
3366
2955
9821
435
8359
829
6814
9203
3526
5553
5856
3508
9898
7959
9024
4577
1948
7686
402
82
1130
8000
3431
6935
3049
1983
3962
24
2572
9508
4936
9332
5335
8915
7233
3117
9177
4774
5182
1032
3730
3272
8473
6546
642
4897
134
8063
7120
7115
6947
9314
9209
2585
232
659
4550
3210
9165
5301
750
3106
1302
4794
2239
3308
1891
6989
9309
4522
6874
9137
6530
9006
591
9512
1738
2358
3823
3053
2139
6040
8367
4892
3449
5131
5668
2957
2873
3473
1327
7467
3778
1822
5631
8771
6429
4411
3931
2152
1759
5354
1841
5009
2520
6895
790
8040
1849
7070
4609
2251
328
3300
3396
5275
6086
2504
4956
1728
7055
22
1435
904
4835
2214
1457
1183
1358
5970
1800
4680
7733
9477
3112
588
4484
7096
5892
2638
716
7872
5945
2040
5480
4842
4251
2169
6149
7359
5182
874
2049
8296
8893
6712
5614
3764
2438
666
5340
3339
3534
3688
9295
9401
7024
9673
6837
8411
9538
5819
5001
1036
5224
8896
9045
239
2550
727
8179
123
3925
5487
5592
9364
5603
9786
4439
685
2091
2359
4379
58
4588
595
695
2389
7115
1654
758
6562
5446
2337
6269
1334
1589
9169
1467
1311
7445
7761
9438
8356
6238
7754
5930
2107
9593
518
7881
5073
7582
9293
5909
4168
7682
8878
9160
5236
3132
5326
4847
9261
6707
5387
6822
1798
8827
7790
2475
1033
7007
8172
9618
9396
9583
3720
2837
1881
1266
4840
2241
7648
7212
4471
6066
5320
9807
4471
2299
1031
401
2799
5264
6634
9787
572
3619
8653
6770
6826
9639
6004
2749
9947
