-0,7959576408434076 5,892783553483915
-0,768103477420724 6,143922558145884
-0,7912086567087209 6,717914950842947
-0,9675599927052025 6,973233895688744
-1,8117930801784508 7,891076852779355
-0,03033373263319855 6,360257223607384
-0,09729603335598647 5,941964973096195
-1,2674565726395806 6,785234557107614
-0,7195416059197673 5,844658066668341
-0,8767219923912364 6,690710370932362
-0,8571904746853538 6,157443818821932
-1,5753289018697698 6,51436916210919
-0,8202560542937756 6,954094728001328
-0,20665834037534597 6,353204962378646
0,7742254416872463 6,875011219083305
-0,30840206289184957 6,845150951228568
-0,4444089912203103 5,476405912764447
-0,7632364048778768 5,9577713039012075
-0,805645498884606 5,627668246221258
-0,0317986633083307 7,409440228184062
-0,36000157320055903 6,355875714200331
-0,8232984439689698 7,298986283402315
-1,0162946711694492 5,592095536648002
-0,5863962670304106 6,122187464644731
-0,7723429757528935 6,80882079780198
-0,5082825049917132 6,498208979132336
-0,6202438007476284 6,675001623325723
-0,3108441172035885 5,781667560022365
-1,1380781307929713 7,096973423358459
0,04047755834718547 6,797079724797639
0,8836379469445701 6,609384429664731
0,09130128830950857 6,06576653637809
-0,39619941580471885 6,570471740721967
-0,06463805435734482 6,2628266874222485
-1,010061245264204 5,583326071900113
-1,2971656806000937 6,38336025105825
-0,11866836541480918 6,330206477807731
-0,77458940466313 6,939772431856554
-1,1788576225123233 5,291358455761893
-0,9458142068552033 6,526171591346344
-1,0707947261724335 5,830787652866135
-0,43830413251763917 6,568183348016767
-0,21445717647513052 6,595711704707647
-0,06164434403497149 6,365149288353898
-0,05835240877726938 6,812218239324536
-0,1280196752092822 5,7856886473691445
-0,6091015188839373 6,962431902059844
-0,8172572713241302 6,054532243821924
-1,2595952186053916 5,630622351674046
0,04430491406076009 6,272373691669089
-0,5943846344669776 5,3609929155790015
-0,7107102281748003 6,535658623042095
0,08433959851870032 6,278946455628882
-0,9546225435594893 7,025415137607012
-0,08812086421643595 6,733033782172492
-0,35723788166716475 5,712573508324989
-1,024433512089391 5,9893779313600515
-0,5434204463457428 6,668903887186098
-0,01903680695375637 6,832111181911511
-0,10772084188367925 7,0198221343624345
0,24219855261008671 7,015826319571668
-0,33642794783499025 6,363810371795041
1,1806295529816864 6,589899488044578
-0,965713976365338 7,0579409288908925
-0,7048377688392508 6,25691744595102
-0,5359506175690232 6,598434770389056
-1,2148938031273515 6,245131287079168
0,015727234838060378 6,13309761968628
-0,05375232851872891 6,432764236061896
-0,49601840830057525 6,064799951249198
-0,7727268006684027 6,343113690534119
-1,253045509238818 5,891094244652928
-0,9001477381806102 6,3135744833278045
-0,13366293194603673 6,632766823726925
-0,6115992846874634 6,114189908815596
-0,7189529708515116 6,413217553184451
-0,2547944080692475 6,4782429737296265
0,07357475263436375 6,6348391228296615
-0,3769601388035104 6,3417817562663865
-0,3482621259000642 6,951504847852897
0,18041249294323813 5,358112246193035
-0,4177419268542338 7,877448100502881
-0,6601628470539389 5,973004794900236
-0,16895582244466256 6,610266688596033
-0,6338336651779273 5,93933772181607
-0,6894314358980307 6,730705756673645
0,13134823623812786 6,546856253216458
-0,6514949092444602 6,0832149082464495
-1,8331065976133851 6,9451153496241504
-0,33275960188726694 6,326591237118033
-0,7032767996217968 6,682179645947496
-0,6500870020666212 5,949991774320976
-0,2790504105648954 6,393127859133204
-0,5885490280071828 7,4102753105100465
-0,3980491587842726 6,8900544414760585
-1,5166760404295176 6,5623820546445195
-0,9770469780652813 6,184111263114096
0,19646079549799667 6,442320944856498
-0,5147939760874702 6,507354672005185
-1,3422708848267617 6,633185894378867
-1,041784491049479 5,870241422830161
-1,0018116635332452 6,742775657390177
-0,45434473255681673 5,863775127771667
-0,7218232141056568 7,22413460305993
-0,8351097250498891 6,022757515710555
-0,5035499216159487 6,556885836757082
-0,26664152411488656 6,911142963558003
-0,6350328962010954 6,282381655186769
-0,7928731776383499 6,578871686468923
-0,7162676840015919 7,12616245151402
-0,33560809173832823 6,6907731708656275
-0,5092086488039366 6,58634699175617
-0,12187015447844812 5,566178979508763
-1,0804148625788295 5,9417105505488825
-0,8931866268101222 6,932031740744
-0,11894814588702568 6,693546829589685
-0,9064324955064971 6,769304813811531
0,18648928563468903 6,726270143026443
0,19708407910744385 7,053449941106681
0,19064430291430134 6,277871714441432
-0,9458389830965348 6,4688216563136445
-0,4670710995393644 5,894234510354452
-0,7522348149333135 5,769560385200806
-0,04393726966067368 5,586701319124965
0,3477839030075809 5,96598992741907
-0,06872386601396052 7,184852584663815
-0,5009464009615814 5,632208143010975
-0,6882882222479214 6,256803684130395
-0,180975207517097 5,761999015095915
-1,1169553421693035 6,108084695417314
-0,23735055764061747 6,493418573095004
-0,9628640394622888 6,0585137403164895
-0,19524446585078253 6,9534041094272245
-0,5859872622631818 7,175560737343777
-0,6996507733199572 5,284023812891024
-0,9482747607460744 6,0670755117434325
-0,6838910867157472 6,438142738055205
-0,22745767456466748 6,971630189926684
0,01641173162767884 6,1814495393423625
-0,24229449316430224 6,398603979296089
0,1764246883769025 5,83019956439302
0,7640627843030161 5,642173750787821
-0,6677640527460967 7,131264021710461
-0,6084519323794026 5,496536739972526
-1,225539297673549 7,572881181129777
0,08984505422516997 6,771147376609865
0,14417983330059359 6,748558214677372
-0,9390916518564267 6,696306010666209
-0,19669815107607763 6,282228832918512
0,103016824658405 6,604613941769428
-0,3923744390822127 6,314123333026757
-0,08181785754333071 6,685108315139233
-0,4181020678359144 6,391728413464636
-1,1139460200112696 5,933397585368127
0,019155122328782692 5,973285368788116
0,15703425692545037 5,916435489272742
-0,1382680413916273 6,8940220428861485
-0,9827672048123604 6,099848370689445
-0,8811082861636144 5,452520096376563
-1,0707326003919153 6,606991009843397
-0,1205298938662534 7,165830458213785
0,12867618737030084 6,795113271507757
-0,29327545180342474 6,106909894308138
-0,0352507813506453 5,615165819121449
-0,9393391188213374 6,341437625240239
-0,4325876476174954 6,328959737870639
-1,1904541021897983 5,923971871762111
-0,8914089485782795 6,684090328040263
-0,06618179973620225 7,33188492733423
-0,6253158279285549 6,519713035648136
0,09917241151166689 6,488809780418417
-0,23653857198565226 5,939957652502082
0,8616925056992206 7,10727902844918
-0,45863585875567675 6,370999593513986
-1,2087212074224245 6,119090049321908
-0,5227834018790544 6,440415873744802
-0,9870263868647133 6,644552343542299
-0,016928573425113502 6,478179381241445
-0,48452854159663866 7,01164837475429
-0,5741544823805581 6,600557453192425
-0,56758476827248 6,2666007714777265
-0,13534816485778084 6,609167785082439
-0,7317496900039847 6,658390227481973
-0,11699367637984615 5,760383717287073
0,01726701034150835 6,983281541050851
-0,6765894301343407 6,258119667238314
-0,9685418834373891 6,270910065166279
-0,762001232649461 6,784259670456967
-0,1504639536496733 6,782154289048784
-0,4592791380561016 6,058155837485951
-0,1904811045311463 6,810022485991837
0,37595016231996403 6,128347601174232
-0,3900417123590837 7,318358200268322
-0,9099870195268307 5,994474686286112
0,02319318059953801 6,528310407771942
-0,47983814409183245 6,01756285846519
-0,06929499500142355 7,519919491486531
0,02758069821721898 5,789661204875436
-0,9850226220450395 6,670753050545449
0,18548372825432147 6,0411164696800945
-0,05295759385337051 6,231517856195
-0,8074707600739144 6,635340593791582
-0,35329401389622384 7,020863895732066
-0,37691482834159673 7,220269958068517
-0,49355266659873165 5,640097696905833
-0,06956157942545371 6,542447289101225
0,21315959033511345 7,1383184786107545
-0,501865387461334 5,565916207538024
0,15992209015439263 6,565763423946418
-0,011417268579594242 6,407529778208902
-0,38937049474344765 6,615842584108888
-0,4174281128054894 6,022419664255756
-1,0818012596616575 5,690762262812274
-1,2559027704352372 5,452018464329481
-0,42300717477698085 6,896763653650045
-0,9334830327463342 6,960596245160671
-0,5253366448514597 6,559914351416987
-0,7728499447566821 6,141497502074945
-1,3997668263218985 5,597048730186121
-0,3268663028633332 6,690244408171506
-0,7127844765265958 5,8581820355006515
-0,4654192175612428 6,052922364538725
-0,9520787106462616 6,115289637137635
-0,672927197529017 6,3098040640705095
0,2746714967347894 6,02905145331467
-0,44124307379610955 6,425301062415145
-0,23073040130031647 6,097662526665799
-1,14095447726967 6,759258209338605
0,6889994048645811 6,924103133913021
0,4161883053286165 6,462843014933213
0,17619917164420207 6,639884844609545
-0,09113558502921265 7,467499651731939
-0,49794693470171797 5,822270048488336
-0,2844815653982844 5,791837626278941
0,018491298165825953 6,756070627307431
-0,8198034475695033 7,381843095676377
-0,7277679459412414 6,278322395949632
-1,340084753376916 7,271988598028374
-0,8914281127100276 6,456788536315739
0,32513229147242695 6,068128035899453
-0,6726421194068339 5,913225482600143
-0,6644420270869418 6,723278469362388
-0,3466350576130908 5,951092143027646
-1,3116322274189118 6,449210098302508
-0,032827728787866495 7,200304189611041
0,12768485385478734 6,255181480483309
-0,3168704411014455 7,065576414240944
0,3201569194080949 5,801299932055791
-1,1689344568995987 6,141617126260594
0,41633932504427296 5,7049996638115354
-0,8708892754464769 6,445070054905673
-1,145478440463215 6,798610766777285
-0,6242145544349846 6,446165220722087
0,430484266404502 7,02209670690407
-0,5152396442814242 6,033982056604429
-0,9718144021121906 6,521243053763528
-1,15298981107158 6,144837015112066
-0,558077826204857 6,589409969630822
-1,5029993596104747 6,660439700025207
-1,15561499462837 6,699769656911025
0,2660152520978918 5,873274507801193
0,1561133297439682 5,963698626025709
-0,5697246471015042 6,0564278228234
-0,7383509594589233 6,2891313029856954
-0,47626412267822804 6,4521648790222095
0,6684798903935112 6,7626162378473325
-0,30303081944638754 5,984522327249378
-0,05064948635174166 5,608062028068118
-0,6067473367474256 7,486443258522389
-0,4750702702730699 5,842845166592779
-0,18193722543812818 6,82673353841677
-0,4424711599196356 6,424205115543331
-1,454207065075979 6,534224497322184
0,13475180700708178 6,4077964240010425
-0,8130854127173154 6,2161507359454315
0,5501402469764758 6,6405578183807235
-0,16209431744866465 6,189278073790346
-0,4700323660117771 6,991723050537389
-0,285855003779933 6,692792180047071
-0,5597675181134066 6,708368733559741
-0,7487349568578304 6,155010146890699
-0,40171944318879016 6,290394308374496
-0,06302334023831735 5,814615272597962
-0,737783448154134 6,232063648556213
-0,8166371562847896 5,890283718740846
-0,68326289428983 7,065105934713351
-0,02951302690830282 6,433839584715997
0,22075654989953541 6,493820294439209
-0,3245116178604148 6,295998413243983
-0,21486150681378807 6,507361137944698
-0,8203690024642065 7,641010494847835
-0,06714124885548739 6,258501534722749
-0,2296500685991129 6,083365159563997
-0,8605825527953921 6,6734182433717155
-1,3993543797975412 5,14571236011775
-1,1158036259725774 6,44055007037446
-0,8401199379222566 6,222715225272544
0,07545008504173722 5,912415043900947
0,2709113140880127 6,662450512074744
-0,7252775115687887 6,43556588614189
-0,709476250217298 5,507367223171886
-0,3747070458454169 6,085306916322775
-0,49944531929503744 4,964436074322632
-0,04005153184461058 6,555206333985746
-0,767112620625205 6,550221386139072
-0,030947079941150923 6,011930730002157
-0,6251309727665277 6,678628032760558
-0,07853121829772214 5,767322366358233
-0,6410388049759214 5,925313163951498
-0,812065915285839 6,617166909110276
0,4506402460883352 6,064238299437522
0,027094967441808837 6,377243198817772
-1,4015411238992574 6,126747163205823
-0,7289053297266039 6,2031060987694016
0,09694288705763698 6,224959568941498
-1,103848808438411 6,055193298309905
-0,12017940907009456 6,559796534099056
-0,17199052209675442 6,094607433542019
-0,8550918628776087 6,416415033816795
-0,509927096954554 6,044205836231792
-1,5505274481467899 5,641422363726765
0,3796971844517092 6,864789301548577
-0,660064828430111 6,658335169466699
-0,10361204814352087 7,5529127113178305
-0,19859790309393788 5,886585256919865
0,17342182021834396 6,304091433252979
-0,7221702772829302 6,344317936491091
-0,40360721006791656 6,903256396060059
-0,22596397252438633 6,155017729852689
-0,06924777811641042 5,823050749831067
0,07165859537281183 7,012476331149495
-0,7442094391193105 6,25024666228838
-0,8376322954838615 6,8478934317820155
0,1745371092924356 6,7896708773151
-1,5240565413177196 6,393626439967844
0,27949756643968604 6,32141482440162
-0,6566806948698041 6,212789273754092
-0,5077999883267983 6,400975112533999
-0,846689874391727 6,84012179000431
-0,5296163165995565 6,010351586389204
0,13005053915880727 6,4629944920235545
-0,12008702309963032 5,849255962819591
-0,2591753319314475 5,911518560397898
-0,46108207076577834 6,393102178341182
-1,2283235600676914 5,428492672772078
-0,9275870305905201 7,43885098522702
-0,6771191921472342 5,812041699463876
-0,2766803466172306 6,388527420590718
-0,47069224157221057 6,992680537827426
-0,013766420652417566 5,977119007543744
-0,26870487996786785 5,257223182146635
-0,47834328486236455 6,186098796856658
0,6323620749519516 5,971161486880934
-0,30240523130668595 5,270384922622993
-0,7214896746358362 6,5510166232050935
0,4244649294118149 6,51211860803547
0,09468720037504907 6,97973490418817
0,4025253212902574 5,8481604941588
-0,5609845416464052 5,609003433695488
-0,017364010591098766 6,205210135395702
-1,2319433033678306 6,364400347414446
-0,11351536837456594 6,869246478412242
-0,5843805529587018 7,113855679421573
-1,1830475515906163 7,015811243872667
0,010781628177338187 6,546843510365328
-1,4105842363296581 6,808321303671068
-1,4618718323637596 6,088324959534402
-0,3242803444289991 6,492769273156617
-0,21984481866825611 5,812926607275091
-0,020256663825044763 6,439914375362431
-0,13453706556691752 6,452895025618
0,2328107388831644 7,269635979761479
-0,1553970971504406 6,294080246173871
-0,5716682958028814 6,453593095745637
-0,5423241317276033 6,527052384775016
-0,6466291683252556 6,1811615189747675
-0,35777981162005845 6,0073253103131705
-1,0541915081149793 7,05797733934252
-0,3350574745521734 5,918112955438845
-0,5487253272474568 5,744612641075357
-0,3677009948879463 6,748704366566734
-0,36615705634631956 6,987479097930999
-1,7316508744895167 6,182866848118675
-0,9561654831639841 6,1905449330940545
-0,5598329058760779 6,54984343997239
-0,533261052980487 6,054645338547402
-0,3758239193318031 6,01771541661301
-0,35434442866582877 6,848367970912177
0,252598087635298 6,712137227310803
-0,3492893332826764 7,064151120078047
-0,6620304279398703 5,782277170736246
-1,3050803101003914 6,157340433463686
-1,1898136316025787 6,54916145805372
-0,2377726688440478 5,945761252031811
0,024704833223583855 6,729415395496319
0,2651669246274412 7,0208852205321595
-0,9194651132895066 6,11689269080532
-0,6574507915471137 6,42786764703251
-0,3843517307900938 7,1363810219595525
0,518180886733469 7,308207464428493
-0,44808783972470234 6,781472302449195
0,2701128535348354 6,705286263515799
-0,420532122377996 5,9817034095765385
0,07110401938257782 6,5881763771479145
0,007771349444388953 6,686982097306493
-0,42247450757757454 6,303386597638471
-1,0157101974627274 6,111183549641163
-0,6400657927961253 5,7679228401805664
0,2390040131105894 5,539706799393348
-0,0666059895915933 5,434629920258413
-0,7223437372175737 6,698292963352625
-0,6766728931438498 6,482421339532382
-1,370955125714434 6,166666111148445
0,21665082215925535 6,2428435280566745
-0,06248679370857352 6,513806947684237
-0,5740574843525765 6,326290141414697
-0,4054513642449388 5,73829508691708
-1,5909514878968551 6,865071787056144
-0,7488758218530248 6,5606347622538985
0,1617042466004177 6,5415209168259185
-0,014744885466609514 6,82735302859818
-0,3401682952996841 6,001748998889156
-0,5128777031491184 7,015437395781915
-0,10731585898348683 6,338550250947875
-0,6462111271071933 6,852871117084431
-1,3378651719291539 6,7757961936628215
-0,5086181436685864 5,889170762917716
-0,3039589102888616 6,660021879376062
0,05582026856736044 6,571709012342336
-1,2261164540796494 6,423727505666165
-0,5669742271073777 6,361385801901303
-0,5431704012092118 6,365625052060098
-1,056144526255206 6,814916389740992
-0,26168193637000325 6,697526933814749
-0,13183455802574934 6,423811102051826
-0,6508647278471718 5,662603603683307
0,5220277304790861 6,655793383960804
-0,6651985775984792 6,770378486507884
-0,7288603091769836 7,558776719642479
-0,7433542478159513 6,946288208471513
-0,9132681104758944 5,45898348296126
-0,7850313204485786 6,447786376428315
-1,2225630084479122 7,314259191251485
-0,6012849857882965 6,720346105369813
-0,47678157231950175 6,572897757105599
-1,646919818852049 6,858686006376612
-0,5564933300715782 6,097382579423592
-0,48445153296068555 6,647616675232722
-0,24822407848638045 6,283337657423039
0,09679896245626252 6,398759934013757
-0,07984144153139516 6,822798934766547
-0,8157004350994261 5,945215125672903
-0,8737246599604733 7,052562913819963
-0,21576637305672308 6,1971656963762225
-0,7791584920004108 6,538903093494198
-1,1195455833934622 5,708317696781522
0,6815522978686481 6,7684903223546895
-0,660880706140247 7,1318236448922825
-0,818780665175922 6,15125090230992
-1,6015836019526395 5,8534599836641945
-0,07981752764223576 6,547563209290348
-0,9994864967299208 7,135976999414865
-0,491208294047737 5,683643394178541
-0,021206995679439566 5,855417586304823
-0,9916528476936859 6,181476897763236
-0,46577734792288084 5,998399764653646
0,25637513126525413 5,999978943614496
-1,7338921022633897 5,361511363087105
-0,9107714973212595 6,703100150621927
-0,9577895157251857 6,577931928353812
-0,5989711351118545 5,559147077017172
-0,5294140125184191 7,137169556897117
-1,0361498903049453 7,249117834384238
-0,832705246888158 6,033118902028937
-0,8921310590580616 6,991845972407497
-0,6809131964180846 6,122072774423521
-0,396407207566102 6,499129932024524
-0,05023651264610984 5,9906906094085395
0,022146924441557192 7,515697438650132
-0,17870144316398823 6,260563063254045
-0,9425056335741984 6,471796188330726
-0,507166533995327 6,064602983187081
0,681646127914544 7,339229475537191
0,0017477725119987575 7,351878999963699
-0,7257708532684126 7,224036267550464
0,28550051765023987 6,886791851092805
-0,6995531687303571 6,096176903451967
-0,8397195579832841 6,822496724900203
0,1923473941326319 6,405050277456626
-1,1603432188375993 7,06477598779031
-1,4624073639658284 6,966522703601675
-0,03487628480141258 6,083938887881032
-0,4916731080235437 6,882484578337602
-0,4418358345630722 6,749588901940957
-0,6862299935451388 5,02179024546227
-0,6247652575236793 6,809039996733725
-0,7345735252473383 6,192673782598891
-0,8185150389588502 5,965550449753157
-0,6964736850160309 5,9869413747721225
-0,7122441932404999 6,340950229102979
-0,9198104593410178 6,648601466962336
-0,7781031734975721 5,725840665822904
-1,7568983346627578 6,5034955950252265
-0,16319747305406584 6,69695071001553
-0,310391939340079 7,339474568753809
-0,5479729900795662 5,8702265923064285
-0,3868563814517785 6,233765583530092
-0,368729872262336 6,539403163267234
-0,8675194721337995 6,9822763420147975
-0,7718087249418524 6,256459736333087
-0,2413602690164619 7,00789236291452
-0,4017668312520821 5,439890518680764
0,5161416710095026 5,781897580358051
0,30428750388700543 6,582893849086104
-0,039012503637475215 5,703159427875057
-0,8863860316955599 5,821336413535636
-0,7877970754664376 6,144683244796024
-1,0065419356460172 6,794291172876906
-0,36563989893829557 5,460589256265349
-1,875995996061501 6,4937208580001915
-0,7348282123031495 6,925053650495397
-0,6588767734925587 6,311099072704515
-1,2676638404166463 6,224156562122724
-0,10665041654233282 6,609457318198281
-1,0750894381265914 6,312516150558274
-0,37164724098001944 7,103821567539367
0,8863701379128754 5,852865170851777
-1,3110213788092606 6,382749599336451
-0,5797942763351749 6,511414864399336
-0,7092486426492828 6,219344650995764
-0,8065029132798425 4,972930345440263
-0,12539302651396994 6,328119222894397
0,04764597858257125 6,858660170375227
-0,119699499180982 6,797626269982002
-0,8671881150572671 6,585960918004094
0,7114054653695581 5,859640497744382
-1,3906401680025962 6,606226408148236
-1,0218331083487975 6,1218527661478745
-0,42065393163646325 6,585313129893327
-0,4608216142588254 6,469324182619852
-0,26149653414227547 5,920384041277308
0,2845484737059507 5,962343757240542
-0,5654440335144495 6,586082904129753
-0,4486538437251598 6,298015129274743
-0,8027766001937748 5,98843096159043
-0,21135431460132897 5,947156582055578
-0,6647578291568198 6,256656252925886
-0,6650470843648216 7,192624074278099
-0,23377699734976132 6,145532660813014
0,0119418897086494 6,4015619077901995
-1,6095718496685887 6,459393820763749
-0,32512936149493593 5,843058481173022
-0,6406202331704193 5,527155434997646
-0,031710105000945565 5,895251309551129
-0,6305798743689057 6,532110365822145
0,14500764274949973 6,452237205876699
-0,8437250840736694 6,759774961494527
-1,6206835276445946 6,456946624398552
0,02027794650418302 6,353797031184392
-0,9272910549543855 6,10656553945643
-1,2956445422034135 6,85087507185034
-0,4974918645096847 5,948981607558635
-0,6251079068467345 5,853371918270984
-0,09396608595914668 6,692099435613046
-0,059313163924044454 5,741993021592166
-0,4577083508869539 7,61596717624831
-0,9479265447906425 6,448568367198566
-0,3620479432195011 6,582524735081437
-0,4229213837713617 6,0043617646573
-0,22105023659682932 6,2509392547982205
-0,9429219307040009 6,195193118477817
-0,7057050104154265 6,137654183084673
-0,25082951566359724 6,725052552673907
0,11814495378421208 6,183783657806353
-0,02255756985185503 6,917322291461085
-0,46449113825525123 7,740162851978906
-0,749216085792224 6,260801056845719
-0,3036082944919974 6,484729433707306
-1,0512137924783853 6,598312705501748
-0,9140192934620972 7,314324083215753
0,24936708239816163 6,3672477843999
-0,30450133380818906 5,9940632170898125
-0,6792819407181276 5,775401424106142
-0,09094923153901585 6,379579703202877
0,13796890809314688 6,184381567392053
-0,7278373529544702 7,4135763215689945
-0,7192225450563878 7,293502887257477
-0,7818414605051529 5,891385262957195
-0,023593414473969287 6,053191625144405
-0,01873985007158807 6,445456730862437
0,18743308681389936 7,1071848881983755
-0,0012170989072320948 6,437078245104519
-1,3216276135459095 6,084951357924971
-0,3650364133725505 6,379130771967632
-1,0347112752551761 6,094329244970971
-0,7619757613173579 6,709810281638735
-0,4202214720412185 6,054054821086641
-0,08773587465669819 6,153353650705511
-0,9509402450571889 6,989538583647042
-1,6678784045578507 6,024389203261958
-0,4152531529289344 5,685507660638913
0,8162672178676251 6,456068552597146
-0,6069416836667263 6,228334974816696
-0,4820608563565208 6,6642794273839705
0,38556323543638926 6,567307644284539
-0,21038126430075604 6,392612429597313
-0,397088055340181 6,3780499641839965
-0,28446024117491364 6,040642452257576
-0,38039660754482585 6,4502452124156155
-1,0753957879100031 6,849214067635378
-1,1762411527314989 5,921848306219256
0,43789548223046826 6,405872988738227
-0,41357689787907137 6,9277660547863
-0,455470852541801 6,661283723527344
-0,5506324058597549 7,06330812509435
-0,11498194002342377 6,124500512001827
0,7638269770370931 5,4931874527215605
-0,24354224027775323 6,508897578896837
-0,7995619869889266 6,589857084432237
-0,5722190027774221 7,092782654155331
0,029979659770977385 7,002644544272486
-0,7969188745381489 6,676943488425224
-0,07939532931651605 6,791266784004211
-1,6658872608207154 6,312660947815674
-0,6204583595548435 5,799014371259386
-0,1914485670913154 6,4674322856094495
0,12954419945620765 6,899858408732882
-0,9147556823528458 6,736752111833268
-1,256901082646952 6,825475346498676
-0,6358861562775596 6,194693833395618
-1,0682280777050945 6,275798257909782
-0,5800369071964151 6,650284420976296
-0,5088453011472688 6,135317979664617
-1,1650910964326227 6,150713141952493
-0,10329901877621755 6,55756279510772
-0,5841255205138756 6,789024048497448
0,03471136067102476 6,3088073402542895
-1,427971193979697 5,826976946392175
-1,0141146591043455 6,040669719397579
-0,24718391950758867 6,510407719365543
-0,9050738592442826 6,504332158851977
-0,5877864028564982 6,529190745746668
-0,5051690150530628 6,669219322216872
-0,4263905833549664 6,411476956190219
-0,8443016801985037 6,54109969933915
-0,4308752920954113 6,386058265504561
-0,8967904264488902 6,982938418383713
-0,16837833945826247 7,124742692527745
-0,5629405835731618 5,814066035728977
-0,42800026203389074 6,280945705867867
0,7794448460135168 6,424933922689347
-1,0590708011316607 6,275114320911833
0,1887725606884939 7,3050329725844305
-1,8351942523563365 6,520549315963861
-1,5447069012911216 6,005885763393822
-1,1258386126754356 6,706792846699329
-1,0942827564691182 6,544058946342091
-0,4036676747622253 6,560668136695705
-0,36059744174741615 7,3125097563185895
-0,6329292080178324 6,583964264796399
-0,580457557212881 6,256740914981996
-0,2416361933658197 5,430933463763943
-0,08890663502127927 6,325872167847238
-1,1687880818865297 7,061556635582589
-0,6864640594481519 6,3629871171409
-0,5403134852881553 5,288546727659242
-0,2628605755514235 6,159390480822771
-0,8918521449683856 6,90491594637539
-0,5501291616284852 6,681480264200002
-0,4905267565680712 5,9886312286636265
-0,8577536255614151 6,125929288719453
-0,8696761488055931 6,203217347367786
-0,4561456850129828 6,077214790987529
-0,5706911468252542 5,393734743049203
-0,255279814121334 6,790367227228922
-1,0321479341541482 7,03710165526354
-0,6808593377710438 5,649347204936624
-0,6201265996084461 7,030498143212151
-0,09858661976984745 6,357060076220386
-0,9757254611156012 7,021137851002932
-0,38819257125410694 6,427546895064217
-0,3791408200627068 6,4763439729983086
0,31768004750833656 6,5947890004101
-1,0090632559847807 6,013538514351355
-0,834135232890397 7,005908749083005
-0,9741964149433107 5,847881357881602
-1,3404081598658502 6,207538304660659
0,37682489329970925 6,670704015740578
-1,1262691893062113 6,153974056676262
-0,9136712783590729 6,797337297326466
0,15236468030942973 7,096504763510972
-1,3820720973007576 6,914844677445912
-0,12734278918795944 5,440514020079683
-1,2120307465025388 6,471495161728672
0,11782879443314342 6,92291298226719
-1,5904574173520794 5,750197253507966
-1,3822532819569815 6,770376970533431
-0,7779796913111044 6,74230206773865
-0,019607228745282368 5,802526730949861
-0,5209976991499368 6,825688009789075
-0,6733761102749355 6,544920573683961
0,1675035299007085 6,7337625712796285
0,5721011953848865 5,925415484036428
-0,169389931624764 6,483639735104687
-0,8169458253822919 5,5561323998528325
-0,7145900908362861 5,2700760731524685
-1,1497422637103125 6,4789858901828685
-0,455109862704624 6,958870480299649
-1,3203150668198136 6,535040084051534
-0,22958674617689973 6,3768486449469215
0,49726844898832656 6,314804616891557
-0,14672278393512517 5,937288981197462
-0,7400924339291174 6,297641225021341
-0,2420498675157549 6,6194139110512165
0,3047481487512884 6,19096056051868
0,2797287437989193 6,783865103836883
-1,0073975196133356 6,506559193851295
-0,2503703790404885 6,567061385805697
-0,5845693188667495 6,852903053694474
-0,10222194987480676 6,145193960591499
-0,3137115969232647 6,73826197001247
-1,6903792785738738 6,215333318293007
-0,6795251169800696 6,578328918828414
-0,4062393923835042 6,08568600160071
-1,222701057411073 5,953219765386628
-0,2150075688986573 6,454504049743241
-1,2675261946951653 5,465971650908435
-0,9047380975401769 6,260437955164553
0,1651373860184172 5,605383174114404
-0,9474074682637843 6,798188694075798
-0,21853509423081235 6,933626974973452
-1,3823054327859936 5,976596066208591
0,5351387545509207 6,622728158155742
-0,6577953930752789 6,85813953376274
-0,45785817035779053 6,859806288169886
-0,41600017555716756 6,515797093904815
-0,20173514166597084 6,775724014699742
-1,2651085653247387 6,083906020958797
-0,5081868092499817 6,450132909747334
-0,8349029867223284 6,1750199735236055
-1,3502971868707851 6,041677690026312
-0,011957473767295002 6,426603372653807
-0,6816050656314454 6,582336864998031
-0,3842583610253904 6,9903260608964874
-0,41559586446762053 6,541149440568438
-0,6729447100197068 6,7295369443997695
0,4819951029837405 6,735213263543763
-0,5291509001461547 7,752338859767474
-1,284494732669984 5,503555475282704
-0,7057092539233091 6,064604743500405
-0,255649763775595 7,145599703163034
-0,2392210191463746 6,232565139492257
-1,049409041462531 6,851473245719854
-0,04077732015926527 6,523576438800412
-1,3869520382671703 7,4611728775229995
0,066549027476559 5,852044463387138
-1,1651925184003529 7,0194719531784004
-0,6186411833359882 7,283362329555244
0,02676576518169982 5,901362238334994
-0,4457157393881154 6,800006798709667
-0,09716931497486514 5,9258226840044665
-0,196187593976684 6,423652463186556
0,13761573287065043 6,280277711827907
0,025586351625205728 5,20719470946915
-0,732390728099871 6,620688806774943
-0,18904775693491754 6,480241260722109
-1,2687945046805233 7,148111163621874
-0,5344710275005425 6,714143504243765
-0,09627620651238028 7,554013638958375
-0,4385947467086502 6,462092867958351
-0,2821987080731072 6,35580665091784
-0,6121547618145459 6,316393351560446
0,05901614493592122 6,188777321403107
-0,5457264606861464 5,30469621872771
-0,7382436650336768 6,298474363415015
-0,06225986754712298 5,374644313700998
-1,20809853501388 6,634588349211878
-0,2550019020729776 5,788541530683702
-1,0267610109452194 5,961405365374784
0,13344484078743246 6,0738665795027185
-0,6360322004550478 6,306104158012372
-0,4380262134218058 6,412005804388513
-0,29923337550958884 6,950811468455529
-1,4703608719887287 6,119806630165217
-0,8308109946100786 6,648644745030179
0,016254380811626667 7,774005293530777
-0,0716360617462059 6,597247028300609
-0,36400247113404194 6,318326782453177
-1,1802503595444118 6,018995850954846
-0,21276684340236052 6,31140590420883
-0,14881877872892724 5,965461505114291
-0,4820099672697776 6,54290239026088
0,10606690146407849 6,46034374623869
-0,8472344688967116 5,327462066460098
-0,7604473625816375 6,39929267403596
-1,7478243633745574 6,9466448332390005
-0,045604818757818355 6,209015750817619
-0,34858759209658297 6,082123290713213
-1,3464287363982645 5,719721290360567
-1,3848180738287237 5,479575656106792
-0,9418338875171555 6,824246310450621
-0,10868960284147333 6,317832512129396
-0,6556988178759644 6,794582457920705
-0,9079120321618126 7,174233549208728
-1,008576520373398 6,869195519374166
-1,0309745527457435 6,137385516199596
-1,4723577243854302 6,481005509247772
-1,1092164896548373 6,1011852443405346
-1,0408076136702338 6,054427445618162
-0,16420695560307702 6,579979258120306
-0,5883801004049577 5,992424735359908
-0,9183109953403805 5,303995867374644
0,6493428038714433 5,964497729055306
-0,837467030604983 6,255131102575308
0,07803288336016789 7,169270925834955
0,30503570506220756 6,163102951983311
-1,2904987426603216 6,664533722433632
-0,4685370917948661 6,3244175599379595
-0,7642853992857621 7,021774248854186
-0,804980772111318 6,987119869650973
-0,22783016542819606 6,996659229538954
-0,8169538220432919 5,5415799122103175
-0,7535030969948855 6,5119337005414915
-0,5895760216442969 6,788040976979968
-0,6922182080199348 6,599340958213659
-1,0923036773377128 6,7268698398299085
-0,10756532140791308 6,437747179061732
0,018746895422150134 6,036179573555731
-0,33370927906404146 5,560022984425868
-0,693794899342783 6,0857869625947565
-0,8581239419965407 7,74762661373819
-0,8573286052948732 6,165746088873658
0,6731696086847041 5,428876563873622
-0,036599423048328084 6,774896357283535
-0,9255736131233192 6,836301681260316
-0,4231696601130798 7,052233871995064
-0,6867860863813313 6,644060928772384
-0,21361838575350478 6,8313724341524695
-0,23376902243697917 7,328680244339989
0,036286253121085355 6,035834930887936
-0,9307968031627478 5,9366463242071355
-0,4531509245125849 5,86127840714253
-1,3797920663104133 6,275686883672003
-1,1341887240460724 7,125282886831578
-0,06346815555206037 6,672605860792111
-0,9808604695343136 6,652917653273603
-0,9259729728555777 5,498917712586632
-0,5096576111066747 6,061978263300785
-0,1581380584083803 5,490742860487975
-1,035931971748698 6,994194571579766
-2,2459229882116922 7,20139492336186
-0,9406301949034059 6,798355040539184
0,0972954651447685 5,915178654049221
-0,33395104832321326 7,149582923726889
0,1564188280619565 6,281944221906389
-1,0714266448979979 5,801342036542663
-1,3252167076636783 5,926369549613148
-0,2742442975078798 6,193493359123075
-0,385507204989127 6,433360937161347
-0,3527414136430209 6,327899571093097
-0,03902025250636609 5,702237467833481
-0,2946761118755202 7,015229881511815
-0,3027097772614607 6,333268717200572
-0,14801506693107974 6,051694748783668
-0,2543102577381364 6,963722857910376
-0,07679560797294721 5,8168685827857285
-0,0012581614423592402 5,594126585131737
0,26032582678880745 7,044815400218363
-0,8301142362834898 7,354265601694164
-0,26523752012627644 6,177523667593295
-0,6906802581302984 6,385586672960422
-0,9222980674712835 5,835239319658542
-0,8502887343718332 6,41131795204069
-0,2580408150508874 6,170719045053396
-0,29639229643864995 6,357507456901494
-0,30531255921243167 6,613200870717615
-0,6183753976163167 5,85949893790357
-0,5038111982424449 6,227666007302711
-0,0966422258936252 5,506680966029905
-1,2502151036563032 6,23107803486235
-0,493197524617358 6,361854641460495
-0,46054049976825523 6,523062889449533
-0,12886643929282549 6,528359947100598
-1,1806427798030628 6,860533052287422
0,2420482989270557 5,638738417282334
-0,39870336161739506 5,665433161943847
-0,37222830048418193 6,6730506451152545
-0,7062084524977633 5,389091038416286
-0,2365073964332282 6,50022178297149
-0,4815415486900973 5,818425207124047
0,09897239822158277 7,194978997377585
-1,2262656978634578 6,533797880782883
-0,4177456588863961 6,298993667062463
-0,301262399642937 7,022432115488583
-0,598704771013196 5,876870673633519
-0,7078514854851732 5,97186685987509
-0,6869972133160038 5,77784426009144
-0,4181989391477361 5,976052063744498
-1,410498024322003 6,439129481602688
-0,023011093300035257 6,655547612915854
-0,7455845076795755 6,889282519602765
-0,44161722514825874 5,4962096534686244
-0,3219674404376165 6,322640183687348
-0,7684212674881286 5,854489411323593
-0,571037777331148 6,3059281311749436
-1,523138694144402 7,575653466982514
-0,1394567701651141 6,554502557919001
0,034515926329432234 6,858304162493117
-1,356015349801027 7,388917312999517
-0,708765012179781 6,972250798506373
-1,1204532629520574 6,184614437075502
-0,5943887345753531 5,770655633634025
-0,18120040647116958 6,393499542158568
-0,011864124203337545 6,124718784809652
0,0554080208817741 5,646311033609407
0,14975333851445638 6,529034175563728
-0,6167249630594329 6,541514825948661
-1,0789978881983697 7,293130027050637
-0,5628137239856346 6,227690142500587
-0,18888482267986212 6,548632371403719
-1,1191484642920788 6,0758289695738865
0,3245499028924709 6,845156392265727
-0,05657430445147921 6,346262778823929
-0,6088021580473146 5,8222758724926225
-0,8609545390372706 6,401835766086415
-0,8400791143879716 6,603833125701494
-0,46841546693157243 6,536208370625776
-0,6202198751968262 6,931520034666929
-0,030267196190337686 5,684543490898649
-0,6770064879829647 5,987200381911523
-0,25276766852590454 6,7284653428167625
-0,5199810159190851 6,045937187938458
-0,3706838951331147 6,528807301584098
-0,6205467916298415 5,1986990532131125
-0,15166080320683983 7,766544963075435
-0,14424853368661156 6,273712411140326
-0,275554060920578 7,005549806913133
-0,20176141025689792 6,240122764127248
-0,9777029626031764 6,615920941284437
-0,3438956923771604 7,15453150009163
0,11908230991211666 6,991474686523187
-0,25981629032190134 6,306344187076382
-1,0208773252324117 6,340944514222148
-0,5304018286561925 6,910354957010637
-0,31802960466179564 7,575193879061644
-0,8842183322808046 6,504713014118515
-1,1846541721933264 7,387103497189814
-0,6635675080499136 6,2878644717088905
-0,8759347778155013 6,884551858673895
-0,5126630895266345 6,959149558042637
-1,3012208975797943 6,203591424992608
-0,2231680425635722 6,0350326372681735
-0,8228210914783285 6,981266271192671
-0,007642455490972144 6,142793208297466
-0,6439679937298391 5,961396720581293
-0,5182130970238937 6,066591926019446
-0,592036013180109 6,140765007706288
-0,8495984188817864 6,8368802292318325
0,7306211573046799 6,666093013557088
-0,7534516628352925 6,76640079929794
0,006242187401179988 6,619261582468035
-1,0523330468633476 6,111651595795674
-0,31945287828506963 6,757123104873131
-0,26608249186573224 6,999798590221646
-0,517607062380715 6,700823284978648
-0,7910209336514367 6,633399630231919
-0,6371795251386321 6,0250444236336556
-0,7071633248182103 6,514480216406233
0,6954945670860779 5,998451012194643
-0,5168201185540598 6,396557747878692
-0,24307418449967488 5,588438357306336
0,3852939713810335 5,592292475422948
-0,9436779078187407 6,313047831945479
-0,4866884572476812 6,134351841005499
-0,6401116396723445 6,461965273656081
-0,5485877965733321 6,341187387361434
-0,5950245573903928 6,423667070524072
-0,8714571166467586 6,712875398097364
-0,40781343133333364 6,176937199088578
-1,0368349625397009 6,298849771096562
-0,011077205177141003 7,136082288300576
-0,19386367050434822 6,410113740331507
-0,752249982013658 6,3189664396062994
-0,7280102345185799 6,4498280265805885
-0,36776329265752356 6,327889490414229
-0,9047912316347413 6,053785530442382
0,4004714882357856 5,909556758329134
-0,3265557094857658 6,026856006843992
-0,30888699813981135 6,845031270304387
-0,1647960336530072 6,093619049559788
-0,7952502108666852 6,331109376000856
0,0389864170607368 6,758939819485443
-0,44825189072391813 6,269376091513505
-0,030445838332234187 6,72525233434082
-0,6044951371158154 5,638175155703561
0,15312053953394278 6,342313337148045
-0,3048467603192552 6,4480197252182485
0,5857349382568935 6,420141038468078
-0,6902793822427651 5,582112327999552
-0,40324387578627735 7,010128000134396
1,756565337878731 -3,1951767504443667
2,351420372995673 -3,481056604107498
2,1878839516881046 -2,994439932799102
2,685756572269778 -3,5812803938820914
3,2776462250515426 -3,0378607749218087
1,5387195680930212 -2,88406935123834
1,8594448697281898 -3,2360024260764857
2,278448057283965 -3,4429195367233327
1,6312251515880434 -4,220424738358215
2,5749931143423193 -2,5558579514805664
2,6055881214429686 -2,926126119568121
2,4636263483619576 -2,9139676738983704
2,3021926858025377 -3,9084524825794116
2,8687561993493293 -2,437856964820733
1,6060890695300083 -3,360384747999802
2,216535908035716 -3,272173966040505
1,8145003759993283 -3,6624197424001745
2,6288599766470235 -4,021249180360686
1,2672312281112228 -2,549103158828978
2,169859877567949 -2,4844776299919493
2,3515211538994136 -3,2105403903674254
1,710155742877552 -3,467468599593937
1,870806794253656 -3,316298399257891
2,191591301050492 -3,3025838097085365
2,6614500000851775 -3,727706175780561
1,6674671960709122 -3,273903922412682
1,7546768401770962 -3,051225318223599
2,746695695884611 -2,618697690866386
2,047414110404522 -3,120654232683906
1,7951322904419504 -3,9159521691404797
2,548244208972897 -2,9510023830914234
1,9398033117483158 -3,2557415955256386
2,697612578033826 -2,4425714676988286
1,8520416218745832 -2,413047413668758
2,1041045294519414 -2,395549158557112
2,656387643058805 -3,4085702823774016
2,0707713747775633 -2,132848778021983
2,5619284714037622 -2,9523050622429086
2,151128006973937 -2,3145861118564452
3,1747477135644537 -3,3790861216066417
2,9682911124158635 -3,277074683495575
1,5198536791475652 -2,990762638354719
2,445023650988444 -3,051837509883792
1,7756998173139182 -2,500370342956177
2,2796552797608047 -3,243840973964989
2,2180871250195695 -2,5454688195355835
1,6562083018181954 -2,761659061124435
2,7131440821296016 -3,234472423994336
2,285553282148977 -2,800438005949605
2,0415602925281475 -3,3644088381072863
1,9648468982426417 -1,952673414687901
2,253790295247557 -4,459942475227985
2,387864319121582 -2,791304712443242
2,1214139171853064 -4,0100742693292855
0,7676420249763349 -3,240604666299796
2,1923471684856812 -3,170580359426385
1,4631607795595505 -2,3739595352339196
2,0791755275399013 -3,473852420729207
1,4816196818296183 -2,473770356859873
1,4756529928247055 -3,7171846348031603
2,8014627213387033 -2,4544414528133287
2,023855819892244 -3,364949035642498
1,9855707304534804 -3,091059055070202
2,425163834778735 -3,2959656462459637
1,9986065488282132 -2,48659457763296
3,2358048564281443 -2,583906393073888
2,0473919300014294 -2,9060254543984994
2,3664645163559443 -3,703710506984149
2,6693724760528696 -3,485287248705883
2,9850284231678943 -3,6420645774438247
1,8128987425356191 -4,251847758086844
1,9749200584451168 -2,4971172637657384
2,8211977480111967 -3,2916880778621103
2,5889329623907846 -3,2970232968369104
2,721489778198668 -2,379725197977982
1,499549538584605 -3,3657706158839455
2,9579016873264488 -3,5480117825337274
1,8031980387220368 -3,240149124948254
2,280048299435387 -3,69411084062921
2,109790371568554 -2,9555984300467837
1,7446603920904042 -3,314607353822847
1,4776339286539377 -3,381412019987668
1,3119777520479903 -3,424727900700913
2,2434110133914267 -3,1808870616117675
1,4212422652477112 -3,086035751930836
1,6169940128209976 -3,3877638588945227
2,074883871265329 -3,3071592827383354
0,8644975602344893 -3,168537728100436
2,57339166638644 -3,2189853824605312
0,9789577268110352 -3,1122383312532547
2,1452156146980528 -3,4661117163147686
2,191411423661584 -2,6254798601275167
2,452932670455344 -3,0793622259860034
2,1630614091694924 -3,3796996911032005
3,1928557922810583 -2,9555842060014945
2,2920602511486896 -3,164960614100119
2,710708009986269 -3,9946894919325957
1,8221704059292954 -2,9572999695799487
2,244280213459173 -3,6375294158828555
2,9576868578789024 -2,660562423075108
2,0650542480196186 -3,2486511341374853
2,2800191924620545 -2,7377411659952298
2,674328534933177 -3,4428855912895653
1,8127870502686219 -3,092811681120442
1,1031216437048426 -2,5226545644373237
2,3116886372206236 -3,262284587898173
2,6782363950434407 -3,423184864058664
1,5081789279184536 -2,800256007799867
2,5190117590031087 -2,8099455163152816
2,522385004034208 -3,402150881398171
1,0471536808067872 -4,120506824899643
1,715757494161053 -3,4327878034399397
1,985987419998608 -2,7890965538475507
2,0940898102468206 -3,5152934094026236
1,8123346779804472 -3,1332452331988594
1,7854004085733481 -3,4565187836739337
3,0196432559554856 -4,093859895953787
2,130122244434985 -3,465516903210726
1,8363799802895695 -2,791210304345906
2,163317071908164 -4,312902554723668
2,452447226895011 -3,001692639452974
2,209714998720043 -3,7208109303904684
2,0810380149504524 -2,823555279953666
1,8588934760292126 -2,7706168467539354
1,8528363876306397 -3,2137502821463997
1,8849976171217595 -3,2126103940813726
2,353309110769808 -3,5309576632589126
1,6868117641635456 -3,800568014743245
2,38053642209955 -2,278729861523895
2,890399188177854 -3,560312028276326
2,346755489271039 -2,3438782490925254
1,9991090459058707 -3,5575263345908503
1,534838367837124 -2,8651811195218975
2,972955214320196 -3,696679894517579
1,5988929850649831 -2,866078806239754
2,608182827602313 -3,2905699932673227
2,503160740661682 -3,284034395028597
2,0655175088824094 -2,8227647297985365
2,0524124084741002 -3,362346997230311
1,2660461733439288 -3,8418505624133106
2,34893431077075 -2,7471235329860355
2,4938649765623415 -3,700726609681926
1,639361752290537 -2,869517672491807
2,105991073199888 -2,6412780420242616
2,202832767868914 -3,3155232578668703
2,4761881243392234 -2,53659989264487
2,185803348426033 -2,8868844607601196
1,3707421333836471 -3,4757070247631496
1,9189329256331946 -2,4270618135577244
2,296214703058949 -3,698612225560457
2,604665981384319 -3,3161265296425446
1,8750835056673159 -3,2309337165004264
3,277726747639449 -2,825164464181634
1,2366652759459569 -2,5700596660001946
1,9020517228354887 -2,601380536239405
2,1423850086180525 -3,0159021549036087
2,0835272285880073 -3,267910866922545
1,5678306454570228 -4,040768435504577
2,407832684240336 -3,78484924191837
2,3694488360214003 -2,244448570045044
2,2078825333552126 -4,045812308442032
2,349823741993697 -3,5200216363118164
1,9720136046404237 -2,555473173665717
1,3752203353101553 -3,022919665092078
1,8255818753383168 -2,663753779187916
2,2624291010691597 -2,8563621390554235
2,2652740177876374 -2,3929850460103186
2,204591336657363 -2,9800626714083194
2,458255944356955 -2,796052450115006
1,893328787639431 -3,489899580719932
2,197242338919707 -2,8346098269016933
2,4699481995669 -3,3258393636853762
2,1414569011132625 -3,354329248681118
1,5622398461613898 -2,680414557367193
1,7031576255366705 -2,67696462666108
2,5993279725041227 -2,283555236817696
2,8801378918357257 -2,316144721947661
2,7715433642764635 -2,669118734011374
2,2999797852354567 -3,987999119809118
1,582335509356093 -2,2139358232159134
2,1807260319780046 -2,6687924793575806
2,96502937633965 -3,510706359733913
2,493146000592677 -2,7633217369093708
2,0801630490225027 -3,646409185172126
2,4982144267850472 -2,8184612546358907
1,5492042070566368 -3,7859113352278113
1,8360661214403382 -3,53188551908408
1,6418061148532768 -2,7728117500904985
2,4186877195386556 -2,591332943194315
2,5409535602244855 -2,9650578849738567
2,106988796765256 -3,270860633034747
1,7474369719946563 -4,185209462199257
2,1740272635971256 -3,2322868645164418
1,9406118650275355 -2,861033776278498
1,7858164580175668 -3,2861588676585853
2,3533986530190623 -3,139065285237971
1,8049056991051025 -3,2205850486497223
1,4007269438823928 -3,2886294236014786
1,5118445751828458 -3,0898376197108552
1,3822715769564644 -3,2641236057669922
2,3076577686525415 -2,4061315378747907
2,259104529452521 -4,230985738882628
2,23416185761852 -3,4006976076763005
2,4777676366044106 -3,5629044264493746
2,7798812384229974 -3,0182210146735566
1,8877685449518815 -3,0892039217491987
2,3871405489836484 -2,3166797639160475
1,3940940566615008 -2,1522052905418647
2,8732566834961144 -3,5143180424760025
1,5614861912553608 -3,127526282173947
1,8288612508442204 -3,0296241062285842
1,885047053497893 -3,5266831888594297
1,4207663120033331 -2,8135852966719503
2,20018959906872 -3,247529999073234
2,29085374446518 -3,661593739991251
2,0891949748736645 -3,2675604668240332
1,4137779943489008 -3,626613601061086
3,175594927790295 -2,609452899981134
2,4585172086152633 -2,1769966871339266
3,5010128321894185 -3,005366627743492
1,781347190421293 -3,072137930664124
2,6628429244529275 -3,051558931253669
2,573538754061521 -2,5366593002216042
2,038614258815758 -2,54742681289217
2,889427260894051 -3,185603098964877
1,98119680655755 -3,001481351001216
2,0034561006521354 -2,8014531111022225
0,4481868643952478 -3,6966200429661287
2,388415837235758 -2,5214721959805333
1,521146854523236 -2,260360369077148
1,9085412125166836 -2,545260262271033
1,6707919909919253 -3,7505732704980392
2,000786040705308 -4,112776542400199
2,405841925473157 -2,773416977931796
2,189472591888818 -3,507871039171805
2,538722455617343 -2,984209637629269
2,816716578157255 -2,3602019546869872
1,9995038420255216 -3,4562539028899666
1,9446181893563823 -3,316553642895242
2,6627656371954442 -2,9894148283966038
2,7024254547344038 -3,776531134681877
2,554197244415963 -3,5067044126936997
1,7078124069947644 -3,1153475628151273
2,395229343115241 -3,2780037490996374
2,2386371123880835 -2,8235724377911486
2,710166281039271 -1,7447865074711282
1,897465765595565 -3,0782071449816995
1,3505966647894811 -3,5486322877097662
2,5290202105545756 -2,4186561373119795
0,9047176187358881 -3,9221855523508724
1,818145108416274 -3,8222304002053153
1,6723040547052919 -3,4253280340146235
1,6689344749115658 -3,2692196749505746
1,8093860748868913 -3,437312682949366
2,7925885952402543 -3,143532476902273
2,594179519867626 -2,9904053633175893
2,0580364693681865 -2,5932965470531926
2,750713546293964 -3,0821821777688707
1,6527532327812522 -3,4087494385383126
1,58476011749086 -2,620453621471056
2,6157001399877347 -3,536634052555827
2,4737234250257627 -3,9440776875344232
1,9537701095727775 -2,5247983057384906
1,6161713635153738 -2,556849692285276
2,9137677478834094 -3,523925510792815
1,32385053489053 -3,3273257416012245
1,884688842692659 -3,5862400873557263
2,298190074123388 -2,964464205908195
3,084984214580162 -2,261751669006721
2,3754519164010492 -2,7763354153932007
2,4240541368710886 -2,6099139933992452
1,8992099602903756 -2,717912148845256
2,4681419230017383 -3,1278358889703086
2,2365564708039827 -2,586106095735104
1,3896695401556602 -2,755261033234362
2,5803692371109928 -2,408053457114194
2,669098505287865 -3,35755078527164
2,5855843347750205 -3,996832134463455
2,20056577319734 -2,605150807254223
1,7058133687896155 -2,9528915543877328
1,0293099447220064 -3,27579936485138
2,2624286130651647 -3,2478527208445076
2,724872840234864 -1,850433151739704
2,6816680449059795 -3,4488736409578973
2,5919382320613633 -3,554427968103928
2,146796321089744 -3,085134197944086
2,727633897380188 -2,5375308757042814
2,6459827222923904 -1,988575321426148
1,97258503000366 -2,7990938329959762
2,522200818672363 -3,7629806866804767
1,9159222376597933 -2,1423441793318623
2,4539139261729 -3,1375106642293105
1,5343434882139055 -3,5466310306382467
1,5727959060279786 -3,667472543240439
2,713005333836393 -2,7096119550230338
2,6526818714668217 -3,008361621597555
2,500707580652355 -2,9552386262178367
2,2278862208908543 -2,4845247551547964
0,988264594852365 -3,5288536104455837
2,1464638412611943 -2,4446990005539377
2,4109933939593584 -3,387354976087607
1,9165351865846434 -2,045772627734584
1,8276547139603205 -2,8284068066941916
2,906112004441285 -3,5878955795789502
2,1537573146686335 -4,140485356351002
2,4112993951856296 -2,7233139535512563
2,570967541174122 -3,3148664526858536
1,6831832721119002 -3,2055591619516797
2,280505521721536 -2,7446783101037084
2,843724057603089 -2,6225694015654337
3,0935134020143 -2,5159211443561165
2,2038700089717844 -3,71519696888223
2,064930036690902 -2,4148289398784675
2,3184138444332056 -3,4172989827748363
2,3057203338781997 -4,255901282064875
2,877280843430016 -3,7169964881207846
1,6857059657809055 -3,0187637686244795
2,0439652672814286 -3,6171834377313314
1,625331146926184 -3,1717985492787837
1,6778543674656508 -2,9586500709261725
2,3721888179340014 -3,218469016245405
2,5888307311829526 -3,3749534836191204
1,8592059634925666 -3,753124346184875
2,569949204852084 -3,1168044105830957
2,7396911389304233 -4,160255008483129
3,1512548095811344 -3,4707753355504725
2,218775234784964 -3,5916683692211424
1,8640195466423726 -3,2474647404452193
1,682665844561492 -3,2344412143453964
1,6330052114044924 -2,647797977473889
2,8087921610662425 -2,336037676065962
1,426354138886614 -3,686665734809247
2,7927760531900394 -2,131360002055747
1,7496812957383647 -3,5174241144514777
1,8412987114347363 -3,041512923229217
2,108124082859449 -2,872344820116603
1,8320745355811836 -1,9054849383995087
2,6498916878442267 -3,398917483572094
3,0905737863558267 -4,026145321179788
1,8551857315878704 -2,382586579594271
1,9677828907821258 -3,544463094088479
2,10224140672249 -3,3085706049785584
2,454430192110758 -3,6866511416538494
2,107159670886511 -3,3071282012152214
2,877530515890737 -3,5479720827934824
2,757213768645403 -2,7895554064433763
1,5911706335668891 -3,0873804998297723
2,4443858931518534 -3,468303894998101
2,9440714290191905 -2,629840326361298
1,9365113374809975 -3,000277939353462
2,036769374467661 -4,0508004399127895
1,9198833114379616 -2,667924657648611
1,9303640026026865 -3,0353423727644446
1,3496760344089154 -2,4324100708949903
1,519744334631914 -3,0658176015194396
2,2226386697330542 -3,523630989974559
2,9407007976908286 -3,2299239813416802
1,8772214041052977 -2,7258166492504015
1,86252315889016 -3,513144844541193
3,0346623455748065 -3,347924708244541
1,6297730794564458 -3,2386206046902952
1,3532802290112282 -3,702462119798698
1,7696440922956893 -3,505938027005049
1,852509570967256 -3,0415012187886665
1,3101752680169065 -2,526537440864258
2,1198809572271338 -2,9692028223355242
2,658124985295207 -3,1507069443752727
1,540924423507026 -3,5434117016669173
2,227690919841234 -2,5801961088306458
2,3818696481778256 -2,9110235647173406
2,142209672727293 -3,4811411964503813
2,2767481052349687 -2,6784520853483116
2,2825654416620447 -2,8479877839355283
1,777537831905223 -3,5345414893738796
2,933193096370373 -3,178465442822862
2,8077802274025467 -3,37416267881223
2,778857508985023 -1,8110073446749593
2,690739680636371 -2,8619038731279325
1,3964120756479272 -3,0343952872666415
2,6469329992704225 -2,891444786652405
2,511702524139193 -2,438195020592013
1,4156400028925475 -3,1694663869099946
2,0764466327894002 -3,42273096362364
2,3222985350270835 -2,7056347006420527
3,0160603594267568 -3,215248597691418
2,5462637393115686 -3,6627239792310133
1,7516189467252885 -3,760119530568791
3,0315960395904207 -2,363128039270995
2,205791691721384 -3,0619540312311195
2,0559812419128933 -3,4225600066869624
2,020342712070033 -3,2449437702117936
1,3721241913528726 -2,724053955686586
2,129017058456368 -3,2744790726117845
2,432644439017268 -3,852486179279471
1,9912101466018313 -2,9648558886167993
2,394128048988218 -2,52360240590398
1,7517062749073489 -2,557044155704636
2,1134378532256295 -3,4074412837593844
2,342171973668755 -2,493189986461572
2,2787322488961497 -3,0213013278549505
1,3811692655049161 -2,5072026427513983
1,9643988349288248 -2,840932799689485
3,022633275520742 -3,8885747360070964
1,9376787731991802 -2,2544068459365887
2,191805582420359 -3,101884389091285
2,140523935089967 -2,8393794027338535
2,9680216898242646 -3,799798628926684
2,8290858714617744 -2,875113064651729
2,587667310273844 -2,576312448319432
1,6972806536781724 -2,1601161463915597
2,363493334960479 -2,4275764172931207
2,467872681902005 -2,850663962717742
1,8345993925664121 -3,899964991364955
1,7486432574405948 -3,061639919442051
3,036408883967954 -3,424031097297227
2,0335001542559747 -3,0102873772826384
2,9913902198200133 -3,7359392310883113
2,6824486881117062 -3,2328597685867124
2,3878402015521 -3,386367856593796
2,4101675285441817 -3,401859492675385
1,4836920301990553 -3,396894407686339
2,2872892002816476 -3,195703672884884
2,8924120168552525 -2,984678935166751
2,5245715619572437 -4,377023108626487
2,2610701538966445 -4,315992742859693
3,039870408272954 -3,2971219846516995
2,091381449034037 -3,226660837043569
1,874123972853597 -3,0332207063887915
2,2608177684035677 -3,491612492118874
2,567135494420237 -3,123043717679421
1,3250047624603087 -3,0645147121817344
2,326336132109648 -3,4950553631234973
2,589074318132594 -2,621048403820211
2,049080997716009 -3,0392831589632316
2,73738419351576 -2,8542957669591167
2,5044951415699743 -3,0933534490488355
3,254593369619978 -2,0759397631599015
1,8086003615738315 -2,829577780131935
2,599256735612484 -3,3717729727943744
1,675239856465737 -2,7172928725065617
1,3762185847260762 -3,946578773419098
1,1661363889555028 -3,0679761833572097
2,4530638215629024 -2,9681961696447665
2,2760257673364905 -3,0622659336514126
1,9443762816835624 -3,2946657501102052
1,2971496433896328 -3,6339129931092695
1,838708497295101 -3,522449820716243
2,185948314202167 -3,07673885656707
2,580486493760988 -3,684535930904758
2,175633935240626 -2,2426925068671255
2,309931981717078 -4,448225154362615
1,9958356198773712 -3,289495248463064
3,0585139116280162 -3,0725814951369133
1,6747769882003252 -2,8740658507741172
1,8342827017218752 -3,5857386783219756
1,9377227733676827 -2,5606289177466555
2,4552540093528012 -3,824691836597223
1,6644719154709988 -3,4108406089945458
2,2517611056384386 -2,81740253705105
2,266356882077718 -2,6076820322943854
1,8367228249977492 -3,8297769628813105
2,3488915408428674 -1,8052579194831826
1,6799948609957236 -3,5765220962743665
1,6253647391335662 -3,783867553454653
2,2337046886251595 -2,876418868804133
1,3540240176254077 -3,30192304148149
1,1115004590893203 -3,375802470960634
2,450318460762839 -2,829954285905902
2,7083867816600242 -3,891424159904666
1,9505002510181746 -3,978843514678113
1,849866484315554 -3,4264879972623756
2,686669423351719 -2,5888254449640993
1,6111327013649792 -3,4048039613971537
1,50221549800386 -2,3281979724264548
2,537720022218683 -2,5272689341048165
2,188420903620593 -2,9863032224370194
2,716340180009558 -2,957914385003383
1,1137688709754496 -2,986775002182334
1,4835648148051577 -3,0479174503497117
2,1910678402865176 -3,3108971634298516
2,3927386596063327 -3,2528702312943434
2,6074003542091684 -3,6627563929870526
2,271310694768828 -4,232797709335852
2,266229388043724 -2,575741010049737
1,98920103884934 -3,0491470962981126
2,979354262816698 -3,124670636879869
1,6323900826291902 -2,928551753261822
2,3634118866424085 -3,541975042087586
1,6899973930704293 -3,6283074213829782
2,451291083266944 -3,269618661529838
1,665393025670556 -2,4437270738088555
2,555809659614668 -3,7121468289373247
2,2399542837766977 -4,441308993094845
3,05622139699378 -3,388476860600138
2,0433919867286465 -2,55642635657317
2,396384868488212 -3,9940483268679388
1,7940736701340843 -3,7179181166021977
2,039955307143792 -2,9960029444016776
2,2367765500866157 -1,8428227969530944
1,4202918491287522 -3,80688214895386
1,4750898432720532 -3,8262433604247414
2,4838314602822615 -2,9584271302711693
2,1108583995985994 -2,5254390946939096
1,8874385438404282 -3,439825670853617
1,8154087201560614 -3,9384733927518463
1,8346574125025923 -2,9109017042475887
2,2401771678685534 -2,8203556160392753
2,406419742422534 -2,238448751421638
1,1378481955518271 -2,7993027585286225
2,890318838749385 -2,713743276504572
2,8547521918354355 -3,2588488866247145
1,0185744285909895 -1,9070241436060278
2,726865158525838 -3,3268473199849966
2,7115112360299607 -3,433737375396647
2,1841245574582118 -2,2230188554314587
1,5353174994220011 -3,8648949541384665
2,6915158561969754 -4,05148050695472
2,0632862772157634 -3,0679978523915192
2,4583412322739173 -3,1286445763286097
3,2935024463453284 -3,241720305466093
2,309820185676249 -2,6308114361299357
1,7254594645051582 -3,581879405835047
2,0160363129045784 -3,0956927518784245
1,7891791302439453 -3,3078292910098552
2,4006466690887005 -3,5733855647441373
1,7808680309895368 -3,1586963566711033
1,9474760991896176 -2,7014784130432106
1,5416866231606394 -2,067492254475511
2,1178583076048674 -2,8380668232412773
2,272279207015464 -4,383193815391488
0,841507786805693 -3,146846357411586
2,3136885911045497 -3,1028749192393454
2,1610516948160496 -2,6596718099007868
1,8014058359863756 -3,0353711634458924
3,1982162724993755 -2,5012318560397233
2,6631400741668165 -2,9319410068831258
1,6357005672887386 -2,3483772799418174
2,6030202501500095 -3,3471492747149085
2,806150848374968 -3,055604581042415
2,249912271673218 -2,7144555469958136
2,364622828838102 -3,4138733498374836
2,353075143825235 -3,5227827157313
1,1409938809027949 -3,4424523645341045
2,0904670119392397 -3,502384123235223
2,064445389372425 -2,866495354253098
2,898979628644378 -4,04518032950804
2,350765742145376 -3,9057613278497154
2,035096329306092 -2,1964030685121303
2,1388394398689337 -3,4903246751778507
2,69559460117814 -3,0277688891048875
2,0916094787417814 -3,872349523640326
1,8348040438186346 -3,080714180796124
2,046050713904006 -3,4872796485314637
2,6542498822757805 -3,9093210637709688
2,4319842631634074 -2,459316095908405
2,206035797038996 -2,536493451160326
2,2796714600868544 -3,1814537100477702
1,9040305735666982 -2,628066798351806
2,0869271101431126 -2,1761299708271817
1,8522496494771805 -2,750738348111717
2,0365121682145673 -2,88793644493578
2,8569909421777515 -3,028301466449107
1,6449659046758442 -2,803027632261142
1,8395429771529817 -3,30973601143558
1,5567523788965634 -3,266094249271485
1,44844743177064 -2,9023306270845044
2,0905158532667936 -3,3647087497705264
1,8750972194640458 -3,310676151087513
3,0647462757605353 -3,1276829823732752
2,0424785372755427 -2,5524725393942274
2,8286002420794514 -3,6941081914705856
2,667905047834756 -2,7481870633381313
2,079424732752432 -2,7318781082890267
3,2389696014072507 -2,734870310042357
2,3181688035968437 -3,5311495047955064
2,9404064433664336 -3,97411712244623
2,882200256155071 -2,8479260784850506
2,3912258029168307 -3,0340069224837807
2,5594672342673643 -2,6255879973091956
2,495937517924177 -3,478044728695531
1,611771094668585 -2,747717126562581
2,2125469875909474 -2,600570258581056
2,7210254273367696 -3,175431175215437
2,94699496904527 -2,9193115630583537
1,8235819744484643 -2,936793085928714
2,4483174612709493 -3,5385110792055867
2,2593369170032065 -2,862228013548458
2,1249647780736414 -2,316527144240255
2,361903124976952 -3,1166743474194436
2,2929005156975077 -3,8582387840165904
2,4546055948007335 -3,4713895801477666
2,904760190839465 -4,0174910391165755
2,5759656057967892 -2,4826457501677295
2,3391974398007904 -2,7457236665267146
3,1162143387759786 -3,378460950524671
2,7388666083046074 -3,83680627567523
2,137702591062765 -3,544423793812007
1,5753416091879866 -3,4469147975393355
1,6899864699042064 -3,0730725151807325
2,650518034522256 -3,089896643091572
1,8687455707379486 -2,4570603270039104
1,6798740718084653 -3,474153743539783
1,8048591470208395 -3,881870241867726
1,8402096543190891 -3,706265552261908
2,609225644255565 -3,139288741914012
2,1055307724733012 -3,492115348163657
1,4977145102147364 -3,2737805874472747
2,1994242592456175 -3,3547931048504838
2,29503487658856 -2,6326570878381705
1,9442333796440134 -3,4212591582369227
2,7618443524607894 -3,316447353164667
1,973432367518297 -2,769134524111374
2,7380706536830144 -3,4102672702067998
2,4822932002019273 -2,916170127462253
2,6472045643866426 -2,9620336836798824
1,6346263899612419 -3,056893385210222
2,2330569064834904 -3,694974506044007
2,1574878080770548 -2,5128892024297933
1,4728985479106727 -2,0174344163992046
2,736432175265894 -3,123362245557064
1,7752013619107643 -3,6509537513759494
1,8791178959464478 -3,1132249605282505
1,6772438925655764 -2,6328462443977623
2,534494973399626 -3,4353701525485656
1,4209369509781413 -3,1922259067498566
2,492839210596723 -2,9574492464846913
2,7061588034861694 -2,5262523885877997
2,4524910241773195 -2,7400644481460747
2,540216052287654 -2,719342329924631
2,5636750451534605 -3,3409105930289744
1,709189647001557 -2,9268168371038
2,9012693001966112 -3,4887579782533265
1,95386368329769 -2,705013264748156
2,1507080015694533 -2,552166494297955
2,0175831511889597 -2,8510945303044504
2,4296728708030937 -3,3114816080881697
1,914883188795728 -3,229639878711561
2,2173596724831235 -2,224518209359757
1,5662299017914367 -3,30313153700251
2,766234414615225 -2,602779230965478
2,519272283339541 -2,9583305155815007
2,0377719294135543 -3,294844538920683
1,9493272953515342 -3,8001008284254745
2,5062159335232876 -3,021976124396508
1,8302551200464583 -3,082225881387701
2,2465844682470237 -2,224508978961095
2,764601204080142 -3,557872662402011
1,778273250795843 -1,9803920189168696
2,3682022249245405 -2,9383710499424653
2,341764443832185 -2,9388617040796827
2,1352334010330978 -3,424312381906877
1,932007018312471 -2,9704231609135276
2,7913003388116318 -2,8912508505741554
1,8851174924809562 -2,6591126687803235
1,2778823597996292 -3,6169374184867333
2,504168606179956 -2,4243858867967427
1,5832501354805222 -2,947068552804772
2,529842382791983 -2,8236618670371056
2,8513534342861613 -3,2382474454431422
2,4987767495637763 -3,591847633830287
2,719607461308185 -3,091414000989118
3,193926363829263 -3,0341285397791524
2,6672820416689125 -3,820490448748007
2,349188506677157 -2,731133612108199
3,000875902126263 -2,6295139977424715
3,0612895827877313 -3,492608626601325
3,0682877019941497 -3,6390689898268076
1,9378300527664378 -3,2792570031279125
1,506892631115237 -3,115828766197612
1,9073057186469957 -3,259861819648429
2,5357226182610266 -3,1582352310761532
2,263481283030492 -3,0170374658528036
2,080661317776016 -3,8119107840535764
2,4641425097669067 -3,7544241283423943
1,4484992695278056 -4,488915185152334
2,25448645971021 -2,6565037004640257
2,7431306327883775 -3,120162804382037
2,4585596326435537 -2,6038507489581835
2,5298067212813033 -3,696645312596458
2,9825882053406967 -3,1155726449241805
2,1508301679276056 -3,020363061632461
1,8573559796892711 -3,4086675621057694
2,7786593316969603 -3,9044902139241584
2,769462125881403 -2,254840646623183
2,4630476477423375 -2,4281346440557363
2,103716310073215 -3,318742450553444
2,184591635868432 -2,872662492105958
1,5455153342988959 -3,3701716528692085
2,7403750754680405 -3,6254781162031353
2,7227274651290108 -2,214145562212255
1,5280604351310472 -3,9554607553936627
2,617717852317507 -3,2705281631763192
2,3859526378689435 -3,0856144010696447
1,672914755169041 -2,3021580253471186
1,5809017098282045 -2,6794819875727525
2,3706484450653003 -3,963901201974421
1,9850497534109803 -3,129151435207853
3,093876235639274 -3,117246215508582
2,6602010076888924 -3,241945482340483
2,420748378730553 -2,817871760925611
2,445441312365636 -3,8323297785687505
2,849335400548023 -3,332094270959097
2,607160856228108 -2,8883669405842243
2,4337850296124506 -2,7879884721104413
1,6937712222156842 -3,053066577936163
3,7148752930675486 -3,2719724148409113
1,6323104317103225 -3,187746951503998
2,027630441814357 -2,757572753502143
1,3565376721594404 -3,110825922628032
2,4533008897490705 -3,6487000874110262
2,259457029006843 -3,7445251066632137
2,566540029546819 -3,8725950254088164
1,3143689948122224 -2,399985905446085
2,740354644054905 -2,7240453968845393
1,7801841096296318 -3,1810202562810352
2,1093992106825064 -3,354672557272804
2,6496874447049716 -3,414741318674441
2,314535152430389 -2,5811577608996568
2,349873088697871 -2,1755595606033915
2,5834912203171387 -3,4304727766545313
2,3982971303338014 -2,558568554362907
2,0133478590900804 -3,113769857011317
2,1006672462468248 -3,2339907796459952
2,289841149690351 -2,3756691732758
1,7361237635912719 -3,1328591750621504
2,681906140058774 -2,979594095063444
2,3282287757681814 -3,0036393482350388
2,2212899443254237 -3,9405759980204875
2,7801500898801748 -2,983570740332731
2,1238449887587545 -3,4091223269108784
2,0926913117882306 -3,838352884763572
1,941587428362457 -3,386344854915143
2,3554353148274068 -3,3904707495092348
2,3381268645301967 -2,612835045125596
1,850759710109486 -3,6596711227417775
2,095054821807739 -3,522700034215389
1,8541006761048227 -3,0100821844167553
1,831467583456694 -3,790673200367886
1,3189528945010158 -3,4572796938069286
2,0684466835236615 -3,960014682357373
1,3327951773244335 -2,6677705846880637
1,9524939671946837 -3,278457874910855
1,877554487425635 -3,135735237191883
2,709849338997241 -2,6697711547952165
1,6764344072096184 -3,488910756517705
1,8033086179572013 -3,283769819014764
1,993139740768653 -3,6559403143436326
1,8938299846130513 -3,657028175188668
2,868529209075377 -3,588067761693701
1,6146181238396293 -3,3740215101075943
1,9941995608715182 -3,3201740817772945
2,3499344349466424 -2,983460239241572
2,6244934818854424 -3,5733847887117114
1,9937810323993377 -2,9679599767320237
1,224852010112543 -2,8852756689291477
2,108849699571687 -3,3616874061068946
2,8599160484547967 -3,5301386008999525
2,3249955140796525 -3,085236798700767
2,3021107415444053 -3,229235046195984
1,6523928145759408 -3,017600400053989
1,6010660152201068 -2,3428430965607783
2,192922634681489 -3,0934577904769043
1,4707123492237353 -3,447391595330828
2,5745829215456943 -3,573221120661791
1,7605786859312582 -3,5538771303515535
2,1715731699986924 -3,859159468246322
1,2410183509873183 -2,6614045105179724
1,9870008761426858 -4,244415724368644
1,5909715367993376 -2,883723905831109
1,022923601693534 -3,5618082680283774
2,4548228550325977 -3,3839789220028207
3,004481579910226 -3,576770135462956
2,748638605036412 -2,4048439848697463
2,5247471553163416 -3,1196185138478736
1,9768412263916664 -2,7325870521693356
2,586846924638352 -2,4775128853927586
2,7958284096513033 -3,04607357767956
2,252312725200086 -3,725588200118368
1,5917217242084278 -3,2380976897486478
1,9342096610687536 -3,498900321473863
3,035250054538407 -3,379528395634411
2,146529726289356 -3,175088211015406
0,5215239504088911 -3,194854135736894
1,4494400785293424 -2,9217217341806188
1,9716774587931984 -2,8491241678005186
2,7018144295732234 -3,1948489028239906
2,0473406341609834 -2,9260418556368033
2,7111176378510695 -3,4024562421584825
1,9208206335906945 -2,47038640189251
1,2017555492466325 -3,410531958799585
1,9381212310653968 -2,529183072379548
2,3563743111375817 -3,865809860576623
2,3148769850350956 -3,317979943396185
1,5563479357361214 -3,2932654014975644
2,0083037094625564 -2,988280417316525
3,526238929396476 -2,69686791308135
1,5672673972160007 -3,752473916220526
2,5142635075963136 -3,6817678357122157
1,1355639610795414 -3,8287303485488806
2,6157977226492704 -2,467684216091553
1,737739115270216 -2,9789738432922004
2,384945939465909 -3,669961918919323
1,5381390094803384 -3,349323751668797
2,329328210452793 -2,5368956168600145
1,72957666249372 -3,2668359298463807
1,8263777188811265 -3,296370383586348
2,4048948135619543 -3,5184246681022913
1,968709072165931 -3,6402724716001433
2,3740925344725947 -2,5361144094691834
2,088481151042764 -2,2908255203197316
2,217648650988077 -3,6203735160844355
2,40644504604114 -2,425305150081702
2,0088925830688686 -3,3714710228358142
1,6858769173635522 -2,8609523170063182
1,917745677399544 -2,422669412283558
2,7814714002811574 -3,2003146125425777
2,241988352402714 -3,2917472748244414
1,7614525836592023 -2,727235832796669
2,3846821145582986 -3,6827527332088863
2,4180596028340084 -2,5542456257705464
2,4439013482633443 -3,0563716184694703
1,6949832101787963 -3,41665156876785
1,8427063132214916 -3,429860116348689
1,8454872021709334 -3,819507570604945
2,0035778543313434 -3,3958623980027567
2,4533614029363067 -3,2597951956879623
2,331994212729946 -3,658423080546503
2,3715102889430204 -3,150508802755264
2,860911381550201 -2,891317772428014
2,528347276610254 -3,2345123826904714
2,1130009978663953 -2,7964134014311286
1,5919592223381893 -3,53134630618043
1,826628306129004 -2,626084932580792
2,053049276525326 -3,066868961803333
2,598466724032496 -2,3551477298133903
2,1702358433113926 -1,9206676585713953
1,8558038329202176 -3,3628981108424023
1,8174553675008263 -3,342308253141491
2,149112705903826 -3,2508973756651205
2,6288955914729892 -2,829925189603004
2,979411463251998 -2,4647913294532167
2,0810175113496054 -3,4541805567756634
2,16153021998314 -2,9371541814517252
1,5769309572857477 -3,1957399596186455
3,1534980949141724 -2,8187217634204673
1,4834003912863971 -2,3730474679869165
2,7697329662547143 -3,247940433407269
2,001233833858204 -3,962710148027627
1,8842185634442796 -2,755825476250615
1,6289000244214757 -3,544128923993488
3,388926135068006 -3,1993341831726507
2,2946476220036365 -2,734260896254955
2,1945420289164708 -2,979078887925208
2,6272679901417106 -3,1786363274672844
1,8584854475494577 -3,415717170919922
2,184824787979942 -4,577723204828262
2,2120699537704995 -2,778615906812661
1,9278289441903727 -3,2542521643036437
2,783720849957396 -2,371108175512899
2,0745746046164872 -2,928762299709827
1,4073357836800244 -3,3983390009581833
2,0331531286040025 -2,5943412705027415
2,308491146221388 -2,552211611711667
1,737155193420635 -3,237292221867001
1,7766044137792196 -2,530953881904148
1,910772291301419 -3,4054303423837853
2,7945196403979193 -3,04795242998681
1,940322799041586 -2,8420721208313715
2,8984603196399545 -2,735385522683667
1,8764265912902713 -2,817015390382817
2,34640887849271 -3,294104904972348
1,9607804732545637 -2,5809274943450413
2,560943395509675 -3,189989976243971
1,6247647330817996 -3,4122899958283583
2,555331550153055 -3,4049452983474273
2,240836510519281 -2,1577821189525945
1,8639059019757147 -3,498768028736734
2,100791068009364 -2,481958701310538
2,9508292808805265 -3,6955096625958466
2,252824062804831 -2,883823592153669
1,8325378024081198 -2,9792345889453444
1,5815551689503828 -2,317162874827648
2,436603947079938 -3,454977262275019
2,281824433869782 -3,593108423670955
2,531412157908551 -3,186031503864253
1,452789440519518 -2,2953754000705358
1,5977715839186892 -3,569855554662646
2,757341409990389 -4,421984630792862
2,3495726337541094 -3,0978923960041205
2,45060223598322 -2,6530148557102575
1,7025582943104625 -3,634679281010693
1,69340821119998 -2,7038102280141296
2,6795311394604835 -3,6457318071969897
2,703090637747014 -3,2010555825366014
1,6397420668499123 -2,7514351570477333
1,5442165624380166 -3,721509015559981
2,129605325008217 -3,0370196489369845
1,784227583676436 -2,5202895590446435
1,7738133708414265 -2,8908092650850863
1,558212687150743 -3,4880893434861457
1,9496848862242557 -2,368417138332365
1,6065544390480062 -2,7985800587295167
1,6362013588598208 -4,058000314652915
2,3330977336475915 -2,6956545073236486
2,1563026932207507 -3,4134634408994002
2,4263411511305053 -3,0294945408695297
1,3593850926897861 -2,623774312544132
2,188842115279321 -3,4025786070231785
3,221720581447358 -3,950572621711669
1,9977655682216398 -2,3750037187378474
2,596276313650588 -2,5454845790897878
2,5919052347516507 -3,1714043212822345
2,616501114365077 -2,7010655889447044
2,2672326538931005 -3,312469680722604
2,4669448017365463 -3,079291226310337
2,533408620370942 -3,1999202860091316
2,501624824521618 -3,292248357369413
1,625192723607741 -2,9481250246478843
1,3302095690924458 -3,731865726513556
1,4071100386570357 -3,253566730073551
2,0488218141731074 -2,9705365784490594
2,4808651775757613 -2,208725960709944
1,6316961716086469 -3,71154342234711
2,645887039656641 -2,867499785824548
1,932764223110496 -2,812701926476831
1,9375242047673997 -4,06613568003213
1,7658483124246391 -2,922510307486136
1,2415086308563024 -2,6876337751988713
2,298558874581763 -2,8334499749995445
3,040235666783724 -3,1697399421270993
2,1525695485981573 -2,9611562964295475
1,2585859895170128 -3,0428539660662466
2,5740732161726623 -3,972504983848359
1,3715028153129447 -3,031116152313529
1,5793846118698465 -3,311311517681598
2,0647327242076536 -3,4801874001897533
2,245323529634538 -1,8852913378974347
1,679569809781025 -2,501468454880983
2,045243782081449 -3,7028623448479556
2,5414830107447814 -2,954458216407842
2,6099912527684483 -2,398763676908599
2,8096300212715715 -3,8758758917287626
3,138611136511186 -3,089284743987185
2,5888464711949974 -3,065739951831015
2,075533553162319 -3,765022755940273
2,6135587059259255 -2,938001162384647
2,4172599273670303 -2,569653119431699
2,4370852991275664 -2,3737525189811852
2,272511202900282 -3,2524583655037347
1,727874759287486 -1,8769537971232053
1,6698536064534741 -4,156759691389139
2,135342709826868 -2,9496679597835307
2,258356848287625 -3,8339234746556894
1,8441813488985828 -3,082684995942312
2,395572784668727 -3,3887296897432764
3,224284762384034 -2,874337586495481
1,3117364507253104 -3,191216671741859
2,4750240491463193 -3,54076840370402
2,150914499919034 -3,5079217884727516
2,4092295880317667 -2,1615465659659856
1,9685444601342936 -2,9060144454595545
2,1108718678408556 -3,9788406679599557
2,248652035868489 -2,85238244713238
2,033084868596809 -3,2251146458697604
1,4236311516794897 -3,125475771142192
2,0669442950422128 -2,7178322376998634
1,475684996266342 -2,5361627278343386
2,510498365654594 -3,557182678651106
1,251129259825378 -3,1426471417684536
2,6982290000923843 -3,4008318160600464
2,398683310466179 -2,8293452241536303
2,4005961182313866 -3,2439285615588465
1,1017468764405194 -3,1131505748398243
2,019602091318661 -3,2629146951958443
2,760683524694369 -3,1808360724754277
1,924597820849292 -2,275450811726694
1,644870735382582 -1,9323932323068997
1,865566762861583 -2,9392302678195237
2,14976299904477 -3,1777612045992134
1,7582165852080336 -3,9255946951356036
2,800810426409086 -3,5079854145964484
2,151568045369243 -3,1911443325837148
1,906117136390475 -3,485307925009475
1,5332300469466495 -3,432726696126723
2,4261251130039083 -2,340081577662679
2,4147349577201207 -3,113380907821521
1,7877973572720933 -3,0686703189897933
1,0657372962073666 -3,464871594859875
2,389282905152381 -2,539003952305969
2,090500114733938 -3,234065628685046
2,351937394327274 -3,38820814726619
3,1624890771842584 -3,9181517233454826
2,1704858885099094 -3,1583272715664448
1,9269825019430533 -3,4038053155794628
1,6102408265402692 -2,285486441682312
2,027690914616915 -2,2058269686897867
2,26419048517226 -3,745416562073899
2,2105555206638194 -3,6888529336312605
3,0456344803979905 -3,2659361322539855
2,4334445930974105 -3,5357952623878974
