1,3025542783923951	3,0744995697857083
3,5545376268724236	-4,5091164819667675
4,139643889134057	-3,5647069345604687
-0,14183882226539546	4,257461086857072
4,428072823971318	-3,969679872101049
1,5554159720889997	-3,7961700018238407
2,5046181110414096	-3,2409126711112517
3,4685087571905657	-2,247546918279594
2,4111986148574625	-3,5141216901767867
-0,27226742182786334	5,2877723591430446
0,7586124070655946	6,1624929626497575
-0,07288674827529484	4,154770737436333
1,9518739853340092	-3,6120740967422136
2,9292340962755095	-4,2082586902453984
1,2391299896666697	3,0072038741814278
4,538945229168009	-4,187661721704607
4,917834997354001	-3,6848439559985158
3,3125447879686196	-2,415289166546164
3,9036299139760597	-1,9519383752927648
0,05662872693599719	6,005738340678812
3,2612311035303923	-3,9230410159597384
3,072692312061094	-3,2674736733011525
0,8608310276391489	4,5097221878891265
3,1523038597293094	-2,26743547541939
4,9607123494979195	-4,401330151176646
4,1956977112112	-4,075846939151216
0,18763972518602157	3,7620331589900964
3,924850426715469	-3,425163607380645
3,5120783896267573	-4,631199798029621
4,265494048419782	-4,8265166833175845
4,982244069235379	-3,7159743872483473
-0,592607213778992	4,524775986626772
0,9513370143222637	5,172293292323751
3,5597145463747886	-3,922849429561085
2,5545884190888097	-2,6048629947873225
0,4043218983304508	4,6989323089738395
1,978018067610061	-3,7538305990836505
0,911980379701741	2,758269187179253
3,1309859376276097	-5,106573665668897
3,3161286816298623	-4,276248164820367
2,025641636031766	-3,8096208362502706
-0,09123877068662312	3,531611542076603
3,622468345959456	-3,2884659620793277
-0,8002491991296439	3,685786571030125
2,7808179730660574	-3,8460989401777814
4,234396029783841	-3,103585976989982
4,684736555415028	-3,4370599552867787
2,9915625894102496	-3,055363505897054
0,28309056953771183	3,3254697743032593
1,1480245657284374	6,166282102482903
2,4279163195508007	-3,8877668386548816
3,14760235694406	-3,9633734978290156
2,389559701226174	-2,625862564300431
3,4352098956728923	-3,8730201733692127
3,5527068047604264	-4,021373773838275
1,8312979128651914	6,019894080494112
3,17187898651654	-2,7686340273606387
0,806554831630211	5,589254420950332
3,697686292969352	-4,6556164880330115
3,4910230051283917	-3,892849573219879
3,7152374913950528	-2,1012194282684282
4,035957714415174	-3,213318781493631
0,7087406494935071	4,100395905946673
3,3556639366417818	-2,2555172079651786
3,529069504768233	-4,321647718277289
2,819859666831147	-3,224623945483138
4,181419586543458	-2,479111295374077
-0,03175628745516268	4,413133245457308
1,6191920566619893	-4,076993695586141
3,405157391265362	-3,639402444326753
0,10975039774496065	4,680043247481874
3,363305541986847	-4,357631065463403
1,8396619425864684	3,281775921414903
3,883197131548942	-3,9991602552308785
2,113359084910497	-2,9029635513105454
0,973806699260202	6,177932431696652
2,851376650699084	-5,524143836911027
3,719284761297225	-3,282552718436812
2,0452438275201112	-3,5283436382102833
2,0620229868657685	-3,596707002902305
4,882066422785545	-3,8551512446453713
0,96130316789719	3,7962562535980116
0,4999571340289133	4,426606006095154
1,6217131870652821	-3,4483685453691515
-0,8313794153584524	4,376224755320878
2,670554534172103	-3,462627790162911
2,779929696417165	-5,197348633687848
3,5293730889435655	-2,618801132795774
3,2218373299464584	-4,236035068536621
1,2715699324126215	5,6092036746554665
0,47047374307955103	5,537924800223212
1,1792818727915655	4,497040835565142
2,4825243611426924	4,938131907194167
0,7486723729220526	5,238141029999741
2,632820284207499	-3,588315183644706
1,2864863174561578	-3,8586801805363833
2,9196362157809053	-3,1699895150623663
0,8096644512896396	3,3869695364985857
3,1371167216828875	-2,242927263696166
2,843874151453778	-3,512859479278821
0,43162050721475687	3,5993883986287645
1,1048139616427513	5,053421576410826
-0,4277760308876166	4,852319955129819
0,874125316778497	4,815994074977555
2,35895505952381	-4,995236986222478
2,0147807514604352	3,544168316789983
2,5157244310774263	-3,911983638474889
-0,4731943772378606	4,536243536183434
2,161434533130863	-3,5863796661206284
3,2009046881081535	-4,269668035195506
-0,17699473787058784	4,621168914441685
1,5561046511285723	4,781498332763535
1,77241646107706	4,896511593530197
1,2153274736874078	4,603578563662493
0,06218731234141883	4,305510205847605
3,3744243546397654	-1,970004338494857
0,2569806429643634	5,7472264820630645
2,0416707637598464	-3,6895920591307583
1,920744955448637	3,9696201025517794
0,7312674349913941	5,560201172086074
0,23011045916812756	3,5014104344118584
-0,2625319585489798	5,622565043048193
-0,8308997219978052	4,678808883960523
3,0096648873838783	-3,9356078678429003
4,832808317964976	-4,707545247578983
2,620078594014362	-4,839310718172836
2,3199381520575866	-3,455987328104295
3,3180800658044656	-3,269750460250671
0,43623369937158907	4,167569372625117
3,204112655130269	-4,244936809755773
1,5585123444289055	-3,2862525173671693
0,8533544179184871	5,333827541869501
3,287586246852415	-3,678987924251154
2,487843249358603	5,098390486455466
1,2270612214733598	5,9762428648883015
0,585047116595024	4,3826209909746074
3,032488849030573	-4,0208579037841545
3,2918982692111727	-5,11651170903803
-0,6874394906955179	5,366156399134587
3,9151096461789634	-3,4651235973511536
-0,5024988562654571	5,4084300534770815
3,105489425341468	-4,418393600866496
3,4053983422150123	-2,924897165580772
4,586569360309641	-2,9944332064137105
3,859880331295127	-3,6679236765318577
0,1078659858289821	4,50203905093666
3,0151190382489395	-5,233185164301014
3,9857047050089873	-3,645596528380564
0,7442218857257983	5,459233115696544
1,85668749368751	3,1928012771943486
0,9894750973918414	3,913264084752232
3,485914550036264	-3,9851797716090114
1,836196201250486	-2,8430159378863764
1,639279246771446	4,698919426373731
1,1295562733350075	4,189625406337577
3,3719636492174305	-2,6149020702366137
0,9416083397041584	4,0381350200535
2,809629507055348	-3,1806951518537323
4,959104408475373	-3,7251905967823493
1,6182498023023988	3,9912180077480386
2,10068073577217	-2,489150956298009
1,0094253381172924	4,13709197789048
2,0358485404376085	4,90647470791891
3,756126998450174	-2,3714495909636693
3,359234331028848	-3,778519317464848
3,295591142613772	-5,353122182147119
3,575896891043012	-3,3570828329271465
3,619378436601793	-3,510627621511666
3,203940675213089	-5,287537853960817
1,4990335954871106	4,5184816270165715
3,909116440916663	-3,738961514869798
3,6063704583498666	-4,172753927257053
2,60201559617282	-2,275099062885248
-0,5328253383483288	5,553332342764696
3,3105377455720686	-4,079808855603513
2,6064884089952587	-2,483394352637709
1,7902123791568783	5,435584683726367
4,603665585458594	-3,5731109354041006
0,8655324733226619	4,199175550860298
4,038629973542404	-3,64168633771738
0,8321863568174948	5,179199785341446
4,157630857205199	-2,0357344299159816
2,3427903640429997	-3,3681619590830763
3,648849694012559	-3,632145303991429
0,6701505304212059	5,034216801286859
3,759634249780749	-2,313316286074165
3,536474145987939	-4,356662164165745
3,878840941230349	-5,231257993723169
0,8572906382847805	3,4454724777962777
3,4040882266134314	-3,8206740170537037
3,637340161460849	-3,6548613522271927
1,9761149177269857	3,64957353761009
0,1683307734614471	5,355541732474057
4,321283136542123	-2,6935122944624266
0,45005966382514717	4,569545540366822
1,1296298400810645	5,933918856751292
0,17790021926941435	2,9092397601194917
0,964854714086784	4,488456434028964
2,361067943011315	-4,5845685926261215
0,7186113998555375	3,840251519122459
0,8100746753509583	5,710588784000228
1,0673282599503433	4,605708805253509
0,6709172244586712	2,6093367736853397
-0,14184027720307335	4,20951294980729
1,2571630526353115	5,501931988426996
4,123547651990113	-3,4522994191164864
5,029048880805008	-3,7527073871276984
4,547744929745797	-4,55017791800083
3,000518978449712	-3,0658894084757913
0,6378506883005756	4,8540753166617945
3,032942787934169	-4,195337192420609
1,9189490178906063	4,486048280276098
0,840392448563861	4,2180084694148325
1,0517288731579506	3,4487008787841313
0,8581354422503276	2,9207746929598826
4,1052358376481415	-3,1134064506443515
4,033623397547642	-5,159302911005672
1,6263856083431603	-3,115458466935208
3,6142029210370863	-3,6327899924510327
2,3637453552329895	4,361128481420849
1,836044210485269	6,039969490441699
3,21895683029632	-4,3446079229808365
1,4812220779725336	4,202236008267977
-0,5400310567202002	4,2470276879742075
2,2806517312664836	-4,399532150035105
0,8713501416591847	6,226537600827884
3,7556282556090848	-3,397817414608084
0,45687158868915195	5,465811686674467
0,2571981254192349	4,244174766783279
4,986604059731046	-3,1707413843084
3,0810813864592683	-4,654006455672918
3,5319311111059584	-4,5895219826696625
0,9089903648983894	2,9409129083105254
3,3912261180067427	-3,330938628156174
0,2470619809113932	5,278434939620965
0,6580338019728225	5,845303002861913
3,5787620728111897	-5,035124546469859
4,720995216527832	-3,341133924685863
1,1395504610798017	5,592518978480026
-0,5911118288384152	5,124573865140003
0,9791735375409021	5,167620479517884
2,262613843416169	4,7731247727979635
3,1288594992345167	-3,702680124574769
3,5577453388020555	-5,4623039107232945
3,1783251059366258	-2,5783884886865653
1,6838941214046024	3,583975021682205
1,1065144006444794	4,487692314894719
1,155726242723841	5,903971589697587
3,818276070370163	-5,402645963178787
0,12753259055814048	4,216720484254159
3,273398091758412	-2,2107780973134687
3,25521646850124	-1,9986636899991792
3,601330834205846	-4,0886311242849205
0,943276992117318	5,894446085324525
2,5676406781436674	4,841567461352118
0,7063368139591832	4,813611581810244
0,06429060522892416	5,094193286861011
3,528828970402116	-2,9918801522789473
0,8379976672533098	4,359031168160515
3,3240853702215842	-4,553055127273191
2,80625808786181	4,411127599057732
1,3581262274607075	3,747291983044825
1,5173905879330853	5,214392896007504
0,6975760556550964	6,082812707878878
2,203371796097535	-4,261360094064846
1,1362200049056685	4,468300484949742
3,6301644541937272	-2,15104409238537
2,5897178421560225	-5,0228577782166735
1,3415055233675857	5,717441845371038
3,0238196918719984	-4,391040770893639
2,97786994199976	-2,8650429020476955
1,2160754796219586	5,895512031614362
3,8759749159654	-4,45945348067597
4,666602912907316	-3,4131844307195487
0,624454790129713	4,705459443096578
2,8126912717369894	-3,3333608653290074
3,5556693830872055	-3,193674669220701
2,727738071103662	-3,0599668335412855
2,4873166543961487	-3,6484131688497645
3,2035230363686304	-4,143655743891924
0,8199130947662108	4,474108505351928
0,4692902837600622	5,824758296857467
3,048374984067056	-3,182039126779171
-1,0196420846894796	4,412272501065003
3,471134512703218	-4,042377484035841
0,9439343500919476	4,287899590965636
0,5235847182778512	5,854442945526966
1,261406646227974	4,224200033605845
2,6532694781491024	-3,413647489655445
4,081714397057544	-4,079113090311794
3,1906081348626074	-2,884291807045261
3,1811797090369516	-2,700542671435409
2,0005271722719744	4,5472668570485
0,770434280910701	6,161022090845491
1,4446433333554398	6,064345410615253
2,772499263676911	-2,9726848089174682
1,3065897579596961	4,7557183832722645
2,7200724914219636	3,9163256935105015
3,376203306314865	-5,140591441065306
3,071451813217674	-3,0106994331051458
1,2968383896085005	-3,601400964871757
4,722259349542737	-3,6083745348123855
1,246230835508339	-3,6580343918878633
2,180627564552034	-3,6964471581341947
1,5144679742559082	4,476540981750857
0,8601431316751807	3,1043425143211216
0,7778054133360132	3,0878208586333873
-0,14475193433230937	4,086124874756518
0,39211130051738713	6,020841243709214
0,8848145499523274	3,220278884586213
4,815278619248204	-3,6225832827193245
3,471211021871538	-3,623609559946279
1,175442795793226	2,9828735929909067
0,7787211212801108	4,054722472230551
3,455281198593776	-4,57363488079163
1,4059221091397383	5,7221791936329165
0,5969568691996509	6,1771854125375
3,9081572432995335	-4,423874148717057
0,8608310276391489	4,5097221878891265
2,5488144252663187	-1,9112201061914322
2,7145771863423436	-3,37065625903329
1,0849311224242564	5,201262816987569
2,27586333016386	-3,632835026025836
0,11991466452620314	4,9689991059710055
0,8235990317105883	4,948867584824464
0,7552542237596759	4,921459738282975
1,3663206115869697	-3,5223809043061407
1,05376287436291	3,8456609308571528
2,498982363822115	-3,9991324902632366
3,0034726660137046	-3,521411782719967
0,9666748392839378	4,832615045081378
3,7186089407860816	-4,409386910809771
1,6325979819303988	4,750517368188639
2,8269079080530837	-2,5311811547700156
3,2441927131362296	-4,456804706844563
4,805098174008427	-4,105863322949337
3,536912232975067	-2,665531473555302
1,2188440857380771	4,929953590817617
2,3368503320506786	-3,89637654451696
3,3039444686676256	-2,551017365739452
2,741705042406862	-2,2475056669344005
2,9043531326816794	-4,708516972377986
5,006316210507259	-3,8262867152401996
2,8918519900993753	-3,5732582763482346
3,2070149620027677	-4,601959167805718
0,5459314297147256	3,84256031596751
3,5309491344846844	-5,1572363287545535
0,017571158058099612	4,529596275686729
0,6485005455233737	4,17558556218391
0,9883064806052546	4,339410466366254
3,143147522726786	-2,4389601752933974
3,5403859396514403	-2,8877286086543905
1,7304705622394674	2,902026890617939
2,9006055547471767	-3,856197510868372
3,251277852680585	-3,0930321025262586
2,315715204551123	-3,838467337392096
4,4415409064149625	-3,462547234152451
1,4208695467919443	4,50511534753307
1,8474140035886026	-3,473658454106638
3,8258185662337	-2,9837927935020914
3,396053870403002	-2,2549139417067154
-0,387121319125467	4,2093519051806165
1,6155786632532687	3,897081509596875
2,597560706663822	4,452422187246905
3,1214957611774343	-2,858213215467635
-0,16884187229675707	4,551614159569825
3,9522676416824627	-5,034272502034707
-0,6833782912761885	4,292163006951528
0,05145351875349169	4,323761447643386
2,1619642396905383	-3,9151593500049477
2,1436653830468027	5,0489325121144635
2,018071696962792	4,997734593013582
2,0259187391326154	-3,907249193483072
0,40877461812182747	4,966444235710381
4,572195741469319	-3,1415794987358923
0,3111855493029846	4,421531625693163
0,5370665442407326	4,3312543050671275
-0,1401751597041666	4,580275872152372
3,6339048317705647	-3,185431052606499
3,060185209556473	-4,042297518056942
4,306106286722782	-5,06601464516669
0,16295998768506292	4,637089072097875
3,2845662581711452	-5,138515042248722
3,5099216412902767	-4,013014507429558
2,831308230357337	-3,7299275104748464
2,248103865447944	3,5295924894978388
0,565935766183735	6,067524066696853
-0,3201328577237237	4,163987470652785
2,1511420980676856	-2,3125536169324574
0,6353959458069005	3,3495537260808526
4,970658750845086	-4,295783199306719
4,507304196791726	-4,260938509422842
4,457542349590448	-3,398170911982196
3,5649219152142617	-4,999529865356676
3,6554076768679327	-3,6708591284828196
1,0330528050372576	4,467124343045916
3,906629720332366	-3,4105061811235236
4,602800244666469	-4,551682358444634
2,1610099147020625	-3,4934115019984673
5,125868052224385	-3,7531736548786316
-0,33909474199537426	4,515126601858199
4,334513525146924	-3,3349414339294143
3,3372864722019933	-3,9167144617026834
0,9529900815452718	5,396595073842714
3,2389131139224614	-4,936196950380621
3,93902596927	-2,6840334249824465
2,8189382017696376	-4,281384465002595
3,479340573659459	-4,306108376188917
2,997460074556225	-4,558526778284998
4,33096728041642	-2,167602051578444
-0,22990221315198256	3,780793300392023
1,673342913270254	5,410264068547404
2,7628730888249518	-3,4152341907614203
0,9011419615754681	4,283910736398975
3,787728850352274	-2,9975162595223166
3,4091343490231547	-3,261281551927458
0,9879672710231414	3,6041107303843383
1,0295907860378801	4,476081346148609
1,2780011000961233	-3,866985521621191
-0,2651501322698764	3,6714306005123807
3,310889695344022	-2,922203368952694
0,08477358656575673	3,9837816802158947
4,994507775003993	-3,6247358141439547
3,3668342444157244	-1,74479520268034
3,083866766826116	-5,03903162472829
3,0015612562350915	-3,6964726598800897
4,937941111847226	-4,074028157956606
1,7942742630412445	4,46613524613001
3,2523997895859917	-4,3335172837715765
3,567439739356631	-3,1046892818034895
3,7190384297887054	-3,2840160769712723
1,448501084736393	-3,36338704495748
1,2123413704596069	3,452573339402603
-0,7414140116375556	3,9050984802277044
3,210446639701466	-3,178589208879983
4,031162137805329	-2,7715909296742245
4,393002773651977	-3,993603825718677
-0,2468327804608661	5,385053047681669
0,9219370835452917	3,1527597378002423
2,5053021314875656	-2,8149593674647986
2,061226766755369	-3,4627808924818404
1,0970900257391534	4,918087961009226
3,4537553878568388	-4,459276030029553
4,462031281234886	-3,535510733867643
0,03396786293365606	4,1203938645088085
1,8822491425876722	4,628637094421392
3,0036127479166232	-3,772574692043975
3,552178028362153	-3,388840890679638
2,931381451422478	-4,152005395394204
0,951396737492009	5,865833132711915
2,298685952055557	4,75013095845909
0,4325367983531218	4,42960512352399
3,437201543838883	-4,035759141407109
3,5213467736469877	-5,290490590267348
2,0499821510854384	4,284831773071658
2,4101809983899036	-4,300796590255949
0,8065298409013129	5,382679530220649
-0,6049853084854186	4,283590822427393
2,6709139469226564	-3,9019451483208036
3,2120174883888915	-3,8021306273986593
-0,09259281547105302	3,3519413600383903
3,3848972515417217	-3,7057719063669716
-0,03156192396557689	5,02482410747482
1,6991202872579645	3,1269183409167054
0,6702812045991366	3,084526575699024
1,499921668963071	-3,2835058819679634
3,4472353538106084	-3,751625654379612
1,376403095887351	4,8232319886976285
1,2568591841192884	3,5181433731408203
3,1667024629994804	-3,4291670345227487
2,5831324770299546	-3,755102128707877
3,074020983682969	-2,0828668008038105
1,6564474632772974	-3,1765073287822108
0,838209308530799	3,0758774039699177
1,4314727704071406	3,7180105714281177
0,7605767668654769	4,64522628893357
0,8773205333283849	4,3623705703581335
2,0779078634780097	3,9821245216289998
3,687643837303044	-4,19244683610283
1,2207552882578232	4,462652639605258
1,0290858795747564	3,855157591581658
2,6550847189307634	-3,388458610738448
2,0220145311749667	5,0467682272790535
2,99397856985286	-3,4961755048047274
0,07003800116814196	3,5383889099390924
1,1178446856229898	4,45511190500322
3,443641091545054	-3,338051133468906
3,7374655210500016	-3,582235872934092
0,5829225081959846	5,001040665021968
3,9168557266863777	-3,6152721519148976
2,4633775195050065	-2,6992636471632556
2,8187618418797564	-3,815931514026459
3,839739670500604	-4,586634355849802
3,255362242586786	-4,033191579917731
4,086299932589391	-3,900144602271844
3,4028787134305585	-1,796935032813913
-0,23143498033470378	4,26198206452512
0,914337596685605	4,600019703648319
2,13876629300497	-3,334905360153015
1,1273110641052553	4,360421362691488
3,555157763204397	-1,9493187765728706
0,6151717279238742	3,1284488394450385
3,214751133108482	-3,3753350533735276
-0,4314856336080868	5,311886277282442
3,2870377960207002	-2,453970681566213
1,0069943694670322	4,3532410280388385
3,38959304485611	-2,688558694774568
0,9548108334142668	6,29278715811456
0,6648624201646043	4,472894842483526
1,274626576619676	3,7378314543829676
2,147237329537635	-3,9643615428196926
3,715680992570847	-2,6987451821211286
3,401448075990773	-3,238422980910563
4,144050313801309	-3,5988410056171367
3,590077277107598	-3,9363049597427833
3,4755106971575414	-2,1383969393122313
1,7828582902065286	5,313663497382158
2,3883671330711866	-3,197012192361181
2,849992899067842	-3,7101053650721028
3,9598539221715403	-2,3586470522991965
4,302370465822692	-3,4613433107259968
1,901040443060506	4,644175421603407
5,087482594126641	-3,4245014710002777
-0,848575420509347	4,402880337232744
1,2370776902996525	4,156554342276835
3,3079034674157763	-1,7560875908284233
2,0041947222371945	5,259613132565702
2,5137344958396137	-3,1766738741485563
0,9273364081353273	4,692741041624913
0,6779261116715606	4,745434889782119
3,2661430458694864	-2,111543075698173
-0,25692732202893676	4,918645310752689
4,357719704177866	-3,62988686367173
4,252123687172851	-2,65458331264103
3,779092137459564	-3,3840061475375305
2,259430183887015	-2,502413360768243
-1,0971275263241755	4,476538577946833
-0,4970825713142162	4,222295240405432
2,6719452645435764	3,7873879481429498
2,086301403780859	-2,974476017859783
3,188693863332157	-4,883689581763782
2,156279305734874	-3,3386540752822484
3,5634994781324574	-4,090310086582718
2,5997996247046893	4,55804310571425
1,4338578069989727	3,5606113604489664
3,6574806119918404	-3,942582625625432
2,9868171573795887	-1,772913433365795
1,8149151817557767	4,6582734744371015
2,058876323129515	5,055955029801031
4,048153785942875	-3,5245057894784995
3,0344957083040853	-2,799781620272161
2,0051684115770945	-4,725717686622057
3,742764263931283	-2,2810775836686012
1,0549909214125317	4,750966642471442
0,23721833705107997	3,0148346123029737
0,1938260529833017	4,439692574275752
-0,07425120666309781	4,640012604999488
3,3418532574665196	-5,382319139437342
1,7188791816999065	4,560667962151851
3,9734585576283	-3,4479439187955623
2,7502183688434867	-2,659391944961147
2,1161967618718887	-3,234486914396486
2,0223631169803062	-4,664659510598582
3,940781035260075	-3,9592353151486916
1,19551426595174	4,2936213215093595
0,5187201215380292	5,091463555277029
-0,28261486111837475	4,302781236420073
4,084267560918138	-5,074136037547302
3,024180787498114	-3,3467624066686326
-0,17520107497312387	4,012568533185171
0,6075350306488791	3,9124248353862954
0,25089953557692424	4,271893100927691
4,610410266942367	-3,284018441589636
2,844865619824241	-4,847172533091196
0,19896917689875437	3,170437628656086
2,9294973751839835	-3,9326231259528566
2,7022366681414436	-3,068551214371755
3,2421079884027866	-4,369390645631799
2,971635599058925	-5,2216553080978585
2,248343530995928	-2,7293495664739793
3,148553759556475	-4,22374756298993
1,2501304495855576	-3,5074319534751046
4,353299661641949	-3,407737812807105
2,125062292896721	-3,7547785176096413
4,2669195470342824	-3,5461137503619087
2,4334671411981446	-4,43948003204723
2,468051478833759	4,634096622739531
3,2173317692384176	-3,2270008400969314
3,082459560529375	-2,3342643647583037
4,469947894008661	-4,047789992169588
3,90976529785089	-3,4023904864371155
-0,6621947781958739	4,943375061035469
0,8148257610469055	4,429870989167162
4,986069955783002	-3,8244487875594766
0,8845181519137673	4,402247666330475
0,8183934872147867	4,11916937269404
3,0596255015190796	-4,839472962983601
0,5571277039559765	4,048844873948801
1,6035086572661117	-3,2468312001268473
4,06598924824301	-2,4844811676954297
2,2548562577665074	4,7310051736177465
1,549562183230412	5,64295865795258
4,227956635416495	-3,98865128205714
1,404052319337568	-4,198990806071312
3,4711892937302387	-3,227996557264721
0,07775532178482125	4,554076451080209
1,1839522990224784	4,967594461610147
4,455962467688233	-3,3930768529422743
1,4714496157320713	-3,721018594647611
3,6563496901897263	-3,4153831887889607
3,2277678452765866	-2,456452593103853
3,8226794348394884	-3,857026840504709
4,073758580875	-3,308870519653845
2,3149140152259946	-5,100598932950832
-0,16323055362029937	5,027883298883672
3,019997179470985	-3,5188834166100778
4,141537607160419	-3,0601351831587853
3,3007522495359765	-4,16077157420302
2,6947179664690686	-4,372701515505028
2,178918116502661	4,689436544350674
5,016133104301	-3,546914278890678
4,148291976761378	-3,8839062788455108
2,6181466639515154	-3,56979289270785
0,79252393664505	4,6101136543779475
0,6526184127838714	5,820341244464857
1,6400533585109738	-4,365710131742419
-0,5709685391537755	4,891663833130187
2,8930961754439566	-3,7689662407603346
0,7393617784118989	3,8679228061820448
3,2307780803905426	-3,996706779293361
3,6106191496330835	-2,6324787241145637
3,064031358493704	-2,308791307101319
4,99616955807997	-3,6002323265312306
3,291535316998073	-3,5737705426428525
2,7707243725314705	-2,9849196616224867
1,7953002355234498	4,61475759236064
2,298123869423741	-2,493096510100287
1,2479568315792262	4,520164269422301
2,4110124521164416	-3,9323632385692795
3,1766227452370224	-4,837691813259969
0,8509188897175943	2,6283707092342796
2,5176414295322678	-4,101970236924327
3,6257680815284385	-3,6622658790058047
3,211053376460074	-2,648179277644204
0,8895020979922805	4,756039550075333
3,287586246852415	-3,678987924251154
2,7013718578457	4,8018681959189164
3,3299577400001197	-2,4079401634600712
0,49808450422540546	4,535322697466718
0,040584520356136355	4,715163560433669
3,1389539136251736	-4,782756635168047
0,7549432650963669	5,345418976062618
3,5404079895579104	-1,949273311979392
3,308780573691994	-5,096224243397847
2,4384417448567626	-3,0750796049312075
3,5408699891711035	-1,9850492512581526
0,4777132167692428	5,892806254734999
3,139195893461488	-3,0162312577094763
0,9022516287504125	3,0670427258798654
-0,09642934635862299	3,5196046954314086
1,9492664588893691	-3,5827745143738277
2,204273467525397	-3,703630106429966
1,508963459866493	4,230463499113058
0,6539931686125776	5,063088787232594
0,4036026979453405	5,123535971013105
3,0879400837037596	-3,382962044029959
1,1975214325656336	5,868569455749639
1,7115481511239508	5,852139524142474
3,3398833864251114	-4,1089086938732695
0,40802381896478906	4,426493008908744
1,582799785664511	5,405210001717024
2,534476712836848	4,56045852939893
1,9545277890327069	3,8021481562590873
1,3153386735051833	4,483808280735267
0,9219786325695136	4,369896314858772
2,6769490744361186	4,61932017486898
1,0800047262138	4,202083513222397
4,390684317886315	-3,997649778732078
0,33342371713993024	4,085336111484842
-0,3367831276270954	3,7896013364596888
1,3216297293871737	4,087040558614551
4,454022189228071	-2,5852507964064078
0,7513120461466049	3,5057755649983395
2,1433538566384445	5,068286087512734
2,7666171751437454	-3,6210239686333217
1,1317590729893514	2,883716423649399
4,082133546940079	-4,4241551462345985
3,3105305207232876	-3,405699980232852
3,279175088987957	-5,469992292186911
3,5169932706540843	-3,3657021366660484
3,096681858683658	-3,632197330229204
2,130308819538364	-3,5264667296895733
0,7270779950551932	6,458120583849378
2,5782712713819134	-4,201827473175049
2,0832960812572017	-3,475825485552779
0,31538026980536094	4,34471359877629
3,209167872897422	-5,210585861938852
0,9390759717115715	5,206024041912038
2,7269307720535605	-2,718631367522971
3,2498046507963703	-5,591440570814758
3,152679720059171	-2,509466614097863
4,362786381945662	-2,687698343480193
3,5866514529432374	-3,67657020406455
2,1874707576328434	4,566075141241146
0,6859217939293858	3,7071260432650424
1,6591867548849035	-3,6604760512805146
2,0517206630272593	-3,6018263737929783
1,000877503024268	3,5030940909419344
1,2588848258371859	6,107444734098636
2,5539198364840896	-4,397420105842735
0,6746273618612597	4,545384457331778
-1,0002107912607208	4,371070074682341
3,5018889177159025	-3,2612203700375946
0,8823790156462893	2,648486610663925
3,4127402728181537	-3,785363906164088
0,536651727545222	4,0370424226520365
-0,4611581958693478	3,9957187179213256
3,5705789234781062	-4,952734553657205
0,5703716903878739	5,522671365328986
3,1597704015025814	-2,4167425517095618
0,95239301906125	5,121761366544442
2,6184171889122627	-4,3980377556142045
3,020316497949349	-4,09556159757243
1,734473126158542	-3,5487215279454034
