-4706
-5008
-3445
8487
1047
-9267
-7300
3854
-1443
1430
2229
6593
8588
9582
5899
-4478
5710
-4751
8780
-8827
3763
-7577
3822
-9562
1053
-8233
8377
9592
1481
-7820
-722
-3410
-9102
-473
3037
-6653
-8183
-4282
798
841
9977
-6410
5182
1627
2750
-3212
9740
-7563
4036
2751
2480
-5444
-8757
506
-6773
3754
-1246
-7063
9152
4798
-2167
-8635
3662
4904
-9959
16
6851
3458
4853
-262
-2928
-2584
-5549
-5677
8235
-6276
1219
4075
9711
7854
9890
-7532
-8899
7096
1403
1841
-9554
4582
-139
2670
9401
5981
2447
-8098
-1063
-6601
-8235
-7654
-2513
-9816
-6765
7290
-913
4521
7066
-1133
5778
-2999
-570
514
8422
-7182
1731
4707
1667
-5153
3826
-1194
9749
-7392
7333
3832
-5014
4204
-2567
-6915
6252
-2412
-2072
-8950
9179
-4736
9938
-626
4819
-977
2240
9387
1898
-4389
7587
-9745
-8284
-1505
4669
-3895
-7223
-263
-9859
1829
7537
6160
4058
-3589
3178
-1718
-7249
6976
-9485
-6681
9660
5533
9800
-1389
7705
8239
5222
-3276
-8115
565
-6261
6631
4429
-1720
-7574
-1265
101
-2792
7819
-6648
-9360
6668
-268
5608
667
8563
-231
3326
-5669
-549
7127
-9032
7929
7533
-7473
-8470
-4511
-2283
-4748
1659
9179
4833
-2476
-2996
5965
2401
-7348
-9332
-5731
-814
-4176
-6896
70
-2959
-6229
-8811
-676
3177
9038
7657
-7480
9724
661
-8649
3302
2656
2141
-5930
-1772
2063
1469
1624
1580
8506
2965
-1433
-3674
-2410
-8323
-4436
3162
7122
8061
-3915
4008
-9620
-4594
-6408
4145
-7089
8094
2777
-615
-4676
-3267
2837
5170
9835
-3217
-4570
-558
3931
9741
1555
-7649
-7078
-3843
-5447
7790
-7752
-6347
8528
1056
5300
5491
7163
-674
-4240
-3650
9876
2941
267
289
-6445
-8606
-9080
-136
-9505
-3773
-7036
3444
-7817
6327
-9622
4302
-9270
100
7488
9245
1562
1292
-7161
-6434
1711
3822
1399
-6972
-1615
5174
9251
-6440
-5180
3921
369
-3822
-9511
3549
6694
-7996
2904
-4519
-8219
-2283
8402
-125
5874
6125
-7344
-1561
6122
2198
9622
-1852
7186
9373
9191
4214
8549
5651
3178
-5150
-303
-5266
7234
6762
6382
3264
-8951
523
5230
-5720
7283
-6161
7067
794
-1786
-1773
5237
6171
6868
8031
5802
8571
540
-7348
8579
9387
-2012
4504
7773
3109
1985
-5742
-1736
2431
-6861
5515
2307
-6812
-5574
-6631
3755
6404
4179
-9420
-9454
-8841
7357
8245
-9288
-383
5452
-8231
361
-5377
7114
-8962
2928
-3925
4579
9466
-2567
-1046
-7610
1069
-9167
702
-5289
8042
-9916
5258
-5088
-429
-1565
9980
7424
8829
-2956
-3877
7599
-849
3859
-3393
-4334
-2611
6457
9008
7126
4007
-5255
-2279
6238
9209
-8748
2815
-1235
-5301
3144
1919
7666
-2870
5300
-7450
6861
-2300
-6628
2790
-9052
9462
-3761
-2245
3760
-793
-6995
-8590
-2669
-8088
8119
6467
3064
-9622
6045
4427
-1221
-9435
9917
-8187
-2585
3687
-6231
-4832
7934
-1692
-1672
-1102
6371
-3412
6081
8815
298
-2726
5789
6989
9511
-3676
-7157
-8067
8087
4734
-8903
3709
-989
-5933
-5322
2802
-2667
948
3732
-1667
2742
1136
-2368
-7398
-4837
8143
8710
3421
-6342
7039
2340
-3950
-9180
-4532
8766
-1122
-6904
3947
-6252
6009
-6365
-1536
-9061
-328
5724
5174
-5441
-6098
-2941
-7958
8443
9073
-2654
9329
-5022
-9440
48
1043
-8886
6919
7829
-5860
8200
5330
-6985
-7943
-6982
-779
-3053
1491
6262
-7055
-194
1169
8670
-184
5841
3235
7875
-173
3260
1814
7380
-9824
-1171
9665
1801
-8944
-4957
-9228
671
-7888
3340
-7484
6721
9490
-2754
2070
3947
-1525
8967
1582
-974
-9792
5243
-2576
-8006
1011
8792
-6944
-8549
828
-2251
-2187
2092
-1409
5145
4898
-7140
-8567
7239
-327
-50
-7699
841
-6911
3303
-2544
-1130
6057
5309
4581
9565
6188
1103
5784
5270
217
1934
-7866
4807
9106
1241
4352
-9285
3961
2583
-9270
-1401
-7905
2490
-5739
1290
6999
-2386
-4425
4187
-7658
-8459
6233
-2760
-8815
5136
-3913
956
1008
5013
8556
-1466
-3038
-7494
5376
4988
-797
-4723
917
-1947
8050
1226
4795
3864
-8760
8257
1894
-6712
6194
-6044
4389
-8109
7938
9025
9321
3186
-3422
7954
6273
1886
-7607
1975
9236
2053
-9872
-9529
-1081
-9036
-685
8252
4548
-2859
8907
-611
6343
-6493
5229
-4713
-5408
-7644
-1318
7387
-8904
1696
1295
-4644
5807
-2769
198
8602
-7264
-4674
6785
3823
-2001
8784
-3339
-6718
2126
-3914
-9269
-4661
2424
-8068
2044
-4592
6209
2228
4391
8504
322
-9465
5748
-9824
3438
-6355
-5619
4234
74
-7146
7382
3010
-9482
876
-2092
-6673
9152
-3093
-5813
2622
-1908
3561
7400
9813
7858
-7338
9831
5464
-4471
-2726
-347
9294
4130
3212
596
-2649
6553
-4981
381
6127
3005
-3430
-7027
-6438
2924
-6573
-4605
7365
3954
-727
26
-4419
3261
7634
-512
9579
-8311
3086
6269
-132
8476
-9585
2859
-330
-416
-5509
1573
9257
-5477
-8019
-3363
-5340
-6458
7991
-8081
-9123
3028
7801
9328
6206
5453
-7419
124
-4914
-382
7951
9683
5240
3336
-1523
413
4421
1706
7954
6338
12
1075
-8635
-7814
-2879
2932
-674
-4771
-5439
-6140
-585
-1910
4711
-5658
-1526
3771
-2324
-3506
8035
2058
-7297
-9787
6743
-5071
-2248
-3969
8935
5540
390
-7049
2202
2586
3351
-2790
-8
6206
6378
1230
3879
4999
3682
-5258
1519
7945
-9056
-1392
1983
3603
-5545
8705
1179
-7481
3631
-6938
-9679
2604
995
4641
9992
2295
4319
7449
6526
-8225
-2468
9319
7966
3937
5720
-3168
7653
4922
-4025
-3098
8813
6021
-6304
-6885
4963
-331
9483
-5954
5904
2608
1106
-9838
-1878
4647
-4898
1681
-9012
8026
-4983
-627
-5546
-1793
4450
2734
9465
6453
9512
2395
4938
9399
-7599
-4839
-4489
465
-3879
5039
-5516
6739
-512
-2981
208
7632
-356
-9721
-4853
-438
-890
-9050
-9554
-3090
3875
-2782
-9985
510
-9322
7968
7714
-6691
6617
-7795
-4400
-4680
-6288
-5480
9456
4907
2086
-283
3356
5937
-5093
7893
-6713
-2451
4904
-2520
9071
-3113
842
-9539
7459
5347
-7682
-8316
9813
6253
4450
-8550
-2630
1774
-8589
-4273
8300
-4466
82
9060
-3623
-8586
5551
3200
-5552
-3782
5550
8807
-5118
-1506
5816
-6871
3750
-5353
320
-8128
2248
9677
5678
1707
-1186
6642
6473
2891
5481
5665
-104
1612
8123
-9728
1819
7987
5813
8122
6723
-6378
-2789
2542
7711
2579
6305
-7937
9277
2409
9768
-6774
-7450
-9405
-5799
9756
8326
-1810
-8148
572
-3434
-964
9489
-7071
4424
5338
756
-6360
1962
5412
9653
-8754
8271
-8954
-8583
-6392
2401
4614
4504
-8208
5929
-4106
-9240
-9902
-6744
3215
-7265
5352
-1925
2507
-4139
-5484
7418
3164
-9199
3532
3477
2477
4964
-1897
1564
1331
6790
7186
1748
-9331
-1927
1285
-8983
-1602
1976
-5772
-8362
-4112
-2113
7411
-4189
5470
1774
-3279
-6261
-6330
2757
-3344
9915
9817
-1150
2748
6282
-4987
-214
5941
-6399
3044
9727
-1728
7329
-4554
-4216
1022
-1110
-2664
2890
1824
3971
-679
904
-6244
9672
-8139
-1337
7330
4846
-1150
-6905
4091
-5395
-2311
-6498
-7189
-845
9016
2102
-5561
2143
1717
1868
9437
-7771
-5711
7203
-3622
7649
-1682
-768
-4334
4352
8974
9972
-1904
-864
-5597
8475
-7003
4729
9458
-3770
-1940
1977
-5243
-6999
-1477
-4432
296
-8689
-5776
5199
-1986
183
-563
-221
2810
-760
-7364
-6295
2666
-9698
-3529
18
3180
3308
-4915
-4970
4979
2177
-2508
911
8702
-6473
-6517
3776
-8205
-5355
623
6277
6591
-3279
-5018
-2779
-1200
7877
-2192
1099
-209
2594
-1002
2565
7352
-5943
-403
3343
-8424
3926
797
2529
895
5348
-7167
4992
2376
-7770
6124
-3269
-1657
9626
-9504
9199
-8780
4396
7711
-8713
-7780
121
3060
6019
3232
3363
-4096
-6696
-9769
2878
-4139
9400
-8279
2932
-4857
5934
-3222
5867
6112
-7055
-4394
8947
-2991
4339
6114
8987
-4679
2911
-730
-8370
133
199
5982
-2913
-2264
7201
-8367
7181
7767
-7536
5460
4343
-6322
7999
200
-1248
6104
6959
8252
-6845
1669
-167
-9467
-7001
5405
-6109
5384
-8569
1651
5755
-3667
4697
-6043
-3485
-2978
6791
-9439
9051
-2578
4664
7735
-6660
3118
-8554
7671
-4652
-2926
9290
6153
-9843
4809
-5032
-7658
-392
-9048
-741
4319
-8397
-2964
1491
-5128
5464
-1724
2276
9308
7341
-861
7359
-2452
-382
2295
4631
-7201
3223
8417
-5520
-75
4076
-3716
-447
-9141
931
-9961
4500
-1005
1900
-4143
311
6728
-8780
1830
-8991
-1170
-2136
347
1852
4156
-5805
4650
2998
-5291
-869
7293
7598
-6238
-1589
3108
2926
-5106
-2236
-3071
-7094
-1684
5633
8192
1530
-2476
3074
1080
-5
-3232
-6492
-2839
-2151
5720
3965
6766
9490
-1703
7450
-5928
7440
5425
2235
376
289
-6658
-9077
4482
-7920
3302
-9660
-4342
-2202
4962
4122
9338
6450
3564
3427
229
5496
-2
1412
6171
-5148
6114
-6845
-8709
4824
1148
857
7728
6230
-5108
6096
-289
1328
3938
2443
8700
-2219
7888
251
-3507
-8759
-1899
337
2085
7414
-1993
6093
-9515
4238
5330
8882
1680
-7628
8611
1923
-8591
1430
7151
-1903
7332
244
-3887
-9383
-629
-2149
-5830
-1584
-8475
4509
8859
-4763
2756
-302
-1617
8866
6545
-6314
-773
4107
-2201
6858
8444
-6041
-8406
2792
5515
-4541
-4837
-9278
6427
-169
117
7161
161
-6312
-8869
-8937
-2791
6341
6539
-3290
-110
-211
-2526
-8078
109
9680
-5929
-2759
-2800
-7895
-9857
-633
5775
-9910
-8500
-3647
640
6127
-1739
-8838
7597
-7063
-5116
7211
-1069
-3636
-9412
7499
-1618
202
851
5551
-2174
8124
-5695
6544
4042
-9251
7168
3611
-3297
-5267
-2314
8272
-8543
3574
-912
7355
3640
-6122
622
1492
5862
-1754
3510
-4545
-8883
-2468
-3495
3340
-1538
2922
-6156
8921
-8435
2035
7698
3382
-3663
724
8971
-6069
-7473
4985
-5184
8228
301
1120
-3781
398
720
7205
-3758
-8421
4460
381
6033
1554
-7489
-3309
-6779
-5899
-6782
7602
-981
-6315
5268
-8133
6073
3230
-8381
1477
-7351
-2001
6589
3493
9974
253
-9418
6693
5880
6024
-1011
8454
4692
7867
425
3192
-5145
-5779
2366
393
-1812
-5987
6268
9320
-42
-3597
-3
-7102
-9222
278
-1426
-6517
-6337
-2508
-7019
353
8874
9823
-767
-5246
-9438
5295
-443
-2214
-3178
-6339
-3860
-7854
3680
-1172
8035
5351
-8783
-1884
5218
-2285
324
-6438
-5575
5353
-5009
-764
4589
7564
4929
6525
-7702
-8187
4265
3870
2165
-7649
-1792
615
-4042
2349
-2078
-2995
-9837
5183
-8860
-4851
5280
-6849
-9418
5787
3009
1167
4000
-2942
5815
7667
-5128
9725
-122
-5143
-6624
3101
546
-4915
4817
-8049
-6594
6496
-8254
-2956
-1069
8784
8126
98
-3383
6793
5668
-3193
-3994
-1747
-1542
-7462
4368
4629
3117
-2163
-8719
-1255
4323
744
-4397
6207
-6030
253
2601
-8166
9422
4205
988
-9278
-8711
-3894
4433
3539
6417
7333
3412
668
241
3940
-340
536
4735
5907
-2994
-7790
2670
3467
9870
-1
-6741
4449
-3147
4948
6285
-9600
542
2970
-6434
-8682
7535
8049
-7878
592
-3930
-1543
32
-8017
4576
7181
3729
-6804
1837
7623
3815
4287
8235
5637
-4987
5634
-1504
-8406
-4233
-5832
-9126
2238
-8996
-1611
-748
2605
-2169
6235
3954
-9353
6117
-8442
310
-4552
-352
-3978
-4784
-1936
-2366
9635
1020
1901
3164
-3324
6312
4026
6750
3337
-7709
-4785
-1479
-7133
-5819
7442
-176
7163
-2373
-2854
5625
8006
787
4513
-5929
-1873
2379
3663
-6441
4586
2592
700
-6418
3178
-3131
-5281
8281
1192
3967
734
6846
-152
-2091
4500
-1860
-7437
-692
2454
9084
-2375
-4290
7626
3121
-5478
4469
-655
-9909
1464
-2554
-793
7232
2758
-7683
947
2484
2786
-539
1841
-6455
9894
-8090
-5710
2321
3869
418
-5402
-6223
9455
-4908
-7884
8144
-6812
4638
-5720
-1136
543
-3230
-9020
-2652
-520
-6301
8802
-3572
-4118
-8630
-8598
-7491
4269
896
-2336
-2685
5587
-3153
-8925
-5088
-6988
-364
-3977
1757
3725
-1279
-2774
-9733
5434
-579
-1727
-7475
9476
-4820
-3404
-3981
-3104
3457
998
-3252
-2747
6208
8960
-7006
-2453
-5797
8861
8564
-2264
8532
4169
7022
-517
5343
-3524
-2305
-8614
2009
-8522
-3297
4823
9150
-6488
-1700
3754
-5464
-8318
-5699
8279
-8969
-2741
-9309
737
8906
4736
9507
-6456
-703
-1426
-8217
3108
9319
-7185
8179
4947
370
4068
-1129
178
-4788
5449
-6424
-3836
-2022
2697
264
7743
9075
3343
-6293
-1018
6591
-8528
9781
-6946
-7897
-4587
5146
-4564
2542
9682
-1770
-2638
-5202
-2339
-5978
-7228
-5262
7089
-9111
-1465
9649
6725
1087
-8766
-7117
7389
4919
-7480
-1480
8643
-1186
-5785
9884
-660
8293
-8228
305
1338
-3191
-6732
8352
-2188
-2127
-8207
2691
-1843
52
1892
871
8951
-8061
5891
7035
-4002
7949
-2429
906
-1283
-5283
1208
-8372
-8712
-3257
-9042
-3447
3692
-3253
6638
-1867
-3250
6932
7991
4541
9880
-5723
-7982
-4487
3128
-6552
-7432
6752
8228
-1351
-7370
-3689
3062
-8126
797
2730
-9598
3923
2270
7104
-8038
4763
-7587
-1326
-9837
5079
-5523
-566
3106
9821
5857
-2175
-7788
225
8896
9920
-2904
-9903
-1115
-5632
-1586
-1765
-8061
-3992
-5385
341
6876
4720
-9103
-1102
2590
-3740
7594
-4863
2074
8640
-9178
3859
-3796
3171
-1916
-9841
-3965
-5849
-4102
-6919
-6894
-9718
-2184
-4698
3796
-6777
-4404
-2672
5481
8063
5047
9458
5402
4943
-8303
-9668
7010
600
-2002
2559
7718
8669
2849
3554
-5444
7977
-8821
4988
-2297
-8846
3355
7779
3758
-4369
-6300
267
-9125
-4509
1827
-6335
3045
9113
784
324
114
-8782
-171
-1531
-8132
-9336
-6559
9376
5544
-2449
5595
6431
9586
9958
-878
-6235
8429
-3819
-9004
9502
3068
-9931
-4623
-1994
4734
-5530
2293
4076
70
-2998
9448
3017
4706
-3918
5022
-2869
-3283
6695
-6576
9282
-990
4779
-5541
9137
-1215
-8826
128
-6078
-9099
-5237
9873
-9052
-3567
3828
6481
-7479
-3300
-335
4662
9789
-5916
6005
-3074
7531
4072
4207
-9434
-6203
5912
-6658
-7191
3382
-3174
3977
7354
5889
3277
-9591
6665
-8169
-1469
8303
6079
-6471
6890
9302
-2152
-6942
616
9709
9762
-4446
9231
-3590
3543
-9885
5582
-7895
9720
1085
1878
7
-361
5571
-1678
-5495
-7171
8760
-6585
-1516
-1451
-975
-7884
-2154
-7003
-1497
937
4385
-538
3407
9327
4877
-9274
-7487
-5423
3462
8197
-9601
6557
1782
-3208
1988
-9780
-9067
6289
2703
4122
-3355
-4848
2073
2921
6852
9399
-3021
6313
-8106
-2789
-3965
7662
-4684
6577
885
4081
5876
-8983
7622
-439
2530
9181
8888
2498
-8197
-4665
-7115
-5636
7692
4550
2401
-500
-7943
-883
-8403
4081
-4428
-9707
8302
-9924
7417
-3034
-155
7879
8845
7648
8459
-7996
-9140
4591
-5013
7827
-1551
-7196
8876
3449
4488
-2805
-683
-4072
7458
-5858
-2775
-7283
3981
-3040
8214
-8387
4782
-6322
1632
8418
1554
1446
484
-4730
5113
8928
4197
-9343
-9422
-6617
8449
5409
9693
7317
-3013
-4141
2218
5088
9406
-3865
-2984
-3272
6395
143
-2985
1563
2545
-7268
-6339
-1625
4680
-1992
-1034
3757
6734
-8861
-7614
6817
-8395
-4839
-2491
-9836
6759
5414
71
4895
4875
-3698
-1952
-6430
-3057
-1907
-9266
9519
7909
9144
-1821
-2837
-8944
8234
6105
-6257
-9470
-5155
-7937
3047
-6440
1149
-1580
-7953
3882
-3757
1898
4947
-4785
-1275
-848
-5143
9991
9697
-9817
-8846
5782
-8191
730
7966
-1310
-6826
6331
-8796
1839
3450
7650
-6599
-1327
191
1837
6061
-9833
-5662
8589
5583
-8318
-3892
5554
4648
-568
2564
-1817
-1610
7429
-6099
724
-7050
7309
-5927
1425
7988
-7313
6153
9213
4795
3168
4971
3614
-3991
-5564
-567
6324
-5957
-4344
-467
932
770
-7220
-8987
6674
-7257
-3729
5592
-9484
5907
-4933
-2386
5367
7982
-6010
-3888
8758
-7935
1063
-8438
-9148
9534
5584
5195
687
-2816
3968
2782
1145
3316
-2465
2840
-8074
-7299
-4704
1572
-6876
-2470
-2985
5730
346
5020
-3807
-7859
2391
6320
7648
2019
-2398
-8583
-5460
-9143
-3291
-1550
-412
7481
-3177
3567
5636
1608
-7306
866
3724
-3983
-4654
2464
9548
9832
-7748
3664
-405
-9607
-8975
-7339
1704
2497
-8483
1625
6156
-9765
-9674
-8293
7929
-2460
-3129
9667
-7081
-7351
6784
-2042
-1590
-307
-5004
7812
-5723
-7848
-4219
-8957
-8393
-4416
-2522
7190
-1213
-2078
9162
-1429
-9646
6833
-7416
-9162
7508
5831
-8478
1999
835
8592
9673
-6207
2632
2320
-282
1098
-315
5407
6768
-683
6042
3062
-5449
5226
-7456
-9164
8595
-1947
5492
4560
3985
-9605
-1276
5632
-6269
91
6749
7740
-9289
6221
4247
2264
557
281
3178
6499
-9324
8646
-6231
1107
-6969
9560
-3635
-4972
1078
1823
1255
-8576
615
1045
-9705
-603
96
2978
2025
9620
3961
-7577
75
3355
834
3322
-5810
3453
5255
-9040
745
2852
-4094
4175
6327
-6309
6301
-639
5276
542
-6749
-3997
-6097
6810
4896
-5435
-6612
186
-5154
-8104
-7715
2722
4604
-7437
-4992
-4942
2285
9531
1356
-508
4375
7088
-6243
3081
5672
-5041
-5471
5424
-879
430
4121
137
2348
4392
-3076
-8372
7704
4632
-1632
-904
2150
-2479
-1896
8518
-7743
-9925
-8662
3849
5278
5885
-4640
1613
-6183
-3673
14
-6420
-1632
7912
-7159
4627
-9458
9550
9352
520
821
-3416
-9055
-9273
2548
-758
-8913
6261
5271
-9058
-4738
9253
-9653
2471
-8893
-5986
1767
-6097
-5418
6821
4790
-2821
1431
3093
8476
9067
-5906
141
7643
-2300
-3299
8395
813
8857
4931
-5493
7184
-4946
-3773
2099
-3999
6863
-3079
-8706
3263
-9733
9385
-38
-9347
7575
5265
5220
4545
8231
557
1476
6436
1709
-4698
7868
-8187
2833
9321
-960
-815
-5012
8881
-9589
-2077
-9313
1009
2564
-8032
6629
-356
-9127
-4711
6566
9128
3171
-1801
7407
-7433
8756
-130
-2368
-8172
5132
-8698
7687
9639
-9528
-2952
-3796
5242
-9385
4032
411
-4377
-5956
5563
-3113
7097
846
-3822
4923
-4887
931
-853
-2090
-5081
7806
-7221
-5714
4157
-4238
-8102
5362
6026
3519
-167
5899
5090
-3513
-5358
-7062
5014
-2274
2605
-8574
-1399
-1579
3155
2727
-5221
3590
7332
1395
1977
-3376
7105
3968
-9480
8661
3522
-7958
-4944
-4589
4458
7434
-9065
2246
-1151
5257
2317
-2300
-4201
-6802
6627
138
749
1950
6769
-142
-5095
-5544
-1921
-7233
-4959
23
-5143
5360
-1212
-8163
-4437
-7003
-5835
4439
-1604
-3669
4245
4301
-8853
419
931
-2169
-7312
338
6818
-2617
-2146
-3125
5253
5592
247
5115
-6742
86
-6002
8003
6896
2906
-9483
-8540
-9091
5135
1051
1623
-6073
-4171
-9043
-5416
-4068
5241
4605
-6986
-3417
301
-9213
-7146
-8706
5545
-5279
1272
-1609
8539
-3691
-7286
-6121
8796
-6980
-9526
-4840
1809
5768
1668
9727
3385
-1122
-8041
-1310
1530
-7793
-2283
-1341
2656
7383
7903
-1823
611
2389
-7045
8936
2152
2096
8373
1463
8525
6647
-393
6457
-6169
3018
-2184
6490
4330
-5335
2226
-2525
9792
-182
954
8560
8119
6706
1471
1465
-2315
6966
-4152
1244
5924
-3761
4117
-3193
5044
-3976
6846
991
6263
508
-5312
-9540
8332
-4187
-954
-9578
1230
-521
-8688
9726
-2153
-9361
5746
5175
-680
-8457
3863
-1563
-3490
3641
6068
-7037
-1346
8494
-8360
7647
-4686
7687
3436
-8338
4255
-6419
-5430
-459
3360
6026
-8892
-5582
8786
-8033
8629
4609
-8632
7871
-4334
3771
-240
-9578
3158
3651
-9409
-792
-2640
8467
-8937
-4522
-3659
5809
5991
1601
-9059
-770
-5620
-5729
5312
-6885
3995
7669
4624
-1890
-1311
-7
-9919
8201
6193
-2863
-5265
-5662
5986
4284
3368
8297
-9615
-1107
-3995
3139
-3374
508
-2472
-5331
-7786
6300
8483
4947
8719
7573
-3111
7345
1963
-5621
9516
9207
2823
4773
4032
-4825
-7899
-4114
-8036
-9662
-2733
7943
2994
-7728
-9365
-840
-6767
-7460
5595
-9576
-3763
-8914
-9885
-6854
383
8171
831
-5962
-3587
-6953
-4772
-9341
1330
-3309
-1816
9411
7940
-2776
-2498
945
1384
9411
7682
-6399
-8996
2979
3135
-8231
-4345
2166
2957
-2675
-6053
2500
-1505
257
6444
-3265
7286
9014
9855
-4270
8039
7922
-5689
-2270
-5711
5815
-1647
-914
1690
7270
9110
-308
4648
6889
5442
3217
-9195
9132
574
1943
-5585
9708
1953
-2244
-556
2801
9284
1633
5366
-5484
3656
-6658
9001
-3545
3925
3473
-2220
-3639
-3476
-9530
5319
-1304
-2930
2503
-9647
-8399
-7287
-5134
-2754
3313
1588
4094
8000
-2764
-4026
-5209
-4352
-2351
-6004
-8552
-6849
-3818
-7278
8230
-535
-6628
4684
-9393
5572
6600
-7459
553
3441
9763
2490
1896
-8228
9648
9732
-5414
-9199
3381
5898
-6470
2470
2581
1141
9373
-6227
5012
6953
4455
-4194
-6392
7950
613
3632
428
-9347
-9198
-3260
7815
2366
3845
-1731
-5202
4727
9832
9357
2296
5031
-4016
2781
4154
6190
-7047
-3821
-4343
-1236
1662
-1497
-4007
7839
5523
5778
7278
-5480
-5569
8166
3108
-2924
-4171
-747
-3535
5435
4745
2085
2110
2824
528
-4505
-6468
-5552
9178
43
6907
-4161
369
-9276
4677
-124
1906
-2203
-2676
5097
7623
-2686
9766
2972
3683
-8956
3008
-2929
5965
-3763
-6632
4174
-6831
4736
-2189
695
2507
-1566
3857
3683
-8571
-8200
8197
-5401
-5611
-6818
9596
33
4677
931
3349
-1925
-4366
-4935
-986
2970
1837
-3025
-7590
8669
-7846
-2435
-9378
650
-3485
-1413
1483
-4874
2523
-5388
-9927
-6901
-3913
-257
-4918
-3807
-8391
3495
9785
4518
-125
6948
4568
2793
9294
-5927
2323
-2029
-1776
2392
-1573
-7788
-4158
-2479
-8263
-7453
2440
1671
512
-9197
-4549
3331
-6301
-6179
-1725
-951
-5430
-9412
2421
7761
1431
-3080
-4283
-4881
3923
-3161
9558
-2254
-1338
4439
-9854
8293
4333
-7226
6551
4071
-9107
8225
1919
2999
8872
1657
124
-8501
9674
-7344
-5080
9510
-4855
-2084
-7342
44
-8313
8956
9635
7041
6222
-8835
9557
6556
1078
-7910
6412
-7095
-4617
-3320
6136
9855
-7076
-2422
-6111
-582
-2103
7534
-9676
1441
-6607
8711
4275
-5069
5959
-3395
-9336
-8745
-9894
395
-7156
-7391
-6518
-5067
-4838
-8325
3469
4681
-4400
-9011
-818
6357
8652
8585
-7854
6472
-1412
-1250
125
-6524
9645
-3751
8504
9841
513
7635
-4603
525
-2071
-9255
1374
-1597
3244
-6250
-8552
-6312
1643
-8520
6721
-6577
-3630
-8850
2174
6034
-5922
3545
1027
9549
-4852
-1746
4745
-9579
-2143
8837
2009
-8073
1970
6154
-9187
-9273
-9449
3516
-8486
-520
7592
-638
-2078
3000
893
-3577
4098
5768
-4194
-8338
-803
974
2992
2645
-9650
6088
-5467
8348
3035
-6408
8000
-4804
-9326
-5189
-68
-8316
7130
-4034
-6655
932
-9959
-1849
-2964
554
322
2395
1178
-952
-6077
-7664
5211
2593
-7975
3122
3523
9177
-7148
-4201
7291
1930
-9532
-4305
-9607
-2119
6573
9428
6649
-7245
-5749
-2722
1422
-3477
-7167
5902
1369
-5110
8007
-8712
3262
-6695
-3206
285
1316
4507
1654
-5673
-8496
-7715
217
-200
-4069
-6472
-9565
-3517
1561
2241
-3973
-7484
-6342
-3389
898
-902
-8757
-3742
9968
8023
8547
-7849
-1377
1964
-5223
-1132
2313
1993
8136
2705
-6590
8088
-9920
-2957
4365
-724
-2467
-6644
-230
1506
-5042
-5443
-5842
3355
6010
-7952
-6429
-904
-3705
3525
-4922
-61
1669
1114
9894
-8099
-9354
-3954
-8150
5962
4788
-7585
9727
1503
2423
-8234
-5412
8059
3874
-6562
8268
-6574
3570
5901
1802
-8485
1727
4674
7013
3898
5964
3794
4323
8872
-6886
5146
4136
9942
6076
435
2489
-8714
-6175
2373
6308
-5351
4493
-7743
-6164
-1321
897
-4439
2547
5352
-5416
-5195
-7797
3657
-8881
4495
1210
-5408
-8699
8166
-3600
-8592
-3037
5343
9837
2718
-816
-8379
-9826
-179
-5246
262
4794
-2731
-865
7046
8597
5856
-8731
4527
6929
-2436
6298
-584
9741
-1317
-1250
-7624
-2261
-5840
1981
4130
1370
586
9136
-2750
770
-8818
622
-2428
4845
-1880
2997
-7947
-134
-9854
-1396
-343
-4969
-5560
535
-6852
-2606
-3036
-411
9074
2139
-4168
5389
-7614
-8028
-2682
2841
6476
1130
5032
6016
3426
3229
-517
7168
1056
805
-2584
-5595
-5584
5
2717
9646
2199
-7839
4624
663
1800
4835
3840
495
-6265
5290
-1700
9774
-6746
3263
-2716
3637
-5773
7663
6102
5632
-2216
-697
-8277
2906
-2603
-2263
-5799
-4776
-5344
-8378
5514
6107
-5067
-8598
8437
-8809
-7405
-8192
9186
8167
-8118
-8592
6850
6229
-1127
3090
794
-1163
-2494
2372
-8355
2308
-2209
7208
7118
3568
-2630
-501
-3062
-3963
-8994
6017
-2946
-7433
582
-7819
-2194
-2929
5322
9488
6213
9495
-5607
1799
-1761
-2781
823
-6158
2233
-5104
-2838
6411
5725
772
3044
9256
3483
1627
-8059
3480
9497
-3756
1181
-5123
-3361
9165
4150
-1027
-325
-1253
-9420
-9673
2135
-4035
4730
-5269
-1102
-2778
-5306
-8073
9302
-1413
9215
-632
6944
5108
286
-9006
1911
-2565
-6851
2439
8573
4832
-8597
3230
-6334
7266
3125
-601
6847
723
3364
930
6062
-1342
7957
8858
8934
1827
4877
-982
9258
1321
-7109
7765
-6467
9224
-5426
3426
9223
9213
8122
3116
7027
6014
-3012
6234
-6001
-3907
7855
-5056
-7909
7637
-2647
3596
4675
609
-8789
-183
-4719
-3309
-452
9334
-1833
5796
-448
6543
6104
4481
-131
6295
2586
-2168
5151
9082
4430
-521
66
-3063
-449
-2176
5484
-7671
4998
8155
-4296
7390
4201
-2958
5490
4727
481
9816
-3204
8086
3856
7441
2961
-9470
6418
817
6139
5127
-9434
6182
-9488
-2289
-5884
1138
4793
-5297
6125
166
-5666
-5214
7388
5249
5228
-2293
-2608
-959
3850
5347
-5367
3116
-2291
-5943
-5222
-3607
-6304
625
6127
2158
4343
1538
-5536
-6939
2476
3282
4336
3588
-8165
5528
-8490
5485
-6815
3329
3585
-5613
4494
-7861
-6320
2964
4156
7438
5657
1480
-9080
-8404
6812
-3720
3466
-2495
-5497
6604
7032
1111
-5309
1585
2904
-6793
-9640
2207
-2967
3815
2571
3951
-5306
1776
9875
-9996
-381
-8886
6997
3714
-3644
-8192
3641
-669
-1750
-7494
-4368
2587
2562
1791
1601
-6512
-1480
8530
4166
-730
7602
1580
5286
4313
7617
-1336
5664
3832
6232
3518
603
-5802
1833
-2032
-9457
3310
6788
7854
-4894
8136
6916
-2873
-794
-7797
-1654
-6352
-8339
4045
-1296
-5682
-9596
818
7759
2618
741
503
-3536
-1712
3591
-6505
-3873
-2873
-7709
6403
-8903
5609
7228
5155
1313
-559
-2511
-8243
3233
-7484
-2528
-3199
-2246
-4006
-6121
-1894
2531
-3346
9228
935
4975
-1607
-8829
-7571
-8680
8738
1844
8397
-4104
-3026
-5040
-5238
-2651
-104
7070
8860
5368
2212
-4778
-8247
1260
-6719
-894
1621
-7534
-4625
8995
6352
4549
2313
-7757
30
-6804
-3619
1589
8712
-977
2072
-9751
-7328
4602
9484
-8105
-2337
1524
-2356
4522
-4347
9365
-889
-2790
-5944
-7406
3333
3677
-2463
-3460
130
5782
-3924
834
359
6060
7993
-568
5896
7042
-8412
-9340
2873
152
4377
4977
-9592
-6781
9458
-382
5903
1996
-99
299
-5776
-7620
-8368
-4808
-2965
-4757
-7656
5679
8487
-313
7537
-9164
-5062
-5907
-4833
-2261
7112
-9196
-8584
-8396
3108
592
-9617
-5311
-2028
-1898
-6252
8263
-2496
-1141
8532
-6907
2148
8181
-2889
-2879
1130
3585
-260
6048
9669
-3298
-4798
4094
-1429
-7052
-7660
2917
3428
4719
1602
7357
-8173
-6593
-8797
-6949
-7120
-154
-8017
9935
-3790
7646
1882
6237
7744
7505
5849
6235
2013
2794
1810
-7727
-8348
-4207
433
6133
489
-2599
8138
1982
1614
-105
3716
-8841
-6617
-609
6379
-1591
-6773
-6642
555
-14
-1972
8540
-6047
3427
1569
-7969
9544
5735
-3769
-6189
-2081
3118
5378
5389
4410
8761
-1253
-2327
-648
-7054
302
7568
2577
-2883
-8030
-7476
-4145
-1712
-4421
-6520
7080
-6578
-5529
5728
-3649
1007
-6862
7878
-2592
-4635
6016
8176
5020
1061
6953
5370
-9662
3895
9991
-2983
4203
356
14
6433
7639
-8560
-4448
7393
3021
2936
4840
-3118
-7958
-9121
3678
3377
6882
-4134
-9310
7878
-1689
939
-5106
3052
8983
92
3734
2495
3936
3556
-5789
-6628
1802
4941
8972
4654
6956
1337
-8515
3944
-5655
1475
-8663
7469
-2932
-8012
3385
-5111
-1748
3481
-1897
3439
9555
-779
8406
9310
7806
7011
6822
3494
-3538
3593
1460
-5848
-5120
-3463
-4099
3032
2735
9680
-4647
3789
165
-4016
-8990
-983
5411
3754
-7191
-8390
-7454
-7940
-6610
7623
1729
-8252
2234
8997
6890
6295
1012
8149
-5564
4779
6246
-1906
8135
5964
8936
-3720
-7477
2579
4482
-8720
2445
-7459
-1248
6962
5313
8545
-8196
571
677
-5057
-5137
8442
5300
-5246
-7640
-9914
2780
1284
5139
-9289
-9129
-3803
3758
-2504
9497
5907
-2033
1573
-1065
-9254
-2178
-8071
815
-29
-5948
-2998
-279
-3301
-2221
806
4783
7890
743
7698
-1067
-9529
-5929
7737
5809
-190
-6263
1737
6756
1360
204
-3080
-7767
1883
8584
-8673
-4900
-5615
3975
9369
4449
-4217
122
-2449
2547
-4324
6846
-4281
7053
-9164
-7183
3978
2369
1606
-5874
1222
-5890
4810
7535
9327
-7598
1738
3926
-7420
9890
4212
1404
3916
3652
-2461
-3059
-8725
-8899
4479
-7993
919
680
8250
-1802
8844
-1821
-4238
3352
-5802
1612
-767
4546
-9040
-2625
-4484
8463
-5228
-7248
308
-6126
5745
2080
8768
-2769
-7029
-4669
-2612
663
-5035
5094
1236
6727
7187
-61
5344
9160
-872
7924
1088
4565
-1973
7166
4724
-2384
6459
6634
5865
1371
-1732
7673
-1501
-859
-3428
7980
93
-4288
-2107
3836
7936
-8049
-4098
-6700
117
9822
-2724
-2525
-4110
-1157
6932
1489
-8762
-1503
-7640
2394
-8993
-961
-8887
4594
5459
2015
-9208
-5873
-5738
4720
-3567
3735
441
-8098
9307
-7470
-6741
8315
-6360
6056
-2596
9114
-3250
9172
-4251
4107
-2325
2822
1754
3738
5582
9243
4746
-6512
3976
-932
5192
-7708
-1848
-5178
9612
6045
4950
2309
-7542
9493
-1200
4467
8623
5115
2070
-3533
-4583
-858
-2731
-2717
-3746
-5898
4983
3301
-1735
-9723
3637
-8994
9665
4289
8542
-6489
8505
-3875
63
4107
6943
-79
-8845
1331
-8520
-3547
-7766
5738
6766
9116
-8433
1516
9073
7441
2028
-2064
2665
5361
2466
-7640
-8594
4749
3680
3856
-1056
9238
2853
-9551
-3770
258
-997
-6831
-401
-5327
-7477
5922
-1631
310
2993
3781
9734
1159
3211
-3288
-3400
1875
-1815
-4883
7510
9010
1941
1367
-9199
-2686
-3311
1732
3662
5858
-2262
6015
-7944
8487
4158
-9270
-3872
775
-6290
-3676
-9462
2954
-8978
-7078
-9636
-6004
-6426
8251
4868
-3742
2343
2158
-8602
-7495
-9813
-7949
652
-6755
-6031
-4125
-4770
8456
5020
-3812
-5934
-1678
-2866
3840
-6433
7825
852
2659
4382
-536
-7784
-2646
-1521
-5627
-8096
7438
3247
-1886
-9181
8411
8337
-9890
6562
5848
-7316
-7530
768
4274
-5614
4082
5066
-2567
5434
8440
6699
253
4748
4294
-4579
8903
5266
450
-6190
-1501
-7529
-2738
-1050
-6824
-3867
-2346
-565
-6337
-5052
-5998
7566
7845
505
-1478
-1558
-7497
8920
-4559
-833
-2408
8913
-5178
-6991
-8917
753
7532
-4062
-4110
-260
-6194
-4323
-6947
-5658
-7567
-6513
1230
9978
-146
9489
-4791
-1889
4496
426
8308
-4023
-1136
-4558
2883
1523
9846
-4330
3616
5562
-9272
7456
-3332
602
-706
7413
-6448
-5183
-7855
-886
-1057
-9279
2096
1928
-5765
1184
-4761
-3850
3818
585
-6828
-4178
-9691
-3733
-5317
7596
-9176
8048
4190
-1286
-5933
-7562
8076
-9248
3041
373
-7717
-1052
-9793
-5251
-5973
-1910
2311
-1269
-4401
4632
-8476
-2560
-3583
4067
-1633
-6499
8414
1957
6841
3231
-3498
-598
-8784
-1826
-832
-8250
-9063
-7005
5261
-454
-5646
-9151
7523
-7751
422
6928
-6437
-6485
8066
-1512
1757
-6741
-7406
5034
500
-1345
-2212
-5612
-6198
-3451
9759
-9383
1529
-4514
-8079
-9485
8505
605
3527
5819
-3710
7196
-8919
-9374
754
2067
4215
-4813
683
-3505
1725
-2983
-7895
3844
-6104
-1160
3874
8994
-9075
4568
719
8611
-9072
472
-1745
-8938
5490
9619
-6977
-2161
-4408
4536
6153
6536
-4882
8584
1313
-5966
518
4180
-5346
6274
9230
-9228
-9764
-7413
5747
-9402
-1484
-5949
2420
-4671
8077
3185
-6344
7860
6837
2459
-1683
-3398
-6577
-9289
7795
-1443
6640
-436
3577
8343
-9348
-5622
-265
2141
-352
-8576
-4097
-3821
-7435
-1503
-1858
-2904
3091
-1082
-872
-9309
-1560
-7560
3742
8802
492
2029
-6771
1221
6929
-6826
-1468
-4058
-7717
-4292
8556
8099
-210
-6572
-4032
5029
-7560
8617
-434
4675
2658
4472
-3951
-5776
8866
-3438
1238
159
7963
-2321
-2618
9395
-8129
-2036
7307
1183
7628
4764
4071
-8665
-6
-5769
4906
1769
3648
-5177
-3489
3220
-9101
-9166
9556
7828
130
9828
-6436
1432
-8983
-1613
3803
3995
1128
-5257
-782
256
-3806
7569
9081
7933
-8282
6012
1268
-7023
-3421
-72
-3785
-6998
-9321
8876
7638
-5959
-5402
7808
2625
2329
200
-6229
2455
-3237
2697
730
8520
9139
-5494
-5310
1526
2231
-3737
-9770
-8789
4868
9407
-4795
1551
-7583
6233
-3550
666
7307
6094
4723
-4422
839
-2794
-5624
-6619
-3472
-7517
8076
3514
2093
4247
7976
9385
2137
-1642
9182
4997
824
8444
-4477
-635
-6752
-1369
-5958
760
-7628
6523
-4300
1769
-7531
-6522
2581
-4473
-8383
-6233
9422
-3125
-2049
-6231
-8921
9313
-8404
-4337
-6806
-8756
9115
-7000
-5611
5630
-6031
1980
-5003
5340
-9793
-4248
-3830
-6834
-4282
2577
-365
-7132
-7316
5945
8823
-2008
8910
6581
8865
-2915
1769
-3075
-6537
-8646
-9891
2276
4808
2798
7313
7288
2607
1243
6679
-1795
-2949
5102
-6458
7311
-6446
81
-9477
7368
8067
2806
2308
-9443
890
-5785
170
3259
5498
-4799
1126
2586
-9071
-6633
496
-6335
3304
-3838
-1041
-6899
-9543
8593
-3545
-7366
-3040
433
7633
866
-2350
5802
-6021
-898
-6468
4773
7952
-3088
5420
-5811
-589
-4260
-2971
-4168
-9409
-4607
200
-6654
-8203
8533
462
-5211
-8642
8305
855
2806
-1103
-9274
-7590
6893
-2568
-7133
7903
-1353
8378
-7482
2528
9345
-5774
2512
5718
-3971
942
356
8551
6053
-7543
-489
5740
5061
-2727
-6166
6626
9889
-9194
7679
380
5291
9278
586
-1596
-313
5040
-1745
1755
-2512
1196
-9176
491
-7229
296
-2379
-8134
-9695
771
-5772
4105
7977
5417
-9133
-8286
3342
-3062
4933
8259
9028
1539
-163
9729
-725
4379
2766
-3082
-1547
3280
-5856
-6328
-4489
-9823
4967
8011
-6111
3522
3932
2587
4172
5223
-5561
1094
-960
-949
-6745
9026
8332
2033
7287
-3155
6845
-2388
-3318
6967
-8378
-4104
-6814
4139
-2648
9930
-2902
-8158
-8465
-9846
-4282
-2105
-8450
-4083
-4940
-4681
-2029
-4413
-1577
-2863
8276
545
-9099
-6328
-6675
180
7631
9702
1156
8013
-2009
-8475
-7495
-3019
9441
-9765
-1897
4792
-7342
5211
7536
-5445
-8967
6689
2610
3085
-616
-2565
-5943
3117
-9931
-462
4736
9767
-5378
-8268
7347
-5870
9160
4753
4479
9470
6161
9719
4064
-10
4555
2491
-7084
-725
6288
8910
-7156
-432
-5566
7583
-6730
2451
-1773
8244
-3898
3742
-3235
7799
-8068
7785
-6078
2984
-3945
8991
3655
4259
5233
6608
8205
-1928
513
5660
-5694
-3281
-7118
5821
-8339
-8423
-4849
-5967
-5770
6705
-9510
8981
313
8831
-6679
-9777
6026
6511
-7242
5627
-7566
-6455
-5584
-8008
-8106
-9198
-8433
-7171
-7440
-822
1125
-4740
1954
5989
8223
-2423
-1044
-3206
-5977
1232
3038
-6943
9025
-7522
6842
783
8698
-9253
-2483
-6841
-5885
-9003
-2670
8742
-9994
2435
-2095
-161
3142
5484
1746
-4230
-135
-5768
1670
-9164
-6371
-8228
-6161
5722
-1657
6682
9019
4443
8497
-8217
603
2477
-2062
-660
4936
-8621
5569
5395
9907
-4583
765
8861
-2319
605
6094
-1714
5226
-6325
-1259
-878
-3299
7201
3830
-6170
-6199
-6601
2739
6274
-984
-77
3549
8916
1243
-668
-8260
2364
-4461
4716
5308
-8460
9798
-2477
-4504
2842
-3856
-8693
-4821
-3279
8453
6345
-9799
-4816
2113
-6107
-9051
-4517
881
7354
-6019
-277
367
5136
-5575
-577
-7967
2594
7754
-8830
-1172
-39
7698
-4655
-5000
7186
-3341
-1334
-6392
-5526
-2280
2770
1908
2598
-9913
255
-2154
3166
9124
5051
-6768
-6396
-2848
-2037
-7244
-912
4948
3366
4286
-6021
5133
5471
-6409
8398
1078
-8873
-6542
3366
7192
-5007
-9914
7623
4175
-2797
-7914
5552
-9371
-148
-8846
5864
-8246
-9255
-9008
-4426
2300
1185
323
-1574
3281
-9149
-9305
-5584
4813
-9835
8225
-8416
-6063
5897
1640
1334
-6129
1936
-2753
788
-8342
-7292
1562
7369
-7634
9997
-5233
9272
1486
-4790
-218
-3257
-7524
8732
1884
-1180
2886
-2230
7969
-8015
2778
-1158
-7776
-6644
6364
1631
-8221
-3882
9857
7826
9771
1631
297
-9461
1446
1700
-7514
-4213
-4485
-6716
-7505
-6309
-7767
4133
-7242
1080
6884
-4115
-114
-8610
-9126
4547
5764
6062
7284
1844
-8845
-4295
3313
-5132
6894
7906
-1458
-8320
6468
-510
-3522
-1806
5967
-9768
7021
9984
7498
8272
-3646
5702
7972
6236
-3306
2526
-9849
-2616
3464
3076
517
-7187
-8844
3618
2071
9037
-9312
-2566
4961
828
3051
-4399
-3214
6715
814
-3864
-7722
9026
7361
-4409
7241
-3633
-9836
4131
-5598
-9467
6724
6422
-5896
1222
4783
9330
-525
9607
8427
-1819
-4356
-8532
2789
-8845
-8512
-3924
-2355
5956
-6279
-4368
-3966
-6292
-2975
8235
4251
4418
-3585
8702
-6664
-6637
-3252
-158
-1924
6472
-7003
-9244
-7035
1893
-4648
-4742
7603
3075
4766
2360
3851
-1989
-778
8196
-8713
4823
-606
9296
8211
7092
2261
3556
-6436
2610
-4580
2353
-9512
7177
3957
9836
2203
4106
6931
4544
-5681
-69
-2520
-1116
4477
3432
9770
7357
-7934
-4817
-8447
3902
-2914
4803
-602
6692
-6306
5396
-6771
9579
8141
162
-2408
-2407
7996
5015
-23
6836
6374
7245
8028
4370
4292
-8171
-5114
-8234
-8639
-5723
-1766
4816
6735
8305
1720
-946
-4789
-202
9557
9802
5284
-2139
-9843
6251
-4513
-2779
-51
9348
-5333
-5471
-2585
-6188
4155
-2485
-5973
5173
5953
-95
537
-8372
-9513
-7484
5279
-8199
4984
8322
7888
3162
2692
5162
-6074
7246
7328
-5028
3451
-1336
-878
8454
-2249
6354
4478
1231
4389
-8328
-8259
-3730
-4641
3669
-1043
296
-2414
-7395
-5044
-4055
1217
8478
9531
1332
1787
9000
-7445
-7565
9885
1491
-9892
3962
9316
-6128
8423
2839
8598
4281
759
-3099
-8988
8367
-5336
2407
5162
1073
-2334
277
4499
-8503
-5617
4415
-9613
-2765
-1283
1117
-5925
-4578
1364
465
1986
1133
-5512
-21
-9132
-9504
-7606
1527
-9418
-9991
4532
4046
2319
5604
6363
-837
5552
9396
-4615
-2012
-1870
1884
8386
5510
9115
4772
-1148
-590
6271
4835
4737
1048
-356
6227
1031
-7597
-3495
-786
5832
-2616
6816
-2440
2631
-9861
-1445
-7169
-2948
6221
379
-19
8931
-5698
-4506
-9338
402
8647
4405
9648
-8563
-9674
2790
1933
-8630
5703
3705
2894
3319
548
2612
-2171
5514
-7478
204
5433
202
-8748
-6768
-8805
-6193
3868
1282
6124
8832
9783
7131
-4614
-3131
-2979
-3269
7995
7346
-9592
-9501
6698
-5012
4300
-8028
9510
-7877
3245
-9924
-6016
2430
-350
-8656
-896
-170
-9586
8655
7696
1192
-3462
6610
-4655
4815
9887
-5206
-2834
5822
7519
5521
5407
6565
6355
-9713
364
7927
-6732
-4141
-2483
8194
-3642
5246
-8333
-7441
9519
-4227
9560
1409
-367
1228
-3622
2322
5831
8377
7313
4807
5389
-7637
-8172
2383
4871
-4655
-7276
-4792
-6702
2682
4961
4663
8564
-3959
3968
7248
7836
-3836
1346
9892
-101
3153
-1170
-5963
3572
-438
3368
4889
1565
-3854
6837
8637
243
-9182
-721
2205
-313
-6018
6127
-950
-261
-8361
1817
-9348
649
4159
-4458
-1814
-4963
9030
-3097
7195
-454
-4113
8717
5053
6170
8002
-2229
-1044
-5622
-2320
4723
-6334
6318
-3475
-4433
-2363
6558
5679
-1530
8111
9777
5938
-3254
-9275
5477
9613
-8657
-7261
2002
4102
1130
6680
4555
5785
4755
-1617
-6296
-5390
-4222
-2647
-8572
-1243
-1140
8047
-1332
5865
4450
-5648
7004
-513
4042
-1728
6111
-249
9666
8280
6898
6656
-5785
-5871
2252
-19
-1926
443
-4612
4490
3714
4713
359
-3692
-1606
-4878
-8561
-9840
-4131
-7129
-4794
-2376
6763
-2877
-2821
-3921
-4190
7619
-1111
-3787
-1002
7542
-258
5351
-8138
-8187
6791
4701
4782
7031
8322
5980
3094
2165
-6824
-2114
-540
-4098
-3946
8063
5418
-6433
3484
-5931
-6388
-3078
-5304
-5195
-1157
-5272
-9038
-1934
-370
-7950
1293
-8893
6561
-5216
-2300
4202
1203
8991
-6240
-6264
6233
8172
6784
-908
541
4741
8445
-81
-2312
5929
-233
6136
9504
4277
-3303
2756
225
6747
19
986
-1997
-149
8726
7876
-2873
1264
5019
3579
-623
-6787
-6356
1125
9710
5299
1277
2762
5344
-4913
7
-908
-9613
4785
9420
-8902
-8745
3701
-350
-3819
-104
5361
2751
2534
-3274
-3316
-881
1590
6980
-2643
5049
-8336
367
8088
9348
-8996
4018
3194
2367
-4177
762
5196
7601
-8828
1849
5451
-8899
6103
-6869
-5292
-7469
-1362
1040
1431
4558
8726
-9582
9775
7343
3310
2005
-8482
9141
-2789
-7040
-6017
-9396
-6005
7467
-8963
-8382
6607
-9345
8847
1321
-6966
1705
-8914
656
-9293
2688
-532
960
-6457
-5283
-8836
2944
9265
-2276
-7390
-5226
-2791
9596
6775
-2264
-5594
2924
-4468
7718
-8292
8754
-1626
6622
3261
-9491
-1018
2384
-277
-5862
4339
-5356
-3595
-4581
1647
8943
-74
-4032
8842
6900
3040
7824
-1687
5495
-3071
-3
-1814
6711
1328
-282
6030
-8424
-6624
-3709
-9948
-9175
-2179
-1300
2575
-3118
9408
-477
-2492
9479
-2135
4983
-7233
-700
-5297
-3635
-5119
6064
-1325
2065
2769
-5114
8389
-5459
-2857
6995
-4666
-9621
-5778
-9407
-5016
-1676
758
-7428
8482
2001
4237
5712
7897
4128
-2543
-2993
-6873
-8125
8323
-5985
-7414
3416
-879
-5939
4501
-4515
5634
-1855
2446
-8000
-333
-4767
-5652
7425
3631
-9861
8986
8975
-671
-4135
1752
9052
-7721
2145
5542
9349
-7780
8738
2696
-2484
2098
4115
-8010
-1523
3243
-4981
1702
-49
-5060
-4854
-4726
2340
-7336
-5090
7058
7114
4341
6662
9675
93
1439
-2659
3097
3298
-2889
12
-7174
-2220
638
-3655
4565
1269
1620
-541
5638
2464
-2506
-5351
-2713
6080
7501
8834
-6929
-9596
2561
1462
-4004
-6631
5199
-3005
4299
-6107
2028
-8531
-1197
4599
-6940
3149
-8700
-4285
-1778
4648
-3961
1311
-8670
2255
1153
-5064
4953
-5716
-6771
-9610
-3777
3040
-4454
-5244
-275
-175
-3829
-1701
-4126
-3356
919
-2043
-1302
-5563
3408
-8372
-2647
8016
-3380
2428
-3228
3004
2008
8817
-8784
-597
-1286
9395
9867
4468
6948
9437
7058
4243
-2774
-5927
-3594
6974
-2604
1173
-3957
-8724
2904
-998
-4222
4610
9505
8387
-5852
-5584
2788
-7600
-7051
-1430
5019
6982
6545
5106
-3545
7084
75
5115
-621
-5978
-3807
4789
3957
-2413
-467
-1299
3359
2606
-5067
-5741
976
-5420
2966
-6917
-6764
-3166
8328
2652
-2367
-3131
-5052
1804
-40
2214
-3010
9714
-8702
3792
-7085
-875
-1379
-3278
-8213
-8308
-8578
-4073
9227
-2333
-145
6411
-5741
-4081
5482
1392
4176
6430
6297
-8931
-2797
-4182
7050
-2252
8260
9793
3119
9447
-5872
6463
-8517
6306
5467
7850
6023
735
697
5204
7122
-3387
9477
-9302
5845
-1029
7196
-803
-4435
2199
-3793
2909
7303
4908
-9541
-4346
872
8394
9546
6621
2083
-1839
-7336
86
3158
-4669
-2595
-475
2475
-3765
3850
7941
5187
-1487
-2538
6818
1140
8829
-4398
-4111
-6993
8244
-9494
-3763
-5974
-3237
-654
2914
3588
6997
1994
-2557
7560
-7754
1812
5703
210
5195
-6369
-1895
397
6951
-2085
-2107
-9284
-7069
-9451
8617
1637
-6303
8150
-8527
-1100
-8573
188
-7201
-6904
1832
-2628
3206
224
1449
3743
-8976
1184
-7403
-4340
1740
6188
3374
7865
-115
-8549
826
3293
-8428
-7124
-2060
9012
522
7554
5079
9239
-7941
-4581
6126
7851
-8763
-9535
2727
8580
-9201
4248
-7412
6721
7708
-3735
6066
-9669
-9879
-6322
-599
8904
2766
8594
8447
6027
1475
-7004
-6345
-219
1095
-5924
-6914
1652
-9545
-9882
-4766
7192
8681
-497
1624
-1725
-8972
-4794
-2236
2622
-8061
-2594
-5549
9272
765
6863
1470
4195
-6154
-9086
8093
-4442
6973
798
3228
2190
2485
-7082
3902
5246
3231
9781
-5215
-7048
-5327
-4466
7603
-6336
3447
-4006
25
-364
5846
-9436
9268
1481
6317
6812
-520
-2481
8280
6756
-9289
-8511
583
6594
-716
-6416
1652
9511
477
-722
1781
7383
9047
3405
-8760
7107
-5743
-3174
3460
-5768
-3404
-4942
-39
3214
4213
3783
4373
-5151
9090
-6717
-2253
4796
-8052
-9467
6274
-6658
7474
-7706
6152
2682
7188
-1353
4964
-5231
9551
8918
8590
-2733
-531
-8377
8401
-6550
-3064
-1490
4634
401
-6267
3541
-5868
-7364
-3525
4472
3709
-5460
5993
2419
-8783
-8333
-914
9894
1636
9079
-1478
3146
9877
-2913
-9239
669
9781
-770
-8202
4010
362
-166
-2545
-4709
9612
-5448
-3626
-4982
8525
7489
8305
-2529
-741
-1700
3396
-5526
-7314
-7511
-2897
9493
-7276
7171
3997
-3500
-6149
5331
-4756
2029
-5551
3276
-4201
286
-9105
-3817
5842
9126
6435
9886
5370
6664
6375
-6671
4237
1495
4879
9697
1676
-3797
9666
9204
545
2380
-6910
-2137
4663
-1440
9008
-4289
7065
-3660
-4869
8383
-9747
8088
6122
-1431
8818
-8031
-4568
-7590
983
2499
-2676
-8507
-4697
3378
-235
-8595
-1564
-7778
-4331
3764
-6019
9464
8761
-4596
-8996
-9797
5323
-8387
3897
9895
-4304
-6433
-5335
-8110
-8699
1124
7918
8118
-1222
5714
8183
2055
-1762
5117
2017
5901
613
-9105
446
8968
8552
-1175
-2287
2135
-200
5957
-4371
-9182
7118
-1848
-6679
-9551
5449
-5354
8682
2679
5645
-383
-3966
-36
2484
1813
-1232
-7698
-1167
-2575
7497
786
4841
-7490
-9204
-355
-9429
-7481
-5464
5841
7172
-2338
-8977
6808
6777
-5039
4533
626
9342
-1790
-8042
7019
6215
9997
-3609
4370
-9818
4904
-6350
4734
-3214
5600
-6619
3326
-1647
9862
-3861
-5409
-6141
-7155
1297
9505
935
4644
-722
5586
713
649
2283
640
1363
4998
-6485
9237
8991
-2464
3743
3648
5617
8578
4884
-6377
-7434
-125
6012
1585
9806
-7634
-1965
-9833
9595
-2900
3758
3201
-4274
7833
6292
-2414
817
-6652
2677
-414
-9374
4031
-5961
1201
4673
-8094
-7292
5705
-3596
3890
2629
7601
9283
-8200
-1107
-8918
-6604
8701
66
8434
-2871
-7605
1000
7028
9955
-3400
-2874
-5977
-2898
5721
4271
-2045
4373
4777
-3817
-6762
-1832
5407
466
96
9402
-1630
5181
-4267
-5376
-1034
-4807
4964
-9795
5827
-9032
-4991
1456
5636
-9463
8163
-1631
380
575
9699
154
9970
9589
-3225
8507
-1385
7873
1438
8344
6118
-9683
8469
-8273
-7697
-8247
9910
484
-2558
1750
-1536
-2098
-6436
-9123
9691
-9930
-8376
-7954
-1594
-4096
-5015
-433
-6988
-5271
2542
-5943
-1226
-8222
-7515
1140
6916
9620
-2246
-4949
-274
-7664
5455
-2684
-6994
-9888
2847
-9619
-2095
-1198
9678
-7973
-4929
-6412
-993
3584
-1607
-9933
6050
-5747
3771
-6535
-9842
6049
-5584
1326
4225
8987
5263
-3561
2149
6829
-2538
-445
-1280
8957
-7762
2244
2689
-611
-4343
4677
-2251
-5544
-9060
1104
239
-135
-740
8143
-9106
-8647
3545
-3992
8071
-1238
-7187
4182
-4066
-2071
-6411
2945
-6869
211
5129
833
-7382
-9643
-2481
-8407
5768
4760
-4543
-4843
-8593
-9079
-5258
5224
-2201
2990
-3178
-2269
18
1747
-500
-7632
-2680
7918
1200
3214
6886
-4151
370
-631
-5040
33
3864
8870
-8971
7862
-6460
-9730
8622
4416
3792
-9081
4911
-4099
-5746
5223
3259
9153
959
141
2951
-1612
7494
1909
6706
-4974
-6483
6304
-9139
1257
1710
-9786
9293
-9624
-7019
-5178
-7869
487
-7575
-9440
-4528
-5843
-5193
8128
9342
1755
4393
9803
3705
-2361
2962
9785
8527
-6438
-4356
1748
-9698
7430
4111
8442
7064
-6871
1048
4540
-2865
4310
-6154
-2803
-1727
-7249
-9643
-8271
5275
-9336
3502
-2509
-1517
6062
-9418
-245
-2929
5260
5196
-8746
5307
-6240
5241
4145
-9134
-1940
-9927
3844
-1561
5413
2679
-7129
-842
8559
4135
9112
4919
-9809
-9621
-3410
-121
859
-3585
4714
-4852
-2403
5130
5109
2467
2503
4946
-9436
-1960
1028
2951
5616
-276
-8418
-9938
8875
-7507
-5471
468
-2717
-3726
1976
9780
-1713
6457
-2396
1672
-4452
-2361
-5662
-6454
6537
-2764
-7094
51
6369
57
-2120
2254
-5831
1076
4294
1354
1834
-7439
-8670
-5485
8706
8446
-3342
-5691
-5133
920
2118
-4159
-3098
5003
487
2176
-4535
-5033
761
-9762
-7100
2123
-125
-9419
-1059
-8138
-4965
3781
-3813
-7907
5947
878
7235
5658
-8867
940
9272
-378
-9735
-5881
-9844
-6940
-4823
-2196
-7104
1183
-4967
2449
6842
4930
-5145
-7049
-1043
5274
243
9479
-284
-6352
-6216
511
-2589
8514
-3539
6267
-9432
-6165
-7387
3484
-3834
198
-8604
825
-931
-4283
-2221
-8987
-9149
-3977
8746
-4785
6889
5543
8241
-4144
-1939
-200
-7980
-2249
-379
-2184
7508
-7052
1512
-7849
2808
3764
-1430
3655
9760
9164
6832
514
9821
3809
-1942
6705
7109
6744
4765
-1747
-5580
2388
4728
-2998
-951
4887
8672
4143
667
8923
792
223
-5886
6247
-9018
6924
873
-3071
841
1043
6748
1330
-4727
6761
-5041
8010
6539
45
-4926
5030
1590
-6439
-6144
649
-8848
382
4862
-9014
-4756
-6173
7505
8736
4386
8437
2189
6270
5870
-6929
8856
-6504
3552
8293
-4923
1363
767
-9674
-4584
-369
7782
9712
4460
6102
-7894
965
-9844
-5210
-8820
3423
8276
106
5579
-5926
-8290
-8662
549
-3192
9832
8553
7356
-6075
1845
-6093
948
522
-8249
-2918
3940
6009
5436
7732
-4599
-7006
2065
297
-3705
5932
-7169
-6439
7972
-6351
4801
-9243
-7008
7659
2495
4477
7955
-7077
2172
5243
539
1708
4106
4960
-9480
8214
-4270
-7195
4672
6808
-520
-3170
-1430
-7437
4994
6492
9103
1811
9479
-6310
2415
8452
-115
-9939
7147
4063
2385
9850
-6248
-6530
-4118
7840
-8373
2140
8365
-3930
-780
4728
-3844
-5467
-786
1759
-9118
6216
-316
6820
-8510
8444
3554
1427
15
-8330
3614
8737
-9256
8513
-5409
6388
5202
-6322
5704
-2435
-7490
-6231
5080
8887
-7783
6273
295
8689
1066
7326
-1208
-6874
4981
-562
3744
-3049
8928
-1701
-4945
-3760
-6450
-1523
-8663
-1653
7768
-8818
3005
571
-4856
-8313
5460
-2842
6500
9097
-6713
8322
6449
-1919
-2816
6540
-8727
9059
-5127
-4374
3556
7075
9737
6182
3142
-6292
-926
9760
1328
-5117
-4234
-6614
-137
9099
8499
4388
7270
1859
-1181
-8796
-2495
-4614
9859
-443
3915
-2441
4753
3411
-8801
5336
3302
-2157
2814
-4919
-9087
-7736
-8462
9845
1942
-9163
-6576
2580
-1333
3087
1420
3578
-4970
9030
2902
2391
4554
-7877
-1880
6568
176
19
-6506
-5276
3813
9159
-1434
6316
-3920
-4695
209
-685
-2566
3645
-7105
-4442
-1863
-4265
-2966
-3578
-1011
4768
9209
-5324
-8468
7644
-747
2782
8450
5361
-7594
-9836
5702
-6136
-8501
-6330
1832
5908
-1403
-6165
8366
-830
2085
-1340
8973
6953
4838
-4815
-6284
4013
-9262
6118
-3000
2676
7974
-6245
9248
-5914
8626
-5095
7931
4536
-6333
3293
-2500
-8019
-3551
5399
4416
2924
-3091
-48
170
-1311
-5609
-4760
-381
840
-2001
-8390
4718
7386
7386
-9149
1560
5806
-9780
-1460
-4788
-8549
5795
-3826
971
5472
2623
2090
-3931
-2728
-4110
3945
9133
-9312
-366
-5575
5404
-4265
1879
6357
8202
358
9377
4927
8691
-2366
-3555
7962
2769
8159
-1462
-7383
-6209
8624
-2870
5217
1169
-738
6177
-297
9324
723
9233
3786
-952
5222
-4457
818
-1874
7885
601
6817
8746
-2223
5571
7230
9086
-3454
2850
-9305
-2188
1548
-3589
-3192
3934
29
-5582
-4411
2408
-5855
8111
-1166
2347
8532
-3955
-5174
1417
-3642
7152
5058
-6085
4092
7704
51
4838
-5269
-6250
-1319
-3723
1382
1444
6694
-4811
-4346
694
-1034
-5863
9640
2227
678
-4377
3518
9803
-2601
2942
-9085
-1960
-1665
9424
-8673
-3322
9908
-767
-1909
-8953
-5940
-4600
-8910
5568
4801
-8679
58
-3129
5220
2135
5410
-2983
9531
4734
-6064
-3829
8139
-7362
448
4814
5743
6773
4981
-253
9944
-1058
-6364
3427
-570
8047
2826
781
7285
1761
9061
-1274
-4901
-6142
6083
7964
1393
-2714
-6861
-4886
-1564
6949
6455
-3857
-8085
-4089
-8236
-9706
-8053
-1460
883
-7100
-4835
4081
4646
5006
149
-5264
1119
-5771
-9966
-6728
-800
-4209
9282
-8692
-7816
-5174
-389
1173
5235
-7946
-8047
-3796
3512
8990
-4056
6392
6949
4999
-2891
-5165
-4139
-7147
6717
-6578
8917
-1083
-9696
7489
2544
-4700
-659
965
-2304
-5219
3029
-1548
-9852
9856
5462
5345
-7918
9693
-8714
-7589
5169
8732
-3807
-5890
-5763
3781
-3055
-7492
367
8699
-6798
-3481
8390
-5264
3140
-5845
-854
-4956
-6361
-8188
7845
-1737
-2674
7856
-5744
-1262
8416
-7836
-856
600
-532
-6267
7912
-9881
5688
906
3792
4665
-8892
-4212
-6803
-1035
6970
-8131
-2866
-5550
901
3277
-6196
4699
-7909
-4
-5081
-149
-1087
5184
3295
-8973
3945
-2219
-647
-7165
3573
945
-2597
-7601
-3006
6138
-3851
2403
-4807
8264
286
-6279
6118
226
5081
1241
-1876
3161
-6826
9769
-659
550
-966
2997
9370
6283
9778
8631
2529
9044
-5535
-9441
-6589
9845
3518
-2816
-7619
-9622
-6887
6495
-7103
-9676
-5347
-7500
-4778
-9323
9784
7883
-5237
-5628
-6501
9279
-6355
-8863
-7766
-7015
5574
-5022
7713
7017
-812
1817
8084
-8880
-6728
-2501
-7032
-4750
822
3000
4924
-299
2112
-4933
4740
-2245
5035
-2236
-1885
6534
2648
6678
-1527
-5131
9231
1845
-7230
-5598
-2509
3749
-7804
5800
5629
6859
-8461
-7205
3328
3414
-8177
-1477
9779
6709
-257
-9814
-7118
1657
-9649
7942
4273
8775
6345
662
-487
-4223
-8205
1186
-9739
8128
-7861
-8886
-706
-8263
-7346
-197
-7322
6784
-638
5234
7620
-7473
8180
7390
-7075
-981
-2637
-5465
-2728
-8648
-801
-572
-7040
3944
-1667
9326
677
-4727
-6624
3499
4950
-250
-8226
6204
6851
-1158
-2722
-8676
-3791
-120
7619
-7329
-9698
1762
2832
9071
-7039
-6932
-3223
1891
6485
9591
-8249
2874
-1498
6902
-1785
9989
-7503
8870
-6832
-2795
5880
-7825
-892
2971
4390
5415
-2569
4402
-4431
40
-1393
4440
-6515
1235
7682
-6959
-7253
-2523
1583
4993
3755
8931
-1505
-6315
8337
-6474
6493
-7425
885
8080
54
-8194
5382
9339
-2618
-7752
-9469
548
2735
-6760
-2593
-6127
7450
564
8863
2018
230
-4590
-8057
256
1791
-7585
1001
6659
488
6451
297
6925
9211
-8414
432
-9001
-7420
960
-9757
3676
-5846
-7127
7255
4860
5589
-928
2833
1751
1729
-5843
-1516
3918
6371
-8238
2058
-3854
-2329
951
-4236
5239
-5567
4202
-6879
-7369
-8252
-168
-2123
-6452
4820
-5630
6158
-8973
17
-9371
9105
1145
-9239
5349
8810
2174
-5740
-6064
5445
5456
373
7657
9866
4010
-6385
-5085
3057
6392
1432
2067
-8976
1177
-1057
-2551
-7627
2720
4376
-4985
7484
3104
5711
-3932
-1082
4678
-8638
6131
7678
-6
-3109
7602
-7803
-1510
1728
7009
-8175
-78
-5996
-5152
-2955
-9080
2257
8037
707
-3426
9074
-3910
-9306
2639
-9939
5823
8614
6640
-6901
-8641
5442
-4510
-8500
-3561
5279
-4350
-7127
1397
8657
-8566
-6387
-8797
-3579
-6388
-7695
7235
6241
1079
-1664
-7645
-7333
2642
-2151
2158
8518
3038
-5592
-5415
9237
-8036
1037
-3097
-3909
752
3534
-4480
-1103
5430
-1222
-8483
-8073
8993
9545
-4652
-1345
-3966
5035
2532
-6576
-599
-6673
5187
-9885
-5971
8258
3052
-4086
801
-3960
-5718
4025
8022
-1924
7514
9617
5413
-353
431
-280
-5661
5768
-9674
4410
3716
553
-9448
-4621
-3408
7881
3700
-4942
9381
-9070
-314
4132
-6096
-1153
6562
3147
7558
-4092
5041
5872
-8126
-3919
3311
3642
-2463
5774
-883
-2630
-7280
1321
-7074
2642
3689
-2039
5763
-8451
-3186
4079
4785
-1442
-3779
3131
9121
3472
-2071
2173
-3778
4746
-8510
-6092
-321
-7482
3998
-356
3005
-7530
-8261
1837
-1147
8274
4680
8845
-12
-5352
-1976
5034
-7988
6256
8250
4690
-9095
-5413
8716
-8339
-2682
2094
2215
-6606
5537
235
6397
-1183
4156
-8701
-9094
-1117
9750
6107
-6246
-8128
-6512
-5881
5484
954
396
-4252
-6422
830
3262
-5626
2867
-4865
-6303
-8647
597
2673
-6984
3792
3773
6614
-5258
-6944
-395
6913
-2075
-9039
-848
-3718
-8814
5195
4699
-2190
2828
-83
-1430
-6689
9812
2872
-8716
-3460
-3585
-3626
8216
1655
-1515
2800
7224
-2113
-8183
781
-6643
7795
3914
8909
51
-5315
-6375
-1015
1750
228
-93
-7167
-7638
-5021
1351
-6188
4107
8762
-7910
-9027
87
7603
2909
-6318
-6628
7896
-7330
-3716
8639
2880
-8956
-2076
2069
-2146
2874
-2067
8718
7346
-8190
3774
633
-6493
2915
-2153
2769
-9348
-1272
2261
9795
-8414
650
9432
-6665
8942
-8483
6988
-6902
2321
6703
5151
-1323
975
-7917
253
-5479
-6781
5626
-3504
-1029
7522
4672
8861
-6854
2114
551
4682
-9022
-9396
-76
6361
-1329
9176
-8507
2377
4678
-7493
-5065
5146
-421
-4262
2387
2132
8855
6282
-3052
7052
1288
8748
5084
358
-9710
5480
9486
475
-2452
1594
8192
-5578
4237
8657
-5733
-9755
1051
-8364
7357
-9664
-8445
-5181
-1223
7726
819
-7078
2705
-8417
3024
-9314
5908
4434
-8832
9126
-6252
7985
-2882
9633
8109
-5786
6573
-7151
591
9906
2166
7861
-7891
2410
-8109
7915
4691
1088
-9491
928
-3991
8352
9950
2282
-163
1638
2865
-5089
-2862
-2436
1744
4927
-7946
4054
-3141
-8395
-909
5773
8340
-7734
-2981
-8958
-9668
-2739
573
3510
7076
5815
-4755
-1713
8221
-2257
-6636
-7720
-4331
7111
-849
544
-7953
-3597
-1375
501
2052
9438
-228
-7203
-6522
-8087
8064
-1488
9780
-4074
6825
9129
5712
-4675
-5712
9812
2821
-8434
-9156
-625
-4935
-5025
-9868
-8883
-8744
7340
7259
-6666
-2710
9657
-1496
8955
-2506
-2600
-5056
465
6612
6505
820
-6475
-8307
-8550
-1386
8727
-4338
1887
-3735
4604
6307
-3714
3895
-3688
4037
5820
-7956
6926
900
1504
-3178
-8363
-4069
8019
-2957
-7835
8957
-7642
-6988
-9169
2260
-6606
-1164
-3214
3900
4483
-5174
-6581
-9935
7520
6049
-646
8538
1490
9056
-4176
-7091
4575
1018
-8081
-9304
-6517
7638
-577
-9726
-2861
7673
5804
-1266
-6728
-8384
-3908
2958
4062
6353
6306
-3753
-3467
8043
-2131
-2000
-7733
6829
7731
5434
8586
4618
-571
8739
4085
-9689
3933
-7465
3396
3288
4105
-9015
-8659
3923
5480
1383
-6230
8217
9645
-8785
-3183
8199
-5753
1180
1318
-6341
9356
9517
-6039
8321
-3694
-8516
5606
-9350
-904
940
-4916
-9038
-3039
122
-2798
-368
-4762
3826
5110
3817
6003
-605
469
-3726
-3353
3789
4375
-4733
7591
-3820
-9746
-4115
-2635
2702
-8770
-2180
-5491
3566
4892
2942
988
-6081
-1555
-7743
-8322
9746
7493
-2426
-5249
3159
-456
2181
-7011
8265
5742
3516
3234
4166
-3088
8467
8874
7228
8901
-7030
7376
2659
-9652
-5717
6548
-6792
8926
-8551
-220
-2073
-5424
5551
6154
3120
-129
-7502
-1274
-7998
1976
-8249
-8040
-6929
-8493
2400
3857
8703
1903
-8782
-8820
2832
8639
9429
-4995
-8825
-7491
-8799
-3088
3081
8037
2055
-8580
-7577
8274
3814
-9241
-4619
-9084
-7242
-8968
-234
9178
6120
1808
4669
-5518
941
6413
2480
-6725
9078
-8181
6337
-2540
-316
-9150
-8399
-2798
2913
8143
75
3612
7372
-7780
-1751
-6382
-5792
7902
3588
-805
1521
2946
7041
712
6891
9231
-1256
2436
-8637
91
-8969
-9607
6682
-9522
1411
250
-1190
7542
2728
3237
5007
-9914
3990
-876
7572
-168
-3338
7402
-6673
760
3118
157
4716
1797
2802
793
6947
7669
1869
-5751
-1030
2566
5144
336
6104
3593
-5903
2843
5897
1786
-3984
-8739
-6244
5553
-5542
6552
4777
-6322
-7057
-9012
-4026
-1102
2975
34
428
-4901
6354
7457
-3162
-7055
-67
7287
2198
-2368
-4347
-7866
-9932
-1714
-4673
1143
9593
-7255
-3853
7249
-115
7780
531
-727
4261
3726
7824
-9272
9990
-753
-231
-2593
117
-9390
-4282
3260
-5291
761
1522
4404
-6394
978
-1785
5759
-3468
-5489
-9110
6527
-5004
7033
-2639
2120
581
9062
-7172
-6151
5492
8943
-2557
7572
-2500
-2717
-1088
3124
-3097
28
46
-9741
6666
-9123
2825
8591
6299
-2885
4397
2972
-6438
852
1475
2299
4358
1720
-6003
3285
2233
-1559
-2856
8500
-6747
-2726
-4673
-1296
4906
-2870
-9678
-8348
4465
-5289
-5574
-3720
5727
-4235
-2540
-8750
-455
-3636
6564
5763
-542
-4312
-9586
-4430
-1769
-6986
-5879
3516
-2398
-6752
4792
7078
4237
-2732
-5198
4611
8441
2081
-9612
-6725
-8515
-4959
8373
5568
8797
3504
2252
1685
-2950
4920
3617
-4861
-2226
-1517
1922
-335
257
-4504
6032
1767
-1226
-8123
-590
-3559
-8718
8021
-3763
3294
-198
2904
-6975
-6609
8992
-7932
-6647
7946
4572
-8154
5304
-8131
-562
4292
8186
4398
7892
-1088
4335
-5329
1763
5498
-8309
-3611
9021
4687
-1975
-6091
-44
-5756
-2581
-4649
6940
4739
352
2438
4869
3000
-3033
5028
-6629
-5875
-5049
8262
4
4453
2129
794
1265
-5096
5010
8314
-5979
3935
-8846
-1201
-5382
-4652
8429
1179
553
490
-2077
726
-8516
9965
7790
-5650
8761
3892
-9187
-612
-4671
-4746
-4633
-2351
-4608
-8405
5245
703
-5402
-9854
7222
-5662
7386
-9128
1548
2312
-3212
3673
-9197
8679
4102
-9872
9086
-2111
-1289
6880
5542
-4503
-9112
2527
-9711
-9964
-8633
5248
-4286
-2455
-7663
8673
88
-7863
2016
-7706
-6597
3315
-2078
7403
6909
-5880
9534
-1238
1917
-172
108
1131
-1443
-7417
5621
-3813
1460
-1667
-8563
-2468
-1727
2847
-9265
7423
7016
4431
6517
8191
-2594
8381
-8342
7978
5343
5471
-7024
-4621
-7283
-1073
-4450
3151
-5742
7190
4259
-7455
8801
9275
-5167
502
7361
-8594
-3088
-990
2238
-1254
9293
-6927
-7109
-2800
-5422
9667
-184
-8186
5850
-2200
1623
-2879
-849
8532
9909
1757
2303
9334
-5064
-3018
6767
-6859
-956
9559
7355
-5687
2591
