3933
917
-5934
4718
7086
7476
-510
-5192
-3129
-9275
-7846
-5453
6593
-5667
3258
7892
2801
1287
-6356
9409
-9427
7178
-3393
2500
-5702
5928
1268
-7011
-6906
-3146
1035
-3420
-4937
-8412
2138
-8079
-2933
9662
1437
-3579
-1056
-9343
5532
-3344
-2030
-6202
3935
-8780
-3280
5901
3600
3443
3614
5665
-9011
-285
7051
7061
-6505
-3180
-1765
-7062
1326
3924
6897
-439
-8274
2236
-3400
1109
-6441
-4163
8949
-4209
7959
-8215
4334
5185
8076
7754
-6248
-3984
9063
-7871
7234
-9972
2465
-2574
-1973
-2550
7042
3940
4383
-7426
-5216
-3784
-4084
1625
-4832
8190
-1370
909
3248
-5641
9360
-7927
5437
-2250
-4086
2222
-5316
-5767
3138
-6917
1475
-3480
-9481
3639
-2490
8598
-5219
-4331
6098
306
4847
5462
7658
-7196
-4612
1432
4264
-8775
7626
8792
-3979
-4687
7101
1776
-6472
-9518
2608
785
-7075
-8816
-7381
5199
-3657
-7096
5330
1199
5699
-3377
-6191
-5595
5423
7516
-3881
-6972
-7466
2102
-6544
-8883
-8828
-8168
-8280
3162
8061
2838
-7334
-7670
7
4585
-2387
-8632
6584
-1410
-8084
-6486
6562
8826
-8707
2704
-1153
-9112
-6273
9227
548
-8270
-9684
6321
2377
2189
3309
9725
-8171
-4330
5861
9252
-1960
-5282
4158
6598
4241
1626
3040
-5044
6271
7711
-4079
4724
8546
7136
1167
5863
-9831
-3413
-8705
-8320
-6644
833
-5350
-4314
2814
-9222
-1980
6172
-6299
-6849
3719
-2185
956
6990
3645
-897
7927
8638
509
-1316
371
4309
5295
2329
-7217
-5442
3758
6595
-5768
-5821
-1170
5090
6117
6994
4989
-6919
4842
-5085
-6439
-968
-3923
-1242
-1567
6149
-1041
-4870
388
9895
-5141
-490
6397
7355
-8671
3034
-2813
3045
574
1451
8434
-6927
8328
2421
-170
-8993
-6926
8156
-6730
-8124
1752
9026
-1156
6689
-7927
7468
164
4335
2591
9213
-1691
-8736
618
75
-8286
889
375
-7238
7205
-6418
6225
-675
-8843
3318
5309
5279
-5818
-6999
270
-8046
9079
-3889
6347
9436
-5430
-717
-2759
7828
-5129
2648
7077
-8239
-8584
3810
376
-7412
7104
5059
-8327
3483
-5448
-1214
7375
4748
1574
9529
8099
1922
-9783
2435
6965
-9652
2836
9625
-3705
-7023
7187
8326
-6574
-1261
-5139
-1429
7860
-7269
-8763
800
1918
-4622
-5720
3235
4875
9528
-1941
-5557
3089
760
-2159
7205
-3492
2023
4419
823
-9699
9611
-2319
7623
6945
-2297
4593
-4336
3512
-4914
4133
-8742
1742
4176
7339
-545
2260
5271
6167
-2129
2654
-8215
128
4623
-9395
5721
-4833
-6131
2522
8536
4118
494
9832
8018
-9782
-5241
9678
-5508
-2916
9263
-4215
-1815
-9262
-8246
8839
-8491
9080
5719
9665
3384
-2390
-5029
469
-8244
-7748
4520
236
8295
1322
-387
8653
2510
4469
-9736
-8361
3553
9196
-2797
2772
831
-8588
-7093
331
1748
-5491
-6443
9793
7377
-3703
-5072
-488
-1867
3902
694
6482
-6922
3281
-2769
3742
2587
-243
8220
-397
6576
-2473
855
4747
-8530
-4543
-9953
-2004
-6228
8406
-5542
-6156
-5401
9111
5793
8447
4049
-7453
-3109
7175
1309
5535
-4446
-5957
1668
-2404
3204
-1337
-7318
-6234
1591
3228
-9298
-3795
4297
-2053
3442
-5297
-705
5807
-4743
2217
-9070
-398
2323
-4902
7081
2942
9311
-6007
-2162
899
7145
3773
-2122
-6928
-437
6396
-358
5157
-4773
4673
-6207
-4931
37
3853
-5276
-3372
9401
-3336
-1546
-2683
6941
7526
-1629
4117
-9391
-7478
3048
-1961
-8072
-3090
-2406
-2208
936
6476
-2042
6974
-962
-2513
5574
-5213
-6301
-4144
8922
-815
9943
5833
5538
7369
2720
3935
-174
9367
-7510
7874
5302
6614
3358
-3447
-9165
3093
-84
9140
-1572
4731
-4022
-8775
9662
3209
-7853
-7956
-5340
206
1520
1680
-3995
9273
6266
1703
-7543
6138
9604
1507
3919
3750
-1599
-6921
-5336
8804
-7755
-8787
6985
6588
-5259
-1904
8970
3944
-5470
7109
-9375
-9925
6938
2586
-267
-3188
1346
1829
-2011
-3953
5238
-2353
4660
2749
-2159
1844
-8917
726
2516
2272
-8784
8836
-1064
1085
-2240
5741
-3270
-1167
3019
4224
5920
4010
1433
4082
9204
-5421
-6391
-6057
4187
8890
-1569
-1178
2445
5413
4505
-7621
-2422
-7037
8379
-3719
-8881
5222
-2941
9468
323
-9987
9664
-140
9628
9827
-769
-7498
-6199
-1413
-5706
-9615
6005
-1583
6476
-1979
3845
-6193
-7534
4861
6844
5201
1672
6233
-1434
8800
-1290
-2593
-5960
-4175
-9984
7256
8706
8512
-798
-5502
-5897
-4181
-7724
-4639
-7867
9534
8617
7708
4734
-423
6984
-9270
-3820
1602
1840
-8818
-1199
-1181
-6443
3958
-2750
5165
-5011
8145
-5962
-2515
4974
6146
4791
-214
-8562
1081
-8032
-8662
-1152
1035
-9114
4791
-8633
-3908
-110
-3915
-1048
-6422
7992
-2192
1128
8068
8095
-467
-7485
2454
-4642
-5725
-3542
-5737
-4461
6917
-9481
-2320
-6065
-82
-3575
5784
-5051
-5126
-4446
-2808
-591
7955
-3790
5017
-692
995
7748
-5253
-5853
-6982
766
-6078
-5003
3338
889
-3341
-3729
-9436
-5818
4593
-2250
-6190
-8574
-931
4833
5326
-2054
6707
2226
-2423
-8489
708
4619
-2033
-3490
1812
-616
473
-7297
8891
-8861
-7462
-4797
848
-9981
5700
-1903
-1806
2538
-1619
-5289
-6297
5651
-8356
-3310
8929
2844
-7444
-3318
2140
-4060
-6725
-4968
-1783
-1851
1552
4132
5313
-2219
8196
-8796
-733
9699
336
-7242
2717
-8581
7161
3281
3050
-9913
-7110
4533
2040
-9829
3503
-7064
-4164
2227
3503
3061
-4796
-6902
-8144
-54
-2531
4240
8864
-3076
-9944
5422
6352
-6689
-9041
-9488
-6226
1614
-9143
9739
8139
8267
-7930
8530
1872
-8171
5888
1017
8367
-7236
-7088
-7941
-5313
-8096
-5825
-9235
7888
4768
-6577
3572
9064
-877
-5466
6801
8235
8614
-670
9254
5751
-4757
8246
8096
-3597
6857
-7557
5460
-7621
1321
-1339
5815
2223
-4216
9680
-2453
8541
-3747
-9482
3287
8537
-6420
1203
-8474
7276
-1749
-4858
3957
5730
500
9718
5161
-7447
-4551
9152
-7769
5477
2218
819
3893
924
-2573
-1262
8479
8271
7273
-2129
1348
-2951
-9509
-1076
9230
3064
-7023
-5884
-1467
-7488
8512
9943
8768
-5841
-6408
-4122
-5869
5911
1050
-7275
5973
8683
-9661
7940
-1940
-8803
-776
-2988
5856
-2315
-9927
-6944
-9549
5002
7995
-8331
-1298
-3305
7231
463
579
3878
-8354
5061
5721
3790
7738
-6906
8852
-5822
-1188
-4365
6931
-3191
2123
9886
-3996
6379
-6143
8979
7709
7449
-1671
4114
-5511
-5756
6274
-4024
-3337
6720
-3417
-8793
-8781
4430
-5766
-6933
-7574
4591
7893
-4905
-5459
-3243
4802
-9452
2492
3726
-3264
-7453
3090
-9122
822
2391
-8627
7500
-1058
-101
1632
3606
-5417
-8894
-6808
662
-7026
-6752
-444
-2139
-312
-7733
1856
551
-8655
-8373
6537
-4111
3644
608
-6274
-2339
-3694
6642
-3798
3553
-5101
-5023
9373
1381
3809
8657
3942
-353
2083
-3601
-9957
5284
-57
7859
3811
8012
-5492
-9649
-2631
236
-1608
-29
-9748
4790
-4614
3130
8488
9064
-3138
-2703
6387
-472
622
-3008
-8670
-2990
9308
-7744
4826
4053
-4209
-5917
5714
-4991
7496
-3859
-1252
2243
-6307
7895
3879
6759
-2621
5405
659
1055
-9130
-5863
-6447
9355
7910
-2522
-765
5044
-3447
-413
-1516
3835
-1215
-4948
8959
-4921
-2866
2095
9972
-2359
6402
8355
-9461
-4708
-3784
5656
184
1101
-2957
-7040
1978
7043
6222
6926
-8095
-4768
-9766
9171
3113
-4265
9897
-4517
6645
3388
4328
-4329
2107
-2077
5095
9382
5582
-7437
-7039
-6941
-5113
2389
2556
-8617
7998
2090
6848
5408
-8032
3137
9808
-9686
-4074
-4083
5081
5802
-1601
5683
-1661
-4250
963
1807
7747
1388
-8622
-8499
2605
8778
-183
-5094
-1132
-9264
-3341
-9699
1329
-4294
683
2492
-6710
-8784
8090
1092
1248
-5680
-1307
4278
890
-2773
4900
-1637
-9052
8001
6139
-8657
1286
443
-4121
4768
-7977
9162
2186
-2563
-3123
-6634
9751
-375
3830
-1304
-1050
-5540
-6550
6475
-3509
7070
8822
-8329
2206
3549
691
4385
2027
2717
2575
-8314
-4841
-8704
7797
3860
7551
-3212
9067
7765
1134
4476
-2223
6677
6811
9436
-8235
-6391
5999
6444
-2856
4992
2887
6247
1964
-6800
5094
-6613
2515
4244
-2602
-5660
-2365
2070
6830
6312
6495
-6735
-5259
-1375
5432
-6328
4044
-7527
9770
2151
-3417
-1632
8913
-2991
-4502
-4685
-1239
654
-2138
6368
-7586
-7279
-4286
-4339
-9466
-3952
-1492
1696
-274
-9762
-2343
5666
778
4227
5809
9596
888
-3430
-246
-6651
-7817
1435
3462
3540
9472
-5217
-2489
1660
-3435
-5318
9818
-7685
7982
5685
5375
301
-5478
6069
-5735
5429
7942
8129
8582
-7842
-3356
2914
-8729
-9094
5191
7910
-7772
-3536
1129
-6711
1049
7537
294
-1126
1389
-3285
2125
5671
2925
-4514
-6551
7179
-7453
-1567
9208
-110
1221
-9856
3184
-5856
-1620
-7592
9330
4948
-2306
-3568
-7986
197
5685
9820
2492
3645
-1580
9299
-3047
-4235
-6309
-127
9527
-3323
-6446
6838
2901
-6403
-9983
-4181
-2636
-7706
7500
-7795
-3502
-6867
4432
6294
8218
-8614
6053
1665
-89
1716
4457
-413
-7520
9988
8357
-5175
-2152
-5807
646
7632
-352
-6335
5566
-3732
-7384
4114
-3440
-5196
-2561
4914
8629
7863
-9038
-7642
-116
-2500
1463
2677
-643
-3462
-9105
3991
2337
5187
5890
7908
-1035
-1125
6613
8742
-379
7553
2855
-166
209
-9593
-7451
-9649
-7201
-1561
-2392
-5267
-7340
9669
2733
-6221
7926
9401
5905
-3207
2406
7373
-9811
3616
6640
3905
-2888
4326
-8923
4197
6211
-9707
-1701
1138
-3560
-624
-4974
1266
4562
-9211
7628
3786
239
-7981
510
7894
539
-2647
5209
3474
-5694
932
101
7841
6737
4016
-4835
-3035
-4258
-2799
-1465
-6474
7548
637
6445
4747
-3217
-283
-1771
8864
-6446
-2597
5133
2130
8648
-9873
-5255
-7123
-2109
-9548
8681
-7027
-2978
3060
2522
-5244
-9193
-5786
-2793
1024
-5190
6563
-4066
115
-9455
-6092
-1771
3197
-8576
6458
1698
-4915
8012
-4948
-1085
-2085
593
-6870
-8663
9639
-4948
-7105
3531
4818
-1423
4965
-5750
3177
7926
-979
-4650
-6138
5341
-3564
7139
-9194
5319
6842
9530
-1551
-1183
3559
-4609
-3573
5427
-8767
2293
-4940
8676
3353
8377
6610
312
-3747
-5043
1239
-7549
9326
-7332
-8681
-674
-1411
8050
-1785
-7864
-8833
8333
6000
253
7031
-7159
592
7470
6398
8584
3304
2068
5701
4853
-153
5439
9117
-7331
-8807
8241
6982
3301
7339
2371
7036
6985
3851
-6500
-9150
-5224
-4745
-8995
2690
-2852
-2708
-898
-3027
8257
-5856
7507
-5316
-7256
-5957
3063
2981
7442
-5924
4143
8602
-9639
2305
345
8055
-6246
9159
1724
5763
4235
-9441
-3180
4355
-5306
4212
-2605
4008
-2786
895
205
2063
-7579
-7236
-7127
4948
9863
6252
-7611
7514
-286
-950
-1096
-9520
8068
-3882
-4193
3476
6393
7262
-3865
8098
4976
1471
9400
-985
-8394
8378
-8551
-5528
1241
-9716
-7122
2408
-6974
6073
7180
2889
2393
-7059
-8772
-6935
5537
1107
-1126
-371
-3755
-6845
-1837
-9248
-6654
-6877
1786
-1983
-991
-6776
9804
3291
-5635
-4017
-9351
-6840
-6927
759
3015
6217
4907
-3778
267
8882
4036
4800
7164
-3754
3697
-5266
7784
-2363
-9419
121
-3521
-1178
4860
-5678
2930
-7328
-5507
338
-6454
-1855
-3828
-8902
-9964
-3871
4939
4113
-8841
-952
9215
6165
-2183
-2447
-9132
-4728
-5798
8137
8549
7936
-2335
2510
9444
-4620
9972
5241
-5853
6712
-9082
-102
-5603
-6491
-5248
-3790
1897
-3885
-5872
-3087
-7476
-5827
8700
8659
-1392
-7526
-2293
-9178
4874
-340
-577
-1687
-5125
1185
-3614
8066
-426
-8278
-7266
-6951
183
-3867
-814
-1950
-8675
7181
8543
-6871
67
6857
-268
2973
-4994
-6123
-7209
4641
-7340
1561
4662
3044
159
-2465
-5763
-6951
-1294
5651
-6932
5987
-8261
3027
8148
-8133
2046
-5392
-7639
-2568
4753
-247
-9758
-2632
-45
-7480
-9667
3071
-3666
207
-1077
4668
-2276
-3243
3375
-322
4285
2020
-69
6720
-7985
6096
-1381
540
-4436
-770
2521
931
-4782
87
4523
-26
-1193
-2370
527
204
3684
3380
-828
-4823
-2451
9065
9561
-7208
3627
2571
5064
6849
9856
8998
325
1596
4620
-962
-5252
1696
8305
9383
-3455
2425
-3405
-8089
4324
2563
-6958
1178
1435
-2433
-6772
6412
-9956
9003
-6736
-3162
-2335
-7657
-4372
-8539
-5973
-1223
607
-9509
-8691
4861
-4993
-3045
-8234
-2418
-2038
1371
9747
128
-8260
-8768
8883
2140
7526
408
-2338
-464
9136
-3706
-9644
-3503
-8614
-2337
-3613
6450
2630
-1961
-4423
-8756
4395
-1146
-7365
7423
-1224
9475
-4503
2832
1810
6206
-196
-5546
2137
-3816
-6641
-2083
869
-5769
7102
-6457
-2585
7700
-7926
-8322
7232
6465
6530
-6576
9298
7505
5735
-8447
780
-3714
-6473
-8222
-4115
8907
4401
3262
9479
-1710
8993
3150
-2473
-2732
-2471
9177
9635
-5433
910
-4379
3136
4157
-1802
-1441
8362
-7623
4795
-3617
-639
-9687
-7341
5156
-2127
840
6576
-9164
-9491
470
-5251
5752
-7050
3096
-8300
2581
-874
9276
7670
-9338
-1200
-7207
-418
-137
339
-1109
6985
-5676
4027
9331
8364
-2782
-5323
-8948
3517
7701
-6156
6259
6632
557
3678
2690
-7614
-1124
5467
9835
-3934
-7383
-7794
-664
9549
-8336
4112
-1022
-1103
-9708
-9286
4382
4175
-9145
1519
-3120
-58
6286
8309
-1947
9781
-948
-4633
-57
2675
-5922
-2910
-190
-2531
8317
377
6956
-9057
-8336
-5839
-8314
-7929
5247
-9028
4896
-1781
1479
5055
2958
3152
1421
-2186
2057
-3278
-705
5932
-7268
8608
-7291
-3076
5467
661
450
9372
8775
4040
7376
2402
-5391
8511
-7303
-4632
-9952
-8671
3211
-188
-783
2895
-1703
-1622
-1615
7908
-6925
-101
-3347
8065
-3643
2479
9833
4437
1654
-4507
-1787
-5667
-7360
5609
-9843
6610
-4486
-3722
9490
6755
7981
-5959
-2453
-7463
-3787
9743
-4793
6567
-6222
5396
-9871
-2813
820
5564
-6796
956
-4211
2495
9267
9266
5114
9813
-1954
7000
-964
4798
8806
-360
-8112
-7863
4798
8908
-5387
4711
6693
7633
6465
-1291
-8294
882
4188
275
-3425
-2290
897
-2222
-1668
-2367
5602
5961
9999
3326
-666
-286
1164
8413
-1339
1524
-5832
-9349
-2884
2131
-4452
-5844
-978
8959
7764
-9244
1458
-950
9660
8489
3896
4460
7275
-4386
-9206
-9745
-8814
-4719
-529
-5805
6668
-3588
7177
2446
-5956
-5550
3698
8122
-8387
6077
4354
2395
8176
425
-7165
-675
-2947
7135
9148
4162
-1674
-390
-7583
4697
-1514
8194
-8142
-661
1374
-6553
-6296
3724
8871
8641
3907
173
4992
-3750
2968
1612
-4176
-4702
8222
-5255
-1591
9725
-2127
-93
6108
3918
-9929
7579
3540
2121
9764
-7923
8454
5436
-7490
-8203
3321
8668
6702
7574
-5863
-6757
-5447
4965
-7963
-1909
-6884
-2194
-476
-6101
-3200
-2396
1946
-7371
6040
8723
-5208
9333
4421
-8879
-7458
-4497
7835
4639
-5907
-6845
-2107
-212
8825
-8486
377
7056
52
-5105
3319
-3409
-223
-1031
-3234
-3240
-7905
876
-2932
-2461
573
8587
-1887
-3020
7144
-1426
7653
4288
-5929
-9562
-206
9384
-8374
4284
6448
-2881
-1294
-7178
1265
-5196
-9147
5886
-9978
3334
-4293
-9041
-1394
-729
-1442
3014
6462
-2997
3492
-5667
-2003
1305
-3647
-4513
-8484
2872
-8219
-5080
-3309
3780
5346
9725
4821
2332
2510
5427
2004
-9881
931
-4876
1309
-5885
2506
7723
-8476
-2923
3825
-9199
-884
3918
3074
-4995
-1193
301
8434
-3391
2202
2703
1968
-4740
-3892
-3780
7709
-8441
5017
3754
-6361
6068
5157
-9347
3718
4116
-9537
-4801
7248
-393
-5156
-102
-1571
-1378
-1184
-8790
5922
-857
-318
8058
-7572
6673
-86
-2924
2154
5317
7336
-4779
2941
6918
9596
9132
-5091
282
-2384
-7690
-4692
3872
-4385
-8219
2985
-4398
7794
-2290
-798
9479
-2538
8828
-2492
9624
-7554
2354
3020
-4314
999
-72
-7486
-5350
4720
1674
-5848
4955
5314
-6604
4950
-282
9158
4467
2427
-5162
848
-2846
-4566
-1317
9129
8875
-6369
2651
332
-857
2489
-6135
4483
7798
8091
-2574
-4780
-4357
5082
5059
-7963
-6981
-9613
6302
-2576
-1851
7456
-2427
4403
-4970
-1510
4799
-8564
-8111
-9916
-506
-7191
7006
-5505
7161
7158
-2253
-7044
-6487
5763
2890
-5828
2528
-1223
-5891
-6740
1548
-2059
2707
-4440
3460
1387
-3655
-7327
-1388
6668
2241
-3447
7893
-6712
-8636
8944
1870
7653
2456
9327
-616
5885
4339
4352
-3257
-9164
3665
6452
2322
-256
-762
6686
8481
2233
9606
4923
9789
9952
961
-689
7471
-1090
8670
9786
4439
-2723
-4657
-5296
-2478
-7458
6269
1695
5950
5598
8555
1927
-4562
-3237
1683
-5051
-3469
-7538
-3526
313
-6748
-7573
5712
-2589
8743
3164
1790
728
7868
-2709
-7849
8472
2838
5360
7942
273
8679
-6214
-465
7713
-3784
1002
6994
-7287
-3922
9085
1199
-256
9076
-182
1499
-5658
3518
-2205
4775
3086
-7898
2231
5182
-5702
578
4541
-4526
-9775
-1207
6045
-3828
-8534
-559
-3693
-9469
-2764
-1548
-7357
-4674
8833
5954
4564
4615
3300
-7057
-9717
3441
6666
6976
5865
-4881
5594
4264
6117
-3896
-3745
-2913
8642
-9904
3371
9116
4491
8724
-5766
-4450
4326
4788
8539
-3947
-6780
6471
-9529
-9804
-6863
8661
-9370
-2557
1792
-8773
-5975
-3103
9082
8528
-4536
3066
-2068
-4654
-4892
-386
5854
-8992
3198
-6254
-136
-3924
7285
2221
-1843
-2443
6557
-6838
5626
7262
8531
-3050
7368
543
-1411
7753
-5875
294
9150
3583
5166
9574
-6889
-9208
8993
-7954
-3580
5730
-4504
5500
6234
-7242
1413
2501
-2705
1995
5171
-5514
-4789
6349
-8211
6468
-5019
2136
-4470
1450
2359
1611
759
-9466
-4526
-7222
-6677
8962
-4560
3397
422
7511
5741
-8831
-2287
8338
7534
1833
-5333
8115
2821
6416
7810
-4989
-8107
5169
9697
-8075
-2218
-5763
6467
9093
4345
-5978
5272
9644
-108
-617
-1858
1514
4521
-5329
-9312
7185
4405
5218
7469
541
2022
-5129
6616
-2858
-5471
5616
-4464
-3355
-9297
2625
-8026
5715
1278
4229
5531
-8311
3912
-3760
586
7948
-4067
-7661
-2597
-4656
-7495
7280
3841
-4856
-3264
-3573
5315
-4283
2265
9122
7177
4688
9622
-805
2653
-5140
-7460
1424
-4976
-6357
-359
-6912
-9610
6870
-8256
-1934
3497
-9877
-1582
-8614
-9962
-6153
3184
3974
-2003
-4874
3377
123
-1287
1520
-3542
6014
-7436
7599
764
507
9106
-8787
1737
-6877
-6414
1596
-7256
-2624
-8165
-7091
-7222
-3495
-4516
-9460
-299
-2639
-1766
-3045
8786
-4778
6780
-8481
-9280
2687
-27
4881
6528
8116
9805
6711
-3552
9767
6688
2654
5420
-5208
5328
735
-4255
-7945
3875
1685
-7429
-5121
-4700
-3308
-7650
7645
-1151
-9031
7378
8280
-8023
8129
-6016
725
-1484
-4857
-5544
1691
525
-377
5078
9573
-7119
-7800
465
-9339
6969
1042
-6674
2866
4687
4272
1422
3963
4099
-6779
-9768
6114
2700
-9444
4511
-1336
2777
9725
-6119
7729
6098
3094
-571
-8440
9039
-5937
-2215
1083
9423
-7872
5719
5717
-9513
8090
-8750
6106
-6197
7208
-9075
-7315
-2682
2641
-3525
1026
9295
-4320
6514
7597
7855
2499
-6497
-6297
3377
9498
1349
-9646
5921
9708
-2307
-9160
-9060
4920
4962
7439
6871
7862
1390
4037
-6177
3862
-95
-9497
5264
-4215
3971
3257
-4640
7265
5155
1077
5509
-9965
9492
-7540
-9837
-1657
3807
-5343
-457
-895
8340
-5694
-4711
7246
2400
913
3566
-5647
-4826
9168
5657
8417
-8461
-437
9474
9082
1889
-2207
4855
5437
457
7112
-4284
9594
2531
-3667
-6296
-5777
-1511
2704
8146
-1654
-749
2813
3823
-3417
-475
-3246
7166
-641
-6779
544
-3695
-131
591
3940
-6555
1729
3329
-281
4686
6484
982
-7656
5377
9427
4711
-5510
4907
2624
-9634
-7519
7664
-5984
-8011
6522
-3394
-8630
679
-5313
-7204
-3706
-2155
7546
3431
7933
-7221
1564
-4808
-4211
-7973
-4191
-6398
7052
-279
-2997
-849
4398
5481
-4959
111
6493
-5415
-7010
-1551
-619
5055
-5377
-641
9373
-8474
-7983
-3361
-2158
4467
-3747
6934
5259
9326
-1071
-1246
5835
-4516
2819
9780
6299
-1729
-2177
6935
-5688
3939
-2178
1195
4480
246
-3557
-9855
9760
9899
908
9015
-3538
-8908
-126
3555
-5848
7226
8341
-4352
-2402
4010
8476
3287
-2933
15
8102
-9387
-8005
-3965
8415
7882
-2160
-1440
2456
7975
5584
-46
-9424
6760
-143
-334
-5305
8217
9906
2852
5614
-3339
9975
9786
8238
1017
-3052
4960
3312
7183
-8113
4448
5067
-977
-8691
-6084
9358
6915
6704
-5535
-5097
-1867
-6952
-8453
-1833
1908
2183
-4739
-9460
-9824
-4002
2936
7407
1732
6960
-9464
-9025
-3362
-9706
2403
6486
8649
4491
-7694
-5415
5901
-4017
5068
8949
4237
-1673
-5441
-2274
-171
-6821
5502
9224
7710
-4329
-5709
4571
8087
8892
-7629
5092
8175
8856
756
-8176
-9569
8346
-5930
8860
-8276
3036
-545
6735
4965
-3629
1735
-2690
-2875
5892
795
3344
2374
-4187
-8565
5311
-5720
5170
7184
-1064
3457
9482
4061
-6485
-989
-5847
-6361
-8893
6943
-1071
-5236
-3275
-8282
-2384
-888
-500
1457
4580
6021
3157
8384
9052
-5823
-4891
-7144
2978
-8250
-8294
3455
3596
-8673
-9138
-6173
-9012
-572
1306
4797
768
7892
9625
-2577
-3939
-5544
672
-367
-779
-3909
8114
-6196
-7587
7198
-8793
-3554
8453
8883
-4275
9884
-8485
6908
2758
9382
7976
-7293
6152
9405
253
517
-4655
1655
4959
-5835
5875
1180
6708
-5428
8205
1859
2000
-7475
-3904
-5852
-38
3562
-1797
9261
-6059
3547
575
-4138
5253
-2528
2596
-5003
937
-1086
-3127
3020
-2455
8953
4908
785
1485
5069
-1272
-9473
4550
-7360
-3253
7930
-4206
-2449
-1155
-6394
6895
-146
8152
-6556
3508
1916
-4971
-8581
-9832
-9903
2294
2204
6785
1875
-6242
6110
5187
-2988
1493
-5987
-3573
-9069
2690
-5773
8530
5724
3365
-8256
6188
-7130
-7998
8535
4807
4720
-9145
-2437
4742
9206
-9876
5310
-9569
-8623
-5040
2585
6539
-2929
4020
6526
595
3529
2434
5771
-1216
-5454
-3090
-7140
-1238
-3538
3801
-6922
7679
-5931
4742
-8511
8906
6759
5538
-8011
-3951
7131
-1481
9316
-3286
-1804
6411
799
5184
5355
-3807
-5798
-2580
3613
-4217
21
-5854
7077
-330
578
-499
8787
-5662
-8058
-9653
-8999
-7052
-1872
-648
3361
8789
-493
-3640
287
6520
3067
-5283
1836
2342
5120
9100
2929
-2671
-2814
-6658
-9216
-4467
9925
-1175
-2438
-4524
390
4557
-2661
-2088
4594
9964
3103
-2815
-2833
-3873
1593
-536
9037
-2219
9318
-6656
-8745
-7254
1335
4734
-3335
-2434
-6380
7640
8890
5873
-4403
-3427
6675
-115
3829
-5864
4792
6928
6702
-3706
5052
8644
738
-1645
7274
-7240
-3285
4637
-7282
-4828
-6255
9368
-8284
-937
1900
-9656
3766
-2579
152
4065
530
-5174
-142
5710
-9544
8926
7729
8453
917
5402
-5315
9720
8040
6901
4084
4192
5455
8450
1498
8585
-6948
5995
-3979
-7590
7951
-3577
-8700
-9770
-3753
4232
391
-5621
1504
-29
242
4852
1433
3839
6533
3790
7843
3184
6078
3012
-3213
3829
-2911
-1438
-2655
2035
533
-969
-564
6114
5310
812
-8076
-7979
928
4004
9675
9901
6168
7148
9071
1818
7740
310
-7225
8126
6917
1688
-4315
7358
9535
-697
-202
8214
-3774
-4320
4169
-7418
5417
320
943
-2860
8255
-2430
7148
-4558
4628
6852
7698
5994
5443
4003
3417
4170
6408
5734
-817
-2825
-858
-9088
-6204
4574
3629
4350
7601
9746
7471
-1065
7196
-877
8628
2785
7243
2770
7802
7712
8833
5591
2587
4409
-4131
-4507
1377
-6729
-2224
497
-7893
-4675
-6406
5356
9433
4512
-9909
2189
-1422
-5667
-3002
-8232
-3075
-7578
6601
-4239
5156
-5942
-847
7563
-7091
-8943
-5654
7135
984
-2622
690
-4685
4532
2642
2879
9754
-2514
-6245
5689
5578
-1773
2073
8327
8591
7209
-5501
5467
2514
-2460
235
3224
-6463
-3897
-7416
3129
2547
586
-4017
-4503
-9245
152
1641
-1467
7886
-8597
5383
807
-7896
-5786
-2396
-9850
-8523
7372
2407
6068
-4074
-413
3624
644
6061
4929
2899
-3229
5403
-9786
6228
-5511
-3336
-6272
-1961
6078
7400
-7850
4608
-7642
-2845
-8363
-1926
2432
-9602
-327
-2817
74
3039
-7211
8026
-7457
3232
-8686
8760
-7057
-7261
-561
-7079
-9923
-3060
5165
-3645
-9626
960
-8392
-5917
-701
2006
7960
-1173
-7489
6560
-8752
9854
-9385
-2417
-1935
-8073
-6510
9505
6477
5
8604
8441
6305
-2267
259
6525
4279
901
189
-8781
-5023
-4689
6285
-4519
-5910
-9684
-859
-7977
-6005
4107
-9311
2435
7722
6593
-4256
-8224
3289
9281
-5608
8289
-2485
-235
9564
3344
1606
-3639
-4963
-1579
-5510
1749
-9434
9288
4665
-1634
506
2273
-6000
9291
8081
-1047
7297
-3758
3501
4381
2706
-5386
-5379
-9032
5573
-2630
-3725
1526
-5447
3005
-2724
4207
-7202
-3508
1375
-9646
731
639
1669
-5630
954
4531
-1499
7617
-9631
-1071
-2751
-1026
3081
3357
-6342
-4805
-1801
-5390
-1419
-5044
-6086
1249
8425
-3032
-2612
3641
9669
-1333
3575
308
-5914
-2843
-143
-5966
5138
1900
-2869
4949
-7920
2755
50
-3460
-5594
3939
-6642
-8248
1314
630
-7388
-1113
-8927
9585
7472
-4855
9792
7102
-7371
-224
-4058
-3795
4736
-1185
-9906
2604
-314
3999
-6905
6688
4037
8336
4430
3401
6731
6482
-2149
-2609
858
-6677
6593
-9274
6255
-3775
-9123
7007
-7494
6393
3668
1404
-2840
-5474
4984
7195
-322
7591
-5916
-6407
9497
6879
1058
-3736
4298
9855
-4293
-395
-2258
3084
3391
-10000
-1831
6328
-7460
-8923
3302
9139
2296
9556
-185
761
-204
-2747
415
-2865
5570
-4728
-2327
-673
-9767
-1581
1448
-4156
3457
3382
-1652
2187
-7592
-4448
-2461
799
515
6090
7951
1541
6513
-5496
-3553
-5026
5127
-9656
-1587
-6914
617
3378
7851
3157
5753
-4726
8461
-9572
1811
2920
4647
9495
-1260
-9040
-2777
8442
6216
2015
-931
7615
5029
-3871
-1389
9709
-359
3796
-6571
3232
-2406
9040
-289
9981
-2481
-8658
3066
-3387
-5082
1066
256
7503
-1488
1056
-7468
7664
3165
8158
-593
-2567
2473
9515
-7308
-6334
-9434
6695
9532
9625
-2554
5603
-6362
-9270
-1319
4976
4296
2802
4420
-7898
-1250
-1035
9906
6882
-7402
8051
-138
-8893
9550
9840
5782
9939
-7338
-4989
5011
-1875
4614
4994
-1456
-2416
2008
-5130
-5376
3819
7152
2073
6541
5102
9384
7915
4369
8590
2774
-8423
-6152
-4041
1414
-852
384
8134
5330
4439
-4649
4017
5842
-1787
-2444
3683
-9637
-9080
1060
-6465
549
632
2322
5620
-2613
6158
-5636
-2486
-8116
9953
8149
-6117
-7590
-9022
-8679
2964
-2467
6904
-397
-4917
31
7687
2450
9510
4111
7399
6311
-3825
-584
6123
-8268
1717
7180
-8548
-5008
8912
4232
5577
-2605
-8637
-7091
5615
-8605
759
-3751
-1224
3316
-6733
2536
-1216
-106
6827
-8405
3524
-5639
-2616
8657
3603
-2683
-9734
8072
4067
5918
-4077
5581
6566
3424
8504
966
150
8552
3894
-2108
-9556
2408
6919
-8464
4624
2492
7929
-1781
8719
6895
9799
-4926
-2998
7253
-6916
-7273
3615
1266
9819
9910
6348
675
2693
9923
-9681
-6655
-8535
6149
1569
4530
1112
-2910
-8826
-1859
-8857
5259
5502
-8778
194
-8327
-9643
4588
3083
7211
4280
1276
-586
-791
-818
-8640
-6758
-332
-7884
2635
-4951
-4213
-1640
2897
-275
-4283
-8855
-7194
4542
2374
-8457
-4498
6979
-18
5105
8699
6424
-7304
1308
-5174
-529
8590
236
7739
158
-1692
-2406
8881
8546
-767
-198
6074
9814
3744
-117
-2155
-5793
-7681
-974
8816
-2928
9248
-3048
6854
3275
-5341
-9704
-2933
-3383
-8434
-6813
-5304
-6432
9058
-8279
-7554
-8772
4558
2274
-9588
6414
1353
1767
-6296
-6505
1523
-1938
3600
-9722
8898
-3002
-3586
-410
-1954
-9840
-5062
8683
3923
-6130
6355
-213
-6635
7381
-5611
-9179
4504
7219
-4305
-1769
-9057
9983
-4233
6171
9747
5611
-3162
884
1595
4519
5363
7655
-5897
-3226
9350
2066
-5598
-5347
3602
7765
8676
5961
8795
5292
288
-2701
1468
1642
-6807
8051
5581
7021
723
-3800
-1929
1338
5818
-6693
-4994
6418
-8758
5272
517
3461
6429
3602
2804
7573
-3559
9363
-1582
-7396
6312
47
4718
5313
1018
5196
-4042
2426
-6168
-1958
-7905
-5449
2956
-5614
-6912
5800
-6828
-251
-5214
8676
4286
-7121
7528
-2619
-9624
5788
4688
-820
8323
2645
-243
9367
5707
-6384
-4892
-2265
4921
8985
4329
-4004
-9880
-6538
144
-2583
7327
2646
2978
2771
3746
9278
4769
8718
-1167
-7768
6085
2930
1681
8276
6686
-7985
2847
-3024
-7416
-8149
6572
1935
6064
-7096
-9503
-1133
875
-2040
-2174
2328
-3215
9908
-7860
250
-3301
7515
-730
8311
7307
-3167
5092
-9622
-3630
4845
1380
5540
1301
6061
2538
-7423
2620
-4808
-7676
-9923
555
-6147
-488
274
-1996
9722
4702
2911
193
-7514
3850
-5315
-3708
-7579
-3379
2399
8945
790
-4267
781
-4626
-6235
-9545
4413
-4168
7993
-596
4761
2685
8509
724
-5179
-3963
-2573
2643
-6448
6538
8312
5798
469
5398
-1663
-4299
-6347
-4691
-7951
-6475
5581
-6022
-1010
-1485
2399
4204
-2597
2417
-6214
2047
-4929
5149
9551
8878
5712
-3800
-2187
-9534
2929
-398
-8638
-138
-9874
-9149
3252
8673
5948
405
-2943
-7602
4715
2330
-310
-5478
8183
5679
-9893
-2949
-7805
-6840
3600
3528
9449
1279
5949
-6668
-7271
-5775
7640
8764
-4706
-6632
-3712
8437
-8306
-2565
3767
-2674
-5203
-648
4457
2051
-2952
-9793
9944
9027
-2426
8219
4674
3959
-4017
1383
7054
-5502
6371
-3056
-5789
1134
-960
2396
3779
-5496
5028
7512
-9914
-4837
-5393
328
6720
2552
6774
-6079
7605
6798
-6193
4990
-3180
1090
1731
-9352
3082
3501
-8846
-2118
1715
4388
6199
-789
-6208
7014
1223
-3770
-8345
9833
-7278
-4362
-5830
-1317
-7778
7330
5803
9274
-3576
-651
7184
-3605
7368
4003
7926
8175
-3745
-6525
-7655
3532
9205
-523
187
8462
-2801
-7580
-4048
9619
-2907
-6328
-3143
-828
5647
7925
5872
-3507
1013
-5905
8877
-255
-7060
1564
-9411
3137
-3930
5233
-1801
-5930
9076
-60
8008
2025
277
3478
5772
7186
3610
-6435
6596
4669
-1973
-6595
2159
361
8086
1730
-6929
-8616
-4648
4261
-4185
9069
9086
-5340
-9625
-2728
-7757
-8643
8891
8368
1771
-5842
3681
-9511
2937
5353
3865
342
-3290
6674
3114
8939
-3459
972
-1951
9725
-7440
-9565
5664
-4470
-3354
-541
-824
-4242
-6216
5540
-1262
-1562
-1289
8870
9029
4524
-5703
-6240
1128
4863
-6230
-6001
2366
-851
8375
-8696
8903
8817
-457
2986
-993
7939
3248
8337
-42
5581
-7242
7486
-7721
-2053
-7733
7763
8604
9918
-7807
-3892
6427
9017
5305
-8051
-6277
9849
3012
-3001
7638
-6030
-8687
5901
-9778
-913
-5654
649
8830
-961
-5056
-1076
2055
-2716
2383
-4997
-2553
-6700
-4388
398
8948
3171
9605
-7519
-6548
5970
-8335
6825
8768
4851
4361
-7415
-9343
6879
1351
3168
-8088
-4440
-7604
-9083
3859
-4643
-7311
-52
2538
1335
9191
666
5644
-8295
-7144
1059
-9202
3356
6648
-9572
-6629
-5454
-460
-6115
-72
7284
3793
6269
-724
9052
-6229
1484
8315
-4610
-7833
5643
8468
-4419
1749
-6604
6471
514
-1799
-4371
7011
9937
-3758
-4549
1412
7459
-4172
-9750
8280
9514
3582
5033
466
-6697
7075
5743
9005
-649
-8914
9021
2552
-452
2369
-1999
-2527
-3994
5376
-1404
-4618
6273
9039
-7484
-4683
683
5024
2883
-7979
8545
151
-2141
4031
-5049
-512
-3434
-667
3728
9199
-7110
-7741
2601
-1803
5771
-7680
-4007
-4006
7484
-2335
-6675
-9520
4600
-1942
3839
-4855
503
-5994
-1757
-4239
7658
2862
-5653
-8290
2226
-4917
-213
5035
7364
-3586
3282
509
-2395
-7336
-1318
8659
1940
8921
-9523
-6171
7462
8418
1425
1213
-8237
3599
4931
-1649
-5961
970
-1255
8655
2642
-4315
6221
3390
9783
4941
6331
4431
8885
7273
-2627
-5185
-7539
-990
8270
4094
-2507
-8673
-4385
5142
4854
3736
5073
-3783
-2079
-5061
6692
561
-1372
-1567
2493
5503
8743
7159
4845
4527
450
506
-4859
-8865
-5668
5345
1629
-6853
5175
5993
9963
7873
-2927
8484
-4216
8296
-6098
-3576
9696
5677
-8020
-5248
-9792
1895
-3204
-6834
3597
9318
-5404
9174
-9989
-6965
3187
32
-4586
8447
-9334
-3768
9826
9888
5304
-5870
8964
9404
-3176
899
7630
-5515
2335
-510
6390
-2770
5307
-6995
-9072
9505
8366
8612
-279
4715
-826
6664
-2276
6188
7777
-1590
4239
-5704
-5572
4144
-9024
3233
-9963
-604
-1012
2913
4064
-7126
9379
-9902
1163
-8196
8649
-5417
-5147
1045
4709
927
-6085
852
-2240
-3155
1728
6835
-1380
-1181
-3225
1554
-5620
405
1863
-305
3852
-3477
-1604
2569
-9844
-2631
-5155
8012
2937
-443
8831
6574
4749
-9614
3392
-533
-7065
-2405
2996
-2310
-9948
2665
-3787
-2869
-5982
-3829
5753
-4810
-5908
-4833
3843
4360
8641
8097
-7769
6486
-9322
-2973
-1337
-8803
2029
5831
-9748
-5014
2341
6925
-9669
-9529
5572
-5389
5329
-7438
2461
-443
-8428
6597
9853
-2560
-2177
8948
-7066
8064
2215
-7025
-996
3996
8362
-3922
-1063
7877
2612
4920
-9595
9714
2020
-3138
-2285
5964
2714
-3277
-6377
4355
2503
6563
-8801
6633
-3749
5041
6716
3392
-9178
-1079
3187
8465
7309
-336
5366
-7747
-2729
-7196
-5969
-8955
6955
9602
-9447
-1669
9261
3659
5851
-3929
825
7065
1315
6576
1108
3318
8775
-3960
-7103
1533
-2046
-4361
6421
93
9214
498
-873
2299
-2063
-7734
-1542
-1121
163
-4180
2255
-5560
4620
-6249
-6884
-7446
1064
-4914
1806
-3877
4303
-8959
7930
4554
6786
4159
-6738
8925
4253
-1298
-8144
-5135
-9506
9594
9183
-7681
1537
-9490
1109
143
7814
5659
4456
-5945
2647
-3617
-2371
3762
-5334
-6374
4087
-6099
154
5178
-2112
-8537
8401
5820
259
-3116
-9090
6434
788
-6297
2846
-8936
8252
-1896
1653
4296
-7996
9980
7839
2824
-3133
-2201
-1167
-8176
1028
7593
-1494
2895
5593
4257
1838
6131
-9448
-8467
-2589
-5960
-8081
-1642
2443
-1951
4046
4767
5698
378
-4521
-6054
-8434
-9399
902
6507
-9224
-3793
-4091
-9427
-9425
-3908
-2432
2337
-9081
-8166
4736
-1087
1139
7076
-4719
-6343
6549
1203
477
8171
-8072
1820
7995
1109
-9376
8845
-7625
7965
7183
-3688
-5381
-223
4436
-6131
6974
3591
-7085
-4774
6871
-6556
-8946
6858
2103
3731
-5807
-5829
8847
-4950
-624
-9272
-5591
4283
-7153
-8058
-4414
1297
-4092
8902
821
-6422
-2253
-3325
-872
1626
-4367
3505
5179
-251
6279
-9185
9243
3306
-8494
-2858
-2008
8367
-9391
8381
2298
-4547
-6092
-6220
-8167
3036
-5375
1163
-853
5771
1052
4039
4079
2636
4197
295
-1363
2241
-5648
4240
-4389
5443
-5857
-1996
-2845
-7509
2690
4454
9224
113
-7072
-8502
-9761
-6172
320
-3427
-6110
2207
-1457
5547
8229
-9353
-5850
-3029
7390
9380
-8546
-392
-1696
1337
-8617
3377
2526
1820
2784
517
-8209
-7949
725
4144
844
3529
-96
-8708
-8983
2222
3094
3476
-5758
-5982
-6284
-598
2454
7203
7402
-8108
-5825
5268
-3126
5400
7830
906
-7092
-4467
5298
3349
-1745
4917
-6737
-3936
1527
2415
6121
2485
8149
-8676
715
8670
-6346
-3421
5183
-7886
-6421
-3279
-5112
8450
7013
-5598
-9870
6614
2597
-915
-8155
389
9618
-6065
-2629
-9962
-3840
-9948
7044
-2642
7103
3609
-7529
3062
-2746
-3573
2155
5433
-6559
392
3544
-6143
9791
-8154
3800
-5382
3232
2102
-1829
2039
-2180
-7914
-7525
3282
3353
-2406
3386
4219
4486
2203
9379
-8570
3575
4911
-2566
3517
7140
3533
-5382
5128
9698
6294
-2886
6274
1888
2749
7747
-8088
7874
6803
-3723
6373
9410
661
270
-258
2896
-6183
-5244
2141
-9912
-1257
-1250
-5481
4452
-387
4496
-3527
-8012
-6041
-9613
-6244
-3094
250
-6652
4551
-8036
-2701
639
-4889
-6863
2073
161
2800
2751
-1354
1505
9086
-8547
-9316
1477
1744
865
-9336
8761
-9247
-7563
-2261
5617
-9899
9482
-7041
-1422
9758
-5749
-6813
-527
-7320
4304
-5771
7168
-9685
2723
7088
-8859
7669
1592
-2044
-6309
5783
285
3015
-3044
-3610
-8204
-7
-889
8651
8535
186
1411
1100
-6435
-4293
-518
-7583
8417
-6454
5809
-7615
-7214
9061
2635
2512
4468
-6113
2880
6854
-8463
4186
4177
-215
2467
-553
-3573
1333
-2921
1718
-9231
-2337
-1854
5778
1584
-8550
1540
1141
2451
-2384
1728
-6352
-7372
4906
-3445
4036
-3994
-5050
5099
-8647
5882
-2290
-3100
-8667
40
5190
6603
2425
5572
5591
4835
-4620
-3510
-7454
7659
1176
-497
-5328
6142
9352
5106
-820
-6238
1046
-5170
-3481
-9088
8495
-8369
7807
-7573
-2924
-3882
-9164
1673
4186
-9705
3367
4044
-7536
7043
1293
9714
9583
5830
4337
9346
2306
8361
5228
-3606
-916
-239
-5580
-2229
-5474
7676
8713
3104
-4552
-7393
-6983
-1384
-6798
-3231
-9014
4037
-2140
-6322
-6996
8718
9547
-6795
-1469
2402
94
-5463
-6122
-1126
-6941
9168
-4847
-8849
-9858
-4316
8278
5041
-4340
-1530
-9190
8089
-3679
-8187
-8525
1257
5111
3395
-9488
-7743
-7616
2880
-8412
9781
-5469
-9667
612
2980
1046
1636
8417
9605
-1484
-7966
-2779
-4075
6320
-8636
8101
-5464
-9856
5912
7385
-6684
-8308
7967
-7949
-5168
2826
321
3456
5972
3591
3523
6364
-9558
-8907
7299
-1916
8369
-5940
-1237
2963
6024
3081
3696
8287
-9278
-354
5870
4310
9752
9441
-9592
1665
-3320
1384
5306
38
-623
-502
561
-2139
6340
-2424
-9782
4403
-266
7954
-1376
4309
-5977
-6580
9925
-2641
-8453
8086
-8881
2951
-8791
99
-2693
-6800
-611
3242
575
-2409
-1186
748
621
7393
-9270
3716
4193
-9082
4845
1540
574
-108
3924
4949
-8752
-8397
-58
5745
3169
-3256
3997
-3265
-937
-8552
4131
8123
4390
1951
-7266
-3667
6920
1724
-1849
-1471
2633
-1823
-9916
-5068
7587
6099
-8780
-7570
-4044
-1906
2076
6359
3914
7207
8842
-5882
-6607
2980
-6010
6985
2351
2198
-864
2200
-4899
2615
-1989
-4291
-4036
8198
3312
3524
-5454
-4752
8751
-6850
-300
9614
4107
-9313
1776
7020
5536
-6938
-5221
643
1988
-179
-6204
4062
-3074
-544
-3424
-2071
-1567
4995
2832
7261
2752
6422
4973
203
-3653
8470
-9482
-1298
9245
3850
-274
6390
4392
-2305
4807
6590
9739
8338
9260
-3918
-4148
-7848
-7077
-8951
-4897
3156
6366
141
5497
-2113
-5285
-691
7332
6250
3923
1709
-1365
-1987
5747
5295
-7572
7010
8318
-3209
-1231
3509
358
5897
8130
844
1776
-8993
-1451
-7656
9992
-6133
-7629
6532
-7287
-5808
7346
-6630
-8147
5322
-6268
2647
448
8102
8643
-7203
-9846
-1210
3091
-97
-8352
5309
7106
-8368
-5120
-2379
-7686
-8842
4442
-333
-643
3033
3329
-5281
3047
7915
4564
-4278
1638
-7380
-8333
-3483
4327
6236
2889
-4905
-7760
9459
6617
4722
-4025
3452
1982
-2863
-4047
2402
-934
9080
-9631
-8281
-2073
-3993
-5416
1343
-8763
6894
-7696
-4172
6064
1779
5698
-1298
-4565
7157
-5372
-6176
8404
-1380
8439
6223
-9973
-5771
2956
3568
9268
-4645
1938
-6917
-4193
-5238
5504
-3126
4777
8784
-4736
6299
-3688
-6746
4432
7616
-4009
6490
-4474
7147
-9665
5457
8083
9414
15
-6710
9108
-9069
3015
7327
-1106
262
-1928
2838
-270
2948
5850
8620
-1182
543
2773
567
-1224
5726
-6128
-1531
1309
-458
2509
-1238
-2511
4590
-2622
5989
-9419
-202
-6165
-7259
-134
-9474
-3154
7998
3855
8172
-4720
2196
1957
8977
3590
-8474
8388
6286
7375
8905
2324
-8942
-9090
-2785
9040
1034
-3192
-3734
-1728
-3113
553
-1372
-5734
9795
-7721
-6179
-5823
4748
-8221
-8743
-9097
-242
3641
1771
-9245
-6688
-6559
-5397
-4156
-49
-225
8076
-2536
1189
8283
8836
5454
-7013
-7451
-5581
4165
-2387
1892
4170
-7924
-6511
-9207
-6449
2618
6064
5907
-4938
-1418
-6296
3396
5165
3249
2612
9191
1812
-699
7058
-5775
8761
2322
-1065
-4314
-2383
3195
6584
-1582
-5474
-7582
6240
-8395
8482
-4713
-6638
-4828
-6695
2194
6225
4107
-2906
4132
8814
-4906
5075
4094
5405
-7647
-6865
-3101
-9941
-9976
7642
-1305
6992
-4812
-2992
1181
8345
-7391
-3093
1081
-4914
533
-814
-4696
-5926
-9129
-8364
5363
5409
-522
7966
3182
5781
4633
-2718
-8126
-6858
-9864
526
-4925
-5297
-2687
5159
9683
3806
3523
2053
163
332
-333
-7945
-733
5143
-8434
6300
-5276
9408
4439
-3023
5081
1064
916
-4052
-4793
8941
784
314
-5888
8026
-2404
-8567
-9084
5233
4379
-1998
7437
955
-5275
-3159
1573
-1094
1970
5630
-8214
-6168
3652
-1086
8149
-8113
-9832
3087
3238
7416
2711
7387
2168
5885
-244
-7281
-6387
-891
-9814
8745
-2870
-3935
-8251
-2621
-2360
-2939
-2746
5675
-7402
-6723
7441
-7795
8838
9886
1410
-2128
-5752
-1060
946
1022
6230
-792
8722
5612
1833
3755
6062
2671
-1315
-5473
-2534
4518
-3093
-7811
-8864
-8396
-8956
-7674
6069
5491
-4698
4210
-3037
1841
571
3807
3775
5901
-6825
1816
3768
4510
4047
4763
-5845
2311
3569
3375
-8196
3080
-4065
-7030
-697
7898
-7308
521
-1409
-9606
5256
-8606
-7393
1213
9913
4096
9062
4258
-3417
1245
-5205
7000
6706
1708
8491
4144
-7329
2418
5923
-547
-3755
-7704
-3218
-5017
6209
-3552
-6450
-6868
1667
4315
1831
3436
-9046
-4278
2960
6253
7019
-3216
7902
-4696
-6743
8698
9306
4711
1338
7158
-460
-488
7168
-7267
-2579
-1123
-4998
-7316
-2997
8355
1900
-4009
-4655
-2866
7790
1168
1046
-3601
-6722
9803
4990
-8525
-2521
-5244
4789
-8097
8359
479
3752
519
7789
-1058
-7881
-7733
5251
-513
1916
8176
-8648
-6061
-9900
953
-7
-3706
-4867
1575
-5211
-3385
8654
3833
388
-9705
-3164
-2062
-3051
-4644
-297
651
-6345
5512
9111
545
-767
-3285
4061
-1639
8652
-9626
207
7547
-5438
2756
4816
-4645
-3977
8638
8414
-7653
3435
8765
-3094
4186
-1487
-2776
-4480
2158
-856
-4662
735
-5329
-7581
-2654
7770
-746
2632
-5096
4053
9758
-4574
-8479
-3804
-7815
-5237
-7104
-5841
-8433
-1536
5786
8243
-4685
-8285
6318
-4198
1340
-1882
3246
-4028
-1420
-7014
3498
4679
1849
553
-8841
4645
4081
-1285
5076
-4050
-5012
-1334
-3080
-4780
-5922
8843
1356
-1925
6353
-6504
946
-4442
6340
4557
8175
-3093
-8504
3852
-4947
3310
-9449
1514
3972
-2533
-7391
6743
7855
-1380
5225
-9515
-3057
-8713
-3491
2316
9562
2446
-7279
-8189
-8638
7573
915
6858
-289
4357
5164
980
-4364
-3925
8329
-8460
8714
-3069
-5527
5626
7740
4254
-7039
7893
-5426
-3492
9887
-2433
-7528
3325
-2649
-4132
-3888
2390
8362
-7057
-3854
-8728
4719
2361
8487
-7535
364
206
2232
-7222
-8497
2523
2730
3877
4230
-5025
-9454
5796
-7254
7026
7417
-1454
4977
6760
-8450
3529
-1176
-8757
-1242
-1668
9936
-5328
-92
5658
3309
-5074
-4581
-2212
-1952
5892
8572
9931
5673
-7928
5483
1902
7955
2251
6949
-3561
-4115
2404
3474
-7614
5156
8989
-2776
4605
2296
8945
-7859
599
8085
1155
-1077
6625
6964
8974
7404
9811
8383
5819
-643
-1803
-1517
-7653
475
4477
5504
-9869
-1043
-7774
1410
-2756
-8134
9405
3935
-188
6300
-3314
-5491
-8582
-3716
-6155
3103
-4122
-3541
5048
-2883
-1690
8569
4769
-2175
-2942
-1095
1807
4751
-3997
5781
4166
5282
4984
9585
1889
-5171
439
-9549
-904
-3396
-5613
-4546
-6073
6337
5445
5116
4910
-1882
5966
-6814
956
-5934
2122
3954
-3613
2892
8344
-1015
-1647
-3025
6486
-6867
6619
-1065
-1908
4614
-9720
9781
-9413
-8849
6100
5293
-8115
-2128
641
-7163
-6131
1483
4415
-6652
7614
-6048
-4166
-8206
6390
-2810
7819
-1843
-2989
-4816
6234
-1894
734
8234
-6829
-7145
8700
4303
-5493
-557
8091
-234
-3772
-2184
-9817
7217
3373
3010
5405
2705
-975
-6824
-8707
9407
3839
8849
-8510
-2056
-3598
-9036
9559
5339
7105
5990
-2818
5639
8799
5001
1331
-7091
7413
-1961
5221
130
-1729
-3531
3394
7194
1100
-7218
3518
4935
1263
7870
-9724
-8508
2679
4433
3834
-5981
-9106
8555
-6266
-7055
-2068
-681
-5101
-3120
4074
-3085
-7429
2479
-8873
-3620
9810
3656
-57
7
4676
-6871
1703
1935
1181
-8695
-4120
-2933
-4719
1581
-683
1970
6996
-4858
3099
-2025
3763
2456
-303
6500
-1406
9219
-6934
-6551
6620
7860
9067
-9486
-5551
558
7787
-6059
1444
-8709
-9925
-1095
-8539
-5085
7591
-8760
-7300
7833
-8359
-4285
-2744
477
7184
-4766
-7205
-1787
-7253
-7919
-5858
5284
-8971
6607
7488
430
-9697
8827
3548
3226
4132
6284
-3960
6473
8397
6720
-1680
-4832
-5973
819
319
-3613
-1397
-6080
-7154
5738
8899
3365
-675
669
4806
4261
-754
1749
4802
1037
-2903
-7149
4686
676
-7775
-5316
-4023
-4488
-1387
-5149
250
7260
8778
555
-1281
-8458
-5097
6923
5731
3770
-6219
17
9095
-7137
5824
-8133
-9534
4108
-8307
-2467
4590
3315
-3596
-7890
4049
2883
6371
68
-5511
-3876
2240
-2880
5423
3155
3702
-6043
-4400
-4514
2790
-2778
-1780
-5843
-839
-9948
1463
-6924
-5767
-5895
-5488
-7672
-3515
2183
-8936
-2120
-3148
927
-8193
-7794
-6542
8366
-9265
-8221
-378
-2795
3587
6777
-1858
-4700
7246
-811
-4076
-9919
321
-197
5489
-3293
-4637
8150
-3159
5191
-4373
-9214
3398
-3529
300
-2818
-289
9657
7066
9699
6142
-5435
-6404
-6802
8704
6251
-2952
8992
-6078
5890
-39
-9591
-6258
2652
-453
8113
-2797
6635
9716
-3065
-2401
1111
-658
-2095
-1924
-1009
-4186
6815
-9044
-4941
4853
1729
-6729
-4526
8119
884
-8508
3722
6277
-2222
6301
-5809
2346
-4032
-6886
-8793
5378
1620
-864
1773
-768
9483
-7870
9644
5201
1531
-8885
-7254
-4642
6761
-7087
175
-5710
-2992
-1082
6340
-3578
2225
-2207
4362
-2988
-3625
-7435
9704
-8366
1684
5155
6269
-3170
-1343
7149
-7443
-2972
-6653
-3982
-1975
-4961
5184
6397
8213
3372
-6448
3141
-581
-9110
-8069
-6704
2371
4648
-5139
2659
-4944
-701
1981
609
5913
-3703
-7283
8343
-9302
-7074
-1527
2802
-6093
-2372
2668
-5664
9715
9479
-3114
7652
-1712
7493
-6504
6253
-8982
2674
-9766
-4538
-1410
5746
2502
-8643
3789
2025
9553
-7852
9263
-6860
1683
3727
2415
-7647
9688
-1871
-6377
5597
-2845
-6256
856
-1560
6201
-2571
5128
-9166
-4493
-1745
9859
9715
-9189
5169
-7996
-1765
-1557
-4487
9650
5389
8510
3561
-3653
2804
-3627
-3352
-7772
-807
-750
-5385
3620
3515
309
1769
5407
9387
2858
759
-2375
-19
-5622
3969
-5495
6029
8850
-9772
3954
-9851
4806
-4217
8863
-5300
-8259
1078
-9358
-2596
-7660
1195
-8255
-3409
2696
-4330
6788
5974
8194
9199
-4738
-4546
-5157
-7410
4370
5607
1360
-7536
3796
6894
-9478
536
-8299
9936
8653
-4211
5716
5109
-5299
7299
-1054
-9197
-1804
2201
-2159
3239
-245
372
-6295
-4202
2297
1057
-7286
-2169
3241
1559
-8883
-1942
-3421
8882
-4356
-5087
-6267
-4021
6955
4248
402
2155
5597
9988
-4321
6412
2675
6190
8146
-2950
-9406
-586
-4334
6590
3888
564
3438
4938
2212
4111
-4340
-2719
5270
-3078
-2648
-8247
-5522
-8121
8383
7408
3953
8232
-7800
-1371
-9623
-9477
7956
6629
-4867
9712
1270
3132
786
5787
1837
1161
-1276
3340
7141
2438
507
-8129
9050
-2653
-2633
-382
-5516
1974
2048
3123
5945
-9266
-3831
6109
9904
7598
-4817
5112
-3291
8103
-8013
-5268
7413
6088
-1162
-3924
3962
1377
1292
-2408
4780
-5041
2404
7990
-1133
-5302
-4315
-7059
-7478
-1232
-1349
7237
8999
1265
6563
9339
509
-4901
-3616
3616
-536
8936
-6467
-5946
-1064
7242
5294
6858
6759
465
1524
-2894
-2970
-1665
5807
9260
-8894
610
145
4455
-3219
-5328
9954
6314
-6084
-5646
118
-3529
2407
4357
-5289
7091
-3703
9109
-5908
582
4512
5912
-5893
-278
-5140
-4952
-6605
-6895
-3328
1216
3174
-9645
7816
-4505
4773
8313
7011
7051
5327
-8416
-4114
-2854
-5322
-3030
3680
-6155
-9544
-1193
-9748
-419
-3582
5408
8276
-7513
7252
-3648
4365
-4333
7574
2476
9272
5085
-9063
3500
-6486
-1657
4844
5498
-5165
-3989
8314
8400
-7137
-6690
-5844
-8913
-4907
-3848
-496
-2409
4015
3838
-8656
3955
-9825
-4662
-5175
-9525
-1593
-5050
-2737
7886
-382
831
-5581
-3409
-7969
6764
664
8169
-7216
-4011
9346
639
-747
-7507
7148
1423
-4772
9766
-3754
-1760
-9124
4317
7370
-1980
3218
-9767
8390
2020
-6695
2468
3623
6807
-3689
-5762
9696
8584
5280
-8832
1469
1280
-3934
3058
3819
1554
-3304
-9875
-9233
-6227
1280
-6530
5262
6917
7473
-2221
-8478
3618
9886
-3391
7141
-2770
-6601
8323
4169
-6613
8334
-2765
2350
-5322
-1869
5351
-7836
4565
-2440
-7479
-7552
-5495
-4779
-8322
6124
-4344
3107
-4571
-3842
-7647
-1205
4584
8975
-7615
-3049
2937
7959
-6905
-691
-5239
4925
4365
7502
-8737
-9121
-1918
2455
-3168
8751
1913
7929
-371
816
9152
-4524
-7682
4944
9463
666
-2765
-9365
-6766
-5859
8007
7828
6216
-4011
7398
-1981
-1753
-9644
-342
-4436
3600
-5708
3818
3883
-9080
-2187
-8302
3496
-4760
1497
-9488
-5436
9688
9208
2062
2073
438
-6939
-6250
5392
-2195
-3786
-569
-4758
3039
9579
-6524
-7384
-5422
5071
6741
-1709
-1354
743
-789
7981
-4581
-5328
2986
5534
7904
-2852
-3985
5000
-7419
3104
-2592
-2888
-563
-6261
-1299
-7971
1849
-1840
-3058
5354
-4047
2577
2931
-6995
-8648
2662
804
-4950
-8287
1083
-5745
3079
-2710
-475
-9077
-3667
545
-1975
3399
4146
-9176
752
-1899
-6754
1167
5278
-8186
695
-1297
-534
3215
-3380
-1446
8676
3865
-6901
557
6989
5793
9801
-8664
5757
-4383
-3614
4148
-9653
-1233
-398
-7843
-7289
-1247
4963
5618
-4605
1557
-9461
-5556
4728
1499
-5268
9169
-7786
9604
6287
8520
-6314
3853
-9298
-7105
-1516
-5710
-8032
7974
2473
-9373
-5254
4759
-4153
-2936
8990
-683
-7873
5107
-4630
-382
-77
-3293
38
-1110
-2088
-5740
5125
-3058
-6999
2030
9670
-3185
-2902
8556
3484
-6225
770
427
-307
4463
6213
-6214
2896
-3298
-1758
-309
-3580
5936
2974
-2534
5222
-1493
-2166
9112
-4933
-2219
-681
-9029
-8847
3013
-3501
-3535
-7008
4844
9577
-463
-280
3946
9557
2370
8757
8828
9107
-6961
-3247
-6724
-1294
8526
4559
5129
4406
-9134
-5068
-8473
4417
2937
150
-7853
5017
4671
2876
8317
-6687
-114
-6988
-9549
412
9600
5683
-8067
953
-3551
-2559
-6421
428
4262
-1573
6652
6341
-1974
-9278
7702
-8633
780
-8527
-434
-6844
4091
-1216
3742
-9921
-8504
1378
7453
-9194
-6024
1563
-4487
-3283
7502
9653
1041
8208
-6135
-9549
1081
6000
-8784
-70
3416
-1044
-8150
-7187
-8031
-4554
-5926
-9596
-7251
5996
-5271
7321
3208
-3576
-2024
5959
-9385
1921
8214
1775
-2155
-7809
7992
-3483
1578
-7361
-9530
838
2025
-459
-799
1207
7527
6502
-3650
-5628
-9767
-2748
1627
4737
4487
-784
2021
7231
9799
8379
7440
4507
5648
3634
1301
-8930
63
5328
-3884
-5119
-4033
4461
-6204
-297
-7869
-6586
-2782
-6361
-1199
-3881
6681
5573
1916
-2416
1555
-132
-7134
3527
2434
-7191
7852
9610
9642
2461
2576
-5214
6288
-7917
-358
124
-6971
1616
2373
3905
4307
2425
-886
-2148
-2138
-2875
-7648
-1614
-5025
8835
-4651
-1546
1611
-2112
-7227
-1488
5707
-2452
8782
9849
1405
5974
8108
1297
-8208
7628
4964
-6705
4222
-3578
9624
-428
-8966
-9621
-7828
-1700
-6583
-3273
317
213
-166
-2486
-6555
3771
1683
-3773
3231
7403
-4978
-997
3944
4929
-1013
402
-4090
9537
9964
66
-2107
-9649
5528
8415
-4308
-5244
9744
138
2417
-6766
2296
5765
-5268
7894
-4232
-5563
-299
-4235
-6039
5100
3213
3609
-1950
4422
1308
-7363
-2581
7913
-4827
-2048
4668
4428
-8885
9192
8194
5302
2122
-8400
-493
1937
6172
2756
9332
-2312
8293
-3733
643
2435
-1129
-4724
743
-8780
-494
3276
-7734
-2996
3961
-4271
9034
-1174
-9166
-5908
-2693
7132
7391
-6517
-8730
140
-8624
-3737
-1306
-5067
-6080
-1881
-4158
-7633
-9555
808
9744
-1485
-1729
3365
-4975
2269
5239
-2617
101
-1969
2343
-4732
1471
2613
-3993
7273
-4485
480
7426
2721
749
9025
6198
5799
-3731
7751
509
-3000
-1507
-418
4221
5311
8332
-8674
5217
-3375
7700
4470
9208
-1290
6461
3308
9930
-5191
-5962
6006
-9107
818
-2949
2511
-8026
3539
3416
-2945
1240
9016
7015
5098
-4070
3008
8685
2504
-2388
9895
-122
7366
9704
3908
-6566
6661
3701
8909
2318
-5846
-531
4874
-7572
-8676
5337
-9436
2500
-8875
-8633
-8939
5397
6721
-6688
7209
7032
7633
355
-5873
4021
-1331
-3276
2916
-2485
752
-913
-6396
6036
5114
6310
6506
-9891
516
-8026
-1863
-8514
7547
-9796
-4933
1144
-9550
9369
8091
970
-2947
-29
-4864
2352
-8738
2358
-7669
1527
-2316
-3011
5654
-4791
5238
-4171
-7992
-4697
3725
-2600
2538
2555
5263
-1746
8440
154
3434
-812
-1623
5692
-2409
6619
-1253
4680
727
-7266
-135
2889
5668
-2216
-1168
-803
1248
5724
8093
5536
-2136
6809
-6473
838
8560
-7454
-9867
-4878
-2046
-7267
-83
-4870
-7
-6385
7924
1346
2481
4575
-3719
8532
1802
-2266
-9770
-9322
-73
3326
3574
-5073
4828
-4018
9016
2736
-5053
7279
1672
-632
-4714
-1955
-9561
6360
7299
1272
-6767
-1194
4702
-9069
6030
4292
-8178
-658
6299
1565
7735
-181
-905
534
-7521
-8085
-5308
-9573
3001
-9685
-7438
-5166
-2830
4925
-9520
-2692
-5319
1271
-6746
-4003
8326
-4860
8064
-6670
2165
-2466
-2070
-7597
5578
-8628
-5757
-3272
-330
-6477
2859
-1630
9183
4068
1357
-5566
1682
6891
-1548
-9114
-8300
1753
-4975
-7995
-5064
7358
1463
-5285
-8346
8132
8953
-9630
5433
-2644
-4861
-4068
9262
-7658
-4188
-6929
3402
5739
4399
-9217
-6334
3745
-4178
2579
-8637
7976
-2715
-9919
-765
5437
-8516
4668
-5333
3958
6845
-8878
-2139
-3266
6222
-9828
3262
8078
-5033
-4326
2835
9825
612
3006
8413
-4585
9125
-8225
-4256
-9083
7190
1122
-6328
4057
2734
-2005
-7584
5900
4777
-503
-1141
1064
-6246
6706
-414
-8164
-4925
-5408
-9425
9267
9150
6628
6849
-5511
-4713
-3164
840
6221
8698
6771
6132
8043
-5634
897
5377
1918
-9927
1581
3597
-5026
-4217
-9367
4953
8599
-2113
7407
-3076
3089
5041
-112
-6899
-3542
-931
-164
3742
821
-6458
-7112
-6401
-5014
-2527
1030
-9429
5261
3559
-4627
-2467
-5387
-182
9775
8171
2727
4721
-3218
7502
8213
-1036
7292
-5536
-4564
6671
3412
-7133
-5432
3486
6987
6923
7457
-5227
-8544
6061
-2585
-6414
-8508
-1713
1069
-6599
-7027
-3639
-4676
8201
5981
9844
830
-2787
5540
-866
2521
7399
-890
9689
9916
6396
-2505
6770
-9161
-1135
-5213
-6974
-7906
9089
7526
-3639
2693
3192
6909
-2683
-7054
1676
-6752
-3578
-3610
7244
-3480
364
5076
9268
-2588
7
8113
-2763
353
-5209
2031
6508
-8573
-316
9977
4200
-4463
3130
-3412
7940
176
-6325
4607
-7283
-9137
9356
8050
-1050
188
-1785
3272
2177
4204
1673
4786
-7569
-9237
-1796
5437
2084
1723
7674
-6185
-3765
-9327
7570
-4157
-696
-2972
-8303
4248
-9706
-9146
-2152
-7327
-25
663
-2812
7577
-4047
2005
3857
-895
-9418
-5345
2681
8496
-3324
-3624
8030
2200
7287
2625
5820
-8545
-7183
3699
4021
-3516
1172
-5702
9064
600
7644
-4543
6794
-1867
-3157
8521
-8025
5307
6442
-6395
6866
8917
-8252
4861
-4954
8524
-7433
-8112
-8395
-6476
-2970
-656
-5948
9959
3642
4710
-1453
-1112
-389
6695
7435
2577
4129
6443
-3872
-9310
-4605
-2147
8945
8152
1436
-3196
8698
3821
-1654
9418
9164
9253
-1027
-1705
-5326
-2399
2951
7070
-7918
6871
7484
-1956
1338
-3780
8382
-351
-2220
8485
4289
3888
-865
4228
3380
1808
8923
9268
-3366
9242
-5096
-314
-4507
-9467
-567
-5087
-1828
8550
-195
4709
1847
-7583
-8242
703
1171
-7307
181
371
-3729
2355
8320
-4133
-9857
9695
2181
5499
4770
2789
-2178
-7443
2090
-9690
9231
3413
527
-9679
-6207
3655
-9325
2012
5554
5715
5527
-5173
-3609
-5748
2977
-8547
-472
-3769
7795
-942
3588
-7970
-7307
1380
-9398
-4033
2827
-8419
4464
2577
-178
-8570
-448
-6587
-9464
6683
-789
1571
-1222
2459
2304
-4534
-4110
4917
-8710
-3542
-8332
-3521
628
2632
3376
8762
-3830
961
414
-4427
-6488
-4150
-2656
-8581
-7231
-9108
2841
-6464
7854
1399
7736
-2329
6155
-1265
806
2728
8742
-3592
1396
-6047
-7316
5424
-5823
-8348
-5397
-5311
9379
8218
6293
8356
9220
9716
-5909
-5850
6534
-7511
-33
5775
3123
7295
5917
-4352
-9565
-1212
9513
-610
9800
2989
9213
7844
-6868
2857
1039
-7907
7558
-6132
-7787
3628
5050
9394
-1336
5509
-5037
1941
-6489
-4763
7002
1356
-6057
-8806
-8683
4964
-1173
3468
1066
5745
-8690
-1593
-6697
-2019
-3750
-9890
-3315
3266
174
8505
-5135
-1770
2116
8596
9929
39
6578
-1575
-7853
3510
2153
-3756
-3929
8303
-8221
7588
-3964
3285
9355
-3632
-4465
31
9171
-8555
9908
149
-865
2716
7317
-1286
-6345
-8827
4687
-4218
1603
-8645
9402
-2849
-1207
-2243
4867
-6645
-9252
9877
5262
-2937
-3309
-6719
-303
-2189
-6930
635
-5757
2305
-4952
283
8404
-8683
-4095
-1074
-7076
1523
8225
9256
6391
-203
8331
-8121
1111
9860
1453
-3945
-3481
-8316
-9592
9718
-6049
2272
6904
5074
-2691
7295
-4490
-5796
-4642
6338
6317
-7303
-8815
9605
7432
-3370
-4235
6375
-2618
-1618
-4367
8582
1452
-2238
9769
-1217
9358
-5697
9524
8087
9451
-3323
-5657
8697
1656
7811
-1873
121
3308
4777
75
-2602
-3809
8439
9775
7368
3802
7526
4604
-1738
-7521
801
7897
-1272
-9616
-1096
8096
6113
-1091
-2022
1022
-8084
-2143
1488
8075
8201
1919
-5291
-4391
8408
508
-3155
-6004
-4207
-3868
5688
-2414
8251
-3278
2804
4069
7622
5118
-6001
-9055
-1118
6649
-6035
-2949
-2507
8470
-4958
3011
2736
-3829
-2858
3113
-8250
4322
-8619
-1012
-685
9711
-3355
3447
9915
1418
-2006
695
-3167
-6650
-5230
-7713
-4469
-2182
-1521
4449
215
2257
-2099
-8269
3729
1080
-5344
-8206
-9039
-3478
5739
6307
457
-7750
-156
-2925
9357
-6955
3668
-4229
-6675
5380
-2563
-7513
3956
-3755
-1726
-5707
193
-8669
2494
1250
8580
1955
8379
-8218
-5599
-6003
-4128
2892
-9533
8617
9881
5560
-394
-8955
694
9648
2564
8729
9430
501
7597
-2124
1995
1595
-2399
-2001
-2447
8835
-5823
-5568
9672
2626
-7137
3645
8246
6153
-2109
-4090
-3904
1331
7499
-7763
6012
6027
7880
-1048
-2354
523
-8006
1709
-4891
-753
-6640
-9750
628
-3295
-3337
-3190
4549
3950
4184
1944
-376
5916
-3807
-47
4909
-6895
9039
-7154
6092
-6285
3935
6431
3119
2023
950
-2426
9495
-5918
-7432
-9105
6155
4072
6155
-3523
-6830
2188
-4933
-405
2514
7917
8914
723
-5717
7205
-6708
-4061
3951
-5191
7536
-6968
-1317
7873
-2340
-1327
7032
2530
8238
-2265
-4758
9325
108
3575
1817
-6807
-8208
-7273
3533
8722
7838
4134
7108
3625
-1679
-4788
1134
-6575
-5251
4145
-5401
7257
1759
-6376
4802
-2379
-7979
2673
-7640
-577
-544
-9519
5746
-4893
-5533
-7189
-2696
-677
-5723
1651
-3379
3969
7777
-4151
4277
-6255
-221
-8100
9075
4916
-5662
979
1268
-3225
3264
-7148
4283
9176
-4366
-9479
-2252
-1618
3642
8952
958
852
-3420
-2767
-3969
-548
-1026
4938
-1312
-148
4882
-2281
5040
6359
7970
-9619
9147
9619
4482
-7703
-7434
-5261
-6738
6103
3111
-3927
-9947
-8032
7032
6442
-7991
-9695
-235
5733
-8040
-9254
3787
261
1751
-1594
4853
-2822
3862
-6942
-5102
-5664
7138
1571
7859
4236
4313
4142
7945
-66
3199
-2594
1453
3802
-9664
-8310
-584
-3295
-6363
3011
-5622
285
3796
-8070
813
-6036
-2492
-1017
1835
8817
3343
5766
-4735
-1001
-2330
-845
8626
5384
9912
-5798
-1998
816
-9330
-2642
-6437
1519
8066
-5780
9257
-134
-2373
-5624
958
1634
-6811
3902
-8702
6376
-3237
1370
6949
-2369
-6391
-1944
-8708
-511
-7625
-8512
-2802
-1579
-7760
-5224
8650
-5633
-6272
-8882
776
-8992
-5864
2021
-8645
4695
5101
4809
4771
-7717
-9183
-8177
2680
-3712
-9236
-7947
-2873
-6727
6839
1254
-2488
7283
-7249
-711
4538
3090
-8139
-9730
6709
-4037
2679
-1426
7266
6009
-999
-2946
6690
860
-9578
-8261
-9341
-6276
-6095
6547
7042
2264
-376
1365
9994
-8537
-7417
4829
-4852
-5343
-6557
-6717
3815
-3603
-330
4397
-587
2063
-2414
-8324
6130
-160
-8248
8681
-1232
4512
7544
-1780
-2228
-4712
3014
-782
-1436
4158
5745
-1801
1843
9776
5538
-8536
2273
-9944
-6782
9720
-8700
5807
6145
783
5687
-2502
1115
-1504
-6482
1528
-8924
-7576
-1404
3426
-7931
2416
-3094
7460
3142
-5996
-1586
-6565
9619
-3284
-9980
-7866
-6223
2209
-3691
5634
7643
-7808
5681
-4002
5246
-7580
-1802
-3767
7364
-4731
7746
-9884
120
-5530
4970
1145
-8667
8641
7005
-8073
9503
9892
-5193
-3340
-5103
3069
-3534
5543
-3369
1602
-8056
-8160
-5687
-200
-1253
5414
-8362
-6641
-8403
-6409
4990
-5479
9163
6882
-214
-7183
6776
-9615
-2315
-1423
-636
-1683
-2139
-1666
3387
2926
-4963
-7273
-3477
6282
-4971
3177
2750
-3945
5326
-2154
2088
-3393
4652
1673
-4169
5000
6008
-7179
8457
2059
5238
4792
-5617
-7389
-6133
-6087
8633
4275
-6536
-1067
-7986
-1730
2638
8927
9490
6300
-6560
4716
6983
-5545
-3733
8366
-577
-5415
-3115
5259
-5288
3002
-8190
-7470
1587
4667
5157
-6010
-1263
7128
-5670
-6745
-5432
-4484
3688
-540
-166
-1108
88
616
-7806
-825
-3645
-4246
1317
-8155
1763
-3244
-4623
9139
-1575
8540
7839
2524
4822
-4296
-136
-4154
-4976
-344
-1
-469
-8119
1953
-9075
-819
1324
9094
-9316
3873
6149
681
9510
-4099
2748
-1400
-414
1848
-7709
8746
-9990
-1302
4820
5700
4092
-1629
-9020
2128
-8682
-9460
-8799
-169
-9734
-8625
3279
-4718
-7612
7078
-6337
8973
-4953
8590
-4914
-5450
1231
-9518
6528
-781
-6778
-3518
-6198
-7673
-6570
-8074
-3354
-78
-9920
-2222
-2381
6672
1227
-8834
-4923
8320
-113
-6148
-3873
-2391
-9765
-2822
5079
-40
-632
-8440
9725
-1733
-4693
3571
4564
4228
-2606
-6990
-2547
-225
9238
-4936
-2439
-5088
8081
-2222
3966
-9485
-1122
-5914
-5554
-3556
