1761
8834
8855
8117
1904
4393
603
9614
2939
1121
1120
1255
2425
3390
1799
3529
1
7565
8021
6642
5080
9099
5099
9476
4337
7713
5532
2283
4789
3858
3056
6717
9861
1383
2072
2061
2987
2755
6754
8544
8172
5339
7253
6590
9621
9177
5936
3876
991
8676
6589
4580
8175
2391
744
4311
507
2974
849
9391
5302
2131
7820
1386
2210
91
1157
1466
8380
1482
8142
5128
2519
7773
644
5471
9963
9507
7977
9477
6744
2741
8735
1456
8344
9004
326
9896
3723
7173
5489
5389
9985
2923
8541
8590
4155
3674
8614
1556
2932
9866
6673
6101
6402
7707
2591
3465
9077
2507
4834
354
3605
1051
9180
7509
1271
1226
1077
7316
7891
2199
2109
6309
3858
9802
4958
6757
4855
9936
8415
3521
8594
2305
9069
4545
1868
7288
1590
7454
5885
5762
1230
8062
9620
9186
1692
7815
4500
3740
788
3391
7860
9173
8574
4802
4523
2700
1805
5180
1579
7052
4389
1872
9518
3370
4786
1339
7317
2056
2415
2707
7583
5391
1527
5758
5016
1081
2411
8837
9955
7290
2451
5399
620
9622
5320
9905
5627
7901
463
8708
8134
2304
4045
3716
848
106
9685
171
9059
9416
4506
4544
1277
6203
6666
8704
6087
4985
4722
7670
2906
6936
6447
9154
388
1568
8551
2545
4925
6942
9062
4802
3320
8751
9254
4056
2793
5552
2571
4507
6282
8391
3188
5150
3521
2154
4865
660
9201
1659
2128
4374
7706
4304
7874
5957
1543
1030
7151
1177
6079
7809
2235
1720
5157
8745
6171
4064
2650
9330
9085
5280
3883
3759
5147
4973
5392
3551
3703
8289
5687
3991
9471
5157
2946
6458
6992
8639
2976
4396
4679
3103
6149
6412
1884
2457
7512
5641
6974
5571
6432
3635
3114
3415
9721
1750
7556
8809
8273
7002
453
9873
1825
2595
6175
5555
3932
3613
1664
28
1571
1773
6065
6923
5591
6921
7783
8502
7975
8715
7369
7770
3087
3983
1999
1479
1276
3065
4084
4514
6821
7982
1831
5445
5131
4692
5552
3999
820
4528
5898
132
6590
4248
9975
5379
9614
6602
4145
6656
5875
8312
9461
3579
6401
5286
8293
7243
8634
2940
4288
4622
7707
4853
3309
7043
3214
541
1294
1480
5150
2158
3020
7309
4817
213
1627
3656
3463
8152
2059
9914
1186
4674
9250
4025
8008
9584
7737
4868
1054
8471
2465
1110
7233
7580
9376
9609
5058
2997
3174
4654
8693
2030
4227
5066
6355
2618
8401
2873
1681
3801
8568
8521
401
7039
2724
2787
7627
9288
7614
2083
4236
2667
3057
6517
9194
9637
2803
1094
1042
9519
9145
8691
7200
735
8903
9256
1699
2922
6595
7228
5171
9832
197
8228
4009
9606
3413
4566
5297
729
7520
5916
4886
3370
7713
5182
893
9794
9400
3725
2790
6706
8082
85
1230
6782
241
7595
2648
711
7974
446
28
2598
3425
9942
2485
5723
6244
2338
1086
5073
6396
1882
7420
7719
5696
496
401
4002
1360
3852
2551
3903
5390
4751
7302
3187
3965
3846
334
6021
7035
4626
4001
5828
6111
3638
8748
9513
6284
4403
5057
9386
7071
8293
4411
2807
1435
1916
8134
3694
204
2706
2992
8457
9750
2667
9194
2017
9643
9527
1441
3753
7837
7091
6452
6282
3131
5108
3761
1352
6773
6831
6188
9927
3798
823
9031
2791
6473
9507
546
9736
9488
1019
6645
1735
2017
3883
1099
5007
1490
2750
904
5021
562
2813
5848
8884
2397
3548
5803
2598
1927
2900
3596
526
6672
4425
9881
4997
6526
748
6729
6678
1167
2888
4836
6578
4319
8524
9290
2573
6163
618
7629
6652
8430
1308
5224
8794
1609
2672
2745
5132
5772
6896
5733
2001
2060
8809
9658
5987
8215
3870
170
7698
9171
633
7110
2885
4699
2617
5247
2559
1152
5826
9711
6931
1624
6570
3951
1606
287
4618
1877
2127
2452
8519
2188
1594
9648
6149
77
212
6835
7308
744
608
5145
8947
7184
3501
9136
7741
2407
2973
3056
1000
8619
9998
365
7139
3516
2233
8998
7604
1166
8483
6448
4605
7139
3217
196
8288
8515
4005
3499
8815
4613
8306
9643
4239
2593
3289
3593
2980
4116
1955
575
8194
6579
4856
177
7447
346
3153
954
5220
7877
3269
1846
5878
1599
9860
3664
8448
6523
766
227
7470
6052
7851
5765
1735
7573
4583
9233
4085
9771
3906
9066
9111
1036
7558
1644
4012
1547
7590
9825
7819
566
4726
4334
4612
9024
5545
6157
7174
7127
5255
8959
3692
3418
8764
3141
504
3133
8708
3318
9215
1600
9489
4843
7999
6426
7454
2392
71
1967
40
9304
4373
5950
5805
3695
6371
2502
6056
3339
2710
4510
1295
6659
8826
567
8663
4690
9838
4227
8681
3921
255
3035
6679
8363
8142
1731
4097
4609
9756
4759
7081
7518
86
396
3285
6004
2692
5259
1990
1671
3118
411
3462
5152
9278
351
2
5474
4078
4152
9079
1354
9132
3184
7926
2665
296
6202
9854
8317
4840
5195
2779
9949
3746
8622
786
3272
9495
2617
8618
3526
3717
8222
5441
8272
8928
1137
6253
4245
871
6580
2627
304
5558
3032
8366
5667
468
9876
7921
6645
2759
3180
8268
6705
6904
5423
1164
6375
9104
9478
3779
4264
8779
4561
5568
8537
5364
1839
3047
3348
6887
8647
9896
760
9519
8264
315
8057
7181
2843
2316
2667
1729
1558
3188
4179
7925
8182
6307
7972
8945
8423
2086
5582
7247
1523
6930
2689
825
705
3079
8913
3425
1578
7374
4837
2662
4991
9734
3805
2035
4158
9768
5981
4273
6259
7884
3058
6256
6137
7513
8537
2877
7289
7806
6110
6088
2103
2131
3834
1614
1778
7763
7888
4333
3306
7889
3314
7227
2724
5629
3689
8978
1163
661
8580
3957
523
2965
6518
7961
9122
8371
3121
3067
9
8994
4162
7061
8230
9835
9588
8819
281
7406
5122
1285
8670
50
8477
6137
2164
452
8058
9757
9860
6249
7905
3052
54
239
6184
5910
6854
4626
4011
7155
2917
9963
4315
9496
8567
5790
1828
3591
1744
6866
5836
5891
5363
783
4457
2188
845
3609
740
1286
302
8419
6964
9316
5782
9277
2065
9209
8718
5919
9103
2300
4760
320
2309
6204
1543
2968
9738
7509
9738
2215
8407
4617
9989
5894
7634
67
1759
5064
8686
1394
1925
8025
7265
5117
131
6190
3740
4985
3751
3795
7631
9433
9859
6253
4260
5736
3493
3420
6968
5521
3494
4463
5294
5107
1067
2906
7155
5339
3997
9492
351
4988
9465
1380
9864
767
8949
658
2465
8316
4925
6049
1114
6343
8271
4023
5681
3685
5476
4070
9184
2794
7568
4934
1433
6612
7492
3486
8425
800
302
8121
7009
9204
9373
2366
7375
1877
1524
9681
4329
8235
4843
635
9995
174
7529
2728
8246
2878
1556
7241
3140
8880
4455
8027
791
4831
1072
537
8719
9122
3104
1029
7177
2355
4877
65
6140
8601
8069
2662
2163
2868
3059
3753
9417
9258
3590
6959
9052
9002
7163
5367
1323
8359
7649
6683
5346
9205
4795
8579
2958
2029
8088
9631
35
6275
4834
2500
133
9673
2026
2040
1450
3038
4242
7259
4508
4614
8068
2167
6549
922
2162
1895
7106
851
2563
9025
78
1322
6798
3356
1119
6690
1677
7448
9672
8310
2209
8400
7957
4670
85
1082
704
1433
568
8680
3151
9515
2666
8802
6679
6232
2923
9944
8444
1905
5426
9249
1080
7740
3197
4096
2144
33
3969
4945
8814
3247
4873
2614
4794
9393
2875
7919
9017
356
2335
4259
7287
1753
6875
5284
5860
1526
7357
5222
7982
494
2689
4732
237
1557
4305
3545
4108
5197
6814
8489
2703
1494
9234
7340
1140
7932
4008
8594
9283
7943
2735
2318
4512
7558
2528
9771
6785
9669
853
3180
2239
5589
5431
4976
6305
2804
7021
9082
3737
1612
1384
665
445
3524
8609
164
2134
329
7544
7568
5150
5471
8779
8627
1247
5423
5007
5793
3354
6764
7047
1941
6684
9492
9296
4621
5882
3325
2605
3227
1715
6017
6991
3860
3706
4094
7186
9197
1040
8703
7422
8101
6910
427
1236
3601
9607
606
5743
3619
8073
9161
5274
8904
7793
9698
5358
9880
5091
4390
3904
2066
8551
9630
1677
1523
5613
7194
7457
2158
4702
512
2686
337
10
1653
4467
8430
5808
3179
12
3726
3818
878
1716
8499
137
1835
7938
8048
1218
2071
613
9255
4180
4225
9140
1021
5394
6190
7886
5120
4882
6312
7870
188
8614
1828
2529
9931
7662
6984
9854
4379
7130
5476
7792
1448
8260
9762
1876
7230
2695
2821
1560
8650
540
562
4288
4518
9340
2484
2543
1146
593
9737
9417
6079
8072
4841
2908
946
1647
5301
790
9251
471
6129
3465
4812
7825
2679
3720
3894
3179
9071
2085
4782
9050
2954
9479
1120
8316
1312
6928
2693
7148
4162
1941
1615
552
6289
2133
3968
6378
3307
6291
375
7777
3179
1420
9627
8969
5317
2013
2451
7519
5403
575
198
8251
8744
64
1761
5274
4253
6959
5952
2497
5044
3888
7471
7973
4654
8838
4529
1489
1214
2878
5851
7661
7141
564
237
8354
8717
7204
72
211
4248
4420
7284
7825
810
1791
6377
5590
9044
2856
8788
5459
4294
8729
3673
1787
417
5842
4231
9627
550
6690
512
8861
8705
4955
736
9007
1631
8376
7362
9599
1420
4318
6921
9193
7862
7850
5028
5050
4609
2653
402
7974
534
7708
5707
4437
9625
8359
2758
8059
4004
5211
2988
5348
4976
6088
3950
4236
3161
2729
4097
8029
6143
5434
9534
4089
9211
5043
8870
7495
1551
3989
4160
420
3262
7257
9793
1295
8224
3676
670
7852
2544
1442
326
396
7974
78
654
7667
3178
6417
9373
5463
2074
9591
8594
8829
1241
1705
2677
5295
7612
8721
283
2139
5372
4208
4235
6199
5935
8166
9255
6378
1259
8168
2621
5760
2763
7030
8703
8081
2876
5813
5101
6282
7180
2374
348
1772
3652
2546
2695
7929
7131
889
4221
6626
9933
6518
4024
854
3278
8836
7871
652
2211
4011
640
4056
45
4338
7574
5354
4146
1432
9602
110
9663
1439
442
5797
4663
5491
6931
6450
7997
7805
6297
2874
7928
9697
8117
8253
1857
7433
8824
809
7185
9297
1745
6857
6876
4258
161
8193
1857
2031
8983
4521
4252
6214
6516
7914
9795
6147
264
6434
383
7946
2018
9009
4468
2236
8179
5947
7544
3330
9237
6920
1399
144
363
728
7250
5419
1818
9202
7193
9571
3812
5555
8712
4535
5741
2410
8284
9528
43
9653
6803
7639
5531
4839
1702
2767
6310
1214
8212
4253
9176
2841
6048
4195
468
5766
6824
269
3456
9023
2234
2515
6204
954
3370
8041
4700
5790
8513
596
7768
1154
398
2181
3893
9585
131
2386
9017
974
4379
1728
9933
7873
7402
1449
2270
8858
1340
5058
4861
2853
2729
4387
9498
1801
4412
1964
2495
5265
3431
9610
4714
8688
5604
519
7511
7007
3233
8566
6645
41
3154
5550
3032
7336
9023
2592
4037
5403
601
1588
7129
9476
63
1469
9568
3709
4913
8420
5725
8361
4225
9808
528
2777
4045
1365
3947
9906
8235
6746
2885
345
3957
2241
4001
289
642
3594
5245
7673
6575
2358
1750
513
3596
9493
6313
8909
7043
2581
770
8478
827
5147
7775
1713
7664
8263
6127
8300
2963
5811
5444
2664
8578
214
687
848
5941
2369
8192
7731
3741
7315
4654
6822
4517
4005
3854
9418
4373
9319
5282
5062
4423
8953
3238
9944
4220
8318
553
2854
6719
5700
4296
7446
9007
9772
9401
308
1608
5026
7048
2602
4978
3033
7259
317
6742
8054
7972
6448
9003
6831
4784
5375
8553
1335
2516
8849
8384
6878
8925
6960
2273
9254
15
8653
4525
70
5961
6810
1121
4566
7160
7720
4820
5864
9674
7146
2683
2954
2413
5891
9861
5203
4234
5482
7595
475
3263
1448
6328
9852
1199
7698
4311
617
1807
9694
3185
3096
6196
8906
5527
2829
1460
4473
7562
5133
20
7712
8833
363
1391
9074
7113
9306
9945
509
3366
8717
727
8690
5796
4843
4516
8945
1526
1210
4799
8418
5526
8345
2550
8424
9045
339
4630
9250
8711
860
953
8876
9104
1166
7661
2787
8839
4585
7820
6170
8154
5510
2762
8645
5116
3916
642
987
6259
697
968
8177
9995
9842
4549
5191
2730
8072
417
9935
156
9617
5167
3128
2625
4280
4115
7966
3483
7921
3658
4996
5196
5083
3201
2716
1011
5162
767
2590
5182
1914
2388
610
3280
1455
4596
2490
2602
4721
6567
9694
3743
2302
9729
912
5919
8818
2151
4980
9659
1339
522
5374
8491
4174
447
948
1606
1753
8629
1596
2142
5284
4734
1248
2037
8268
298
763
9078
6901
7647
1510
5183
2242
3077
6240
1967
9870
1826
160
4061
1372
2503
5218
6885
701
3460
8227
1649
9158
5380
5425
3994
4785
9211
7461
7327
5483
4853
4213
7926
7021
2290
70
4620
5984
7395
7196
3196
4954
3544
7579
4153
1782
4360
1081
7668
9720
5155
4206
9548
2504
4369
2257
3041
2985
4913
9669
9461
9895
8829
2519
7185
6819
803
65
194
3291
5586
2028
736
5448
8507
8589
7744
7622
5758
967
8695
4341
3313
7275
8311
2606
9146
9086
2271
6964
1039
5028
6863
4431
4490
5114
4
5549
4360
7278
6001
7882
538
5273
7644
9565
5451
2536
2060
6415
7829
6201
4742
4365
7141
8541
6339
1349
1891
5821
50
3694
5329
2263
9741
2429
976
7400
490
1849
1435
2793
6134
2395
9456
2551
4881
4523
9891
5966
9857
5294
7003
325
8001
4834
6281
2636
9322
1354
801
5761
8398
2889
9122
6066
5008
4047
4139
4269
5901
6509
8532
1897
2775
8794
2877
9941
7040
3230
8605
4596
2797
2732
2626
8942
6087
8161
8198
7384
5376
5639
3681
6331
6331
7215
6629
2499
3204
151
2530
1395
7906
5823
5616
9576
818
2107
3720
9687
9807
7399
4722
9529
7277
4878
8914
4868
7357
6384
3189
8721
5739
9995
1311
5589
2619
9004
1887
6533
9242
4698
4296
6277
3789
9222
410
3980
5239
8906
9964
3206
3210
5144
6280
1396
2998
9988
6142
9267
9282
5089
6580
5867
384
8850
7439
867
1992
1376
7569
3131
7286
5802
6273
9078
5326
5559
3614
7797
4174
9546
8328
6008
6363
1642
1308
9450
9240
4729
4192
9552
6212
8403
4672
2682
9057
5169
4503
7567
8598
2088
6375
7571
2838
4581
9072
352
5334
4780
2433
2331
8936
6181
2876
5279
6599
3499
9260
2557
5123
9090
2342
228
7075
6742
7700
4713
6972
2337
6641
1980
2394
1819
1349
6832
8539
8592
7317
3362
5091
5290
3278
6443
3167
5957
9578
8803
8236
1750
1451
9715
6527
7888
649
9724
233
9641
9346
5815
6604
4148
7378
6029
7889
6865
413
8111
6220
399
3865
500
51
6003
9425
4122
4980
1451
5861
8820
6979
9388
2197
3050
4097
9271
9564
9603
9086
1131
6083
3703
240
6399
8243
6536
2972
7955
2190
6288
878
75
3690
390
7678
5990
4560
7103
7221
766
7431
6887
3692
803
7939
3213
2754
850
7646
1311
2245
8385
2603
2424
1793
7327
5533
9775
2859
2075
3851
6351
9182
5706
1286
6197
1409
3668
2106
2979
4309
9226
9119
6109
5114
4136
8346
5991
5879
844
3611
152
8582
4344
3621
2444
4401
241
80
7498
134
7324
5536
7355
4341
9878
5041
9095
1436
6238
9594
5731
7417
6999
5398
9624
1340
4479
4196
7931
2113
5063
1300
1939
9934
652
1292
9060
3598
9679
5326
7983
9667
1478
8374
375
1268
1207
3581
5834
9641
7129
6471
3420
3694
7638
4218
9483
7209
184
3856
6576
8496
7628
9341
6583
8527
7439
6960
759
5814
6686
3597
8906
7816
8868
3094
7691
902
5783
3802
3671
4117
2202
6820
2148
2017
4087
1779
2213
431
6823
978
9387
7149
5531
8327
8297
4172
2254
3603
607
2552
8976
3273
8900
1127
74
4679
8926
6100
916
3110
6061
4421
6710
3327
3418
7408
2844
8136
5684
5007
7791
874
9291
8803
9540
6690
5467
6851
9714
9630
7423
2289
9837
6190
5540
5685
1298
3463
7176
8164
7698
2719
7756
6572
496
589
3341
3665
2601
1892
959
8397
189
5806
8455
8537
4387
8723
8647
9328
9946
2900
5100
9101
3482
1325
3742
9896
1423
2133
9439
6822
905
802
934
3571
9707
9796
2062
5210
8040
8029
4105
9705
9674
6970
4481
4343
8776
2601
9903
8659
9941
7466
5184
1444
9060
821
755
2262
1754
1408
8298
575
749
6381
3700
2431
363
1157
854
9565
5086
297
3170
2985
9764
2490
2333
6251
8231
8065
1554
7932
7571
9469
7103
6818
900
2740
6793
2330
2802
3195
5103
5515
3844
4017
5096
8974
1796
237
338
1707
3834
7398
3093
9074
288
6296
6607
6029
5420
5161
8431
9744
3877
3590
2745
8019
2072
5144
3173
4563
5666
6877
3721
4149
7962
9821
1209
4962
1086
5507
7990
5053
6414
1957
3665
4311
8648
8424
8736
2103
2739
1835
4224
1428
1730
7995
3243
9714
3582
7866
5788
2981
5592
3943
5195
4220
8993
2746
2351
987
8704
3002
9253
5280
1336
3563
7919
9818
4261
5687
3192
278
183
4022
7783
840
1885
3019
1881
7366
8317
9025
556
5407
9880
9652
5789
9987
99
7847
4813
4248
1986
9690
5785
2034
9532
47
8664
1844
549
2735
7594
5606
6253
9079
4108
8986
6200
751
728
871
7091
2095
8398
1271
1617
4472
1767
7758
2941
6423
9079
1734
6502
4649
3498
2790
3743
3671
4701
9268
8899
4503
4671
5917
4515
8379
6790
2379
2356
5620
8434
8273
9189
7506
1395
898
7149
5724
9541
5891
2549
4098
9272
1304
1712
4725
7704
2496
4806
2703
2893
4988
3109
7082
2828
6591
6936
2
4177
2291
9572
5591
4740
4886
913
1642
1620
2252
1819
3172
936
9676
2445
4062
3018
8236
5418
7952
5466
9339
1315
9855
2830
1136
1371
9814
7842
9903
5033
3373
5723
9117
9016
6264
7646
4535
6418
652
8250
3519
2573
3896
9216
1785
5228
1469
5164
8005
1224
2557
9671
672
4795
6310
3537
3671
172
519
6532
5026
1901
403
5518
6606
3993
4104
7260
8507
7254
7820
4896
5728
1617
3946
6329
437
7559
4728
4149
4659
4006
6449
1814
9233
6479
4452
8886
4800
2652
8214
555
2196
5845
1656
607
2559
2072
2786
2676
4091
772
7837
3272
6328
3877
8865
9190
3836
8433
4490
8063
8493
6477
4219
120
1985
2895
2192
9060
8317
1778
7370
2889
72
4357
9726
6927
774
1638
1484
6360
1171
1271
3089
1847
9452
7246
2922
1337
2133
5043
6936
8307
3038
9086
4874
1885
1351
7459
5903
6395
7255
8228
9968
1890
3076
1537
2603
672
3656
625
9444
3974
784
178
530
4436
5348
5208
9600
9913
6336
5545
7181
6871
2883
4338
5752
9179
1351
7472
3031
1667
3016
426
3387
990
3958
2985
5456
5099
4089
2558
7065
8123
2296
80
1604
39
7910
9999
9713
7240
8427
8856
1058
6422
2434
3823
1988
8772
5035
398
370
3007
6640
5985
8284
6052
6811
9611
9421
7599
2249
1193
3422
5890
7886
9314
4026
3113
8094
2573
8428
3154
9533
2968
3511
2177
7047
6746
6644
9669
1848
9567
703
2074
7329
6273
9127
4500
9612
3861
8549
56
3629
3655
768
387
7433
9792
7201
9410
3197
2354
8477
4819
3451
210
6944
9247
6496
9740
8064
6090
6799
9295
8929
7896
1970
5486
3051
9185
6831
6508
1419
3532
3456
6215
5617
4615
1312
3672
8398
5374
4097
9887
329
2686
4683
5682
8067
7821
6206
2561
8525
8741
2800
1068
8760
7251
2733
6671
9789
1096
852
8322
488
3076
1085
635
926
3889
3650
4813
9477
8228
7827
4677
6119
6846
3652
9398
8821
6075
2801
5367
6931
1487
4407
1775
4661
6440
1620
5612
7144
3134
2355
7237
4942
5798
9995
9065
8615
3187
6430
8055
7972
3295
9625
5280
225
1114
2331
2804
7631
7275
3005
8976
665
8407
5869
3819
2195
2781
5185
5459
2191
5006
5852
1241
4031
7166
2979
6332
5375
3043
9266
8345
4604
2788
6170
9340
3024
9285
7109
8963
8311
8381
8429
3669
3913
6206
7931
9410
2201
2582
9685
174
3290
8032
8891
2948
255
909
7182
3431
8101
951
6452
2292
5002
8658
7555
3073
7101
4490
3897
3427
7965
8943
1979
4397
5229
2104
4952
1983
8018
1414
1364
5536
9106
1199
1918
2131
3993
3065
6993
7914
5688
2869
3273
8159
6101
5149
380
534
7775
1891
4614
380
3836
3994
1457
5771
6116
1796
8447
5450
5004
395
5668
7194
1390
6182
385
6327
1286
2058
9816
4569
8126
5445
1348
6792
4890
9769
857
7332
8002
1681
715
7723
2277
2339
5636
6421
7656
2520
6684
4999
5784
2799
8895
4020
2079
6198
8369
1516
6187
5116
784
5124
9478
3484
2742
3888
2343
2945
308
7512
9848
666
9096
5914
9781
2068
203
9032
2443
9161
1877
8717
892
1420
4364
2684
5121
8439
8818
8192
5124
3985
702
9214
6941
3900
5624
7847
1003
4028
5431
1070
7531
2501
5811
6232
8898
8299
1709
8315
5692
3159
7633
4538
9923
6593
6241
9427
8878
1537
4340
3774
3891
352
2497
85
3740
1011
8028
8222
917
7760
7334
4289
2397
7921
6067
6943
8702
5494
1339
6421
3555
5467
7292
4148
3256
3770
4539
2846
3239
8051
4152
5273
5908
1611
864
6662
1755
3428
9450
6962
8119
4105
711
579
5959
6622
1178
6995
6163
718
9746
9767
9217
9069
8824
5312
8001
8896
1147
1091
3767
650
8214
8012
2377
7835
8592
3267
242
1952
5638
6173
4648
2690
346
1692
7855
4354
357
5068
9707
5940
9506
8620
2575
6882
1212
8096
6727
4043
2755
4632
638
9680
7745
5867
8571
1590
9477
2081
5013
8805
2110
6405
3802
1108
3067
7169
2839
2529
1502
5281
2049
1407
2212
9243
2021
493
3345
1823
646
6033
3591
5770
3696
4554
6305
6973
1322
8064
2679
9211
1785
4509
7245
7367
6475
1823
6590
1187
3814
1999
3879
5415
8797
3431
7032
7343
2495
6375
3693
7549
5269
1999
6298
1956
5186
3604
1254
8809
2427
1821
4481
3757
3305
5006
8317
8422
3560
7911
4530
1898
7243
1970
7571
4229
9096
5126
2457
4855
3100
2178
1810
4854
9290
6795
2840
7022
851
6965
9816
7611
2390
6077
3760
1622
1384
7669
1093
6441
4349
1457
9520
3024
6928
7868
6600
7730
5430
9800
9242
8778
8544
5871
7138
9992
4951
6815
9886
6581
1254
9274
9179
7375
1277
5809
7708
414
5921
7731
1061
5125
1703
2316
7206
2706
6525
1159
3950
6790
1920
263
1413
3244
9525
9808
2135
9599
6416
5523
5423
924
6288
153
2791
1216
6781
2026
6482
7565
3541
9567
3324
3955
5193
4405
9869
4999
2494
9701
6
101
2777
6991
3756
4739
3692
9624
4908
496
9134
5776
2282
4647
82
2810
7533
5743
9087
9214
2083
4364
6057
9645
6320
879
575
1534
4815
6687
4583
90
2805
7798
668
8847
1570
2868
4747
1220
5638
6765
9989
7889
4770
8229
6407
2986
6908
5770
4897
6730
5259
4634
351
2525
5381
2056
1639
4102
7475
9999
9920
809
9916
1093
9229
8923
4522
7245
8813
5719
1376
3725
5937
6781
8655
1423
1124
292
2104
2241
4066
8314
4321
5253
7536
5659
1307
2366
9965
1676
3021
3171
782
9852
1988
1322
7875
9902
3229
5178
5549
5538
5076
5623
6725
1933
2087
932
4632
8029
1818
7806
4151
4136
2440
1809
9289
7617
7825
2185
7650
6192
2986
8671
1717
2025
2460
1811
2465
967
5605
887
228
7192
5541
9558
9720
5732
2406
7455
3473
4370
157
594
5972
6137
9704
6564
2692
7750
8074
7798
3086
6467
7087
9766
5728
397
8642
1264
3970
9953
9384
4487
5045
7191
143
1626
2522
3692
2177
4832
1857
5455
2565
267
1240
44
6202
6841
6939
7711
1995
6833
5073
5076
5561
8331
112
8789
8004
5562
342
188
7372
5575
8936
2727
3967
1120
9502
9288
1715
1151
6692
4270
445
5400
4238
1821
2801
7354
6130
7106
5899
3866
4021
40
409
6056
2266
6336
869
4594
303
4469
1164
4366
6341
3750
6487
7739
1470
4682
2883
4111
5222
7550
5990
6465
4025
9007
7961
1918
1722
9728
3105
8392
4686
917
3544
9649
6621
6094
6766
4927
357
4544
8504
2994
3332
9682
7062
1414
7006
7409
8982
7042
4984
7075
5104
9610
6145
302
2331
3067
8113
4224
6413
7414
3998
5889
5038
3135
5052
4471
3897
6738
2220
1543
7982
1649
6254
2765
6391
7491
385
1572
8606
1467
3833
9626
626
5219
9387
4050
8993
1654
5708
9146
125
442
4014
812
6221
9909
5812
2496
5926
6936
9269
5288
3800
7632
5782
5222
2258
2801
6454
55
6480
1438
7931
4857
4887
5686
9671
2000
1984
4166
8593
1984
344
2129
1753
3323
8895
2641
7017
944
2310
2917
5435
5966
9519
4308
1766
9527
7201
6641
4307
9894
7397
9791
3945
9644
6993
6042
5467
1216
8487
7406
5263
2181
8250
6313
8368
6526
1609
1660
4410
804
5245
8312
4377
4897
2846
7436
1970
5287
7187
9410
3702
3195
4034
9995
7688
7313
809
6077
6213
1482
7749
1287
6187
9986
6560
8793
2899
2425
9409
2767
56
4064
9739
6273
6793
6235
3668
9465
7595
339
8488
6082
528
7266
2689
7244
6680
2758
8490
378
1371
4782
7378
2119
4266
4598
4958
2079
4172
786
2375
7277
5737
2684
104
7912
8033
8335
6431
9273
6189
5510
3898
6166
3578
7924
8199
1255
6542
4553
1908
2145
6718
1677
4680
6226
2722
7910
9130
3020
403
7223
2420
7044
3611
192
9181
7822
5335
9785
7837
2997
5884
8067
5469
6219
1838
5318
9118
4866
6864
6405
9976
7945
7723
5418
5249
2416
1156
6046
4477
5299
860
7924
6221
9656
2764
3005
9182
1384
4982
3559
1422
3274
9456
6016
316
1248
8360
138
2760
5694
8431
1914
7471
4898
9560
8827
4102
2813
5465
1319
8942
1500
4325
5764
6854
4387
2535
2372
148
6226
8414
5246
9313
8803
251
8724
7454
269
4464
6504
2789
1542
9156
4890
5249
8694
8738
8038
6437
3133
9401
6306
4914
4485
9508
1722
6992
9658
1997
2500
4642
1566
8189
3535
7506
5665
669
9889
5638
7093
4590
3246
8881
9414
3729
7079
2820
5714
1601
9303
8687
2860
762
1969
2180
3016
7
4530
6546
5117
8888
5882
2894
3482
553
2836
3952
618
3759
8392
6366
486
510
671
5084
237
2345
2656
8972
3155
2431
7945
1917
1659
9549
1258
418
6145
4920
5896
8231
5239
1659
963
642
1730
3661
5207
9310
2852
6695
7868
2020
7360
4249
401
9119
9353
8323
4539
5670
2930
3672
177
3160
7267
9271
4640
8719
3982
1966
4504
4547
4863
3712
4741
5419
5010
964
5880
7744
3812
2289
6756
3059
4936
1634
5032
3953
4119
2445
4648
6199
9838
1150
5767
9163
4298
5554
8491
9134
6877
9966
7269
8972
2689
5706
3127
171
8929
88
3762
2836
7870
2445
9684
2370
9243
6260
8430
787
4691
2436
2095
3688
2111
3667
6749
6978
788
3084
967
609
9201
4851
1519
6620
9884
709
9122
5561
5625
6914
9813
7402
2022
200
5454
9457
9289
6291
601
6339
9697
3417
4647
3618
3558
9631
7031
273
1955
1238
1315
4771
258
321
2082
6154
995
3730
6943
1472
2505
5424
1473
3895
5258
2058
6748
8426
2340
3948
226
1519
5516
8364
3241
6380
8548
6655
9931
3547
5284
1274
3748
9838
92
6562
9579
7661
314
9800
957
6150
7494
5393
3051
1279
9568
7362
588
6887
1280
9326
522
6869
6977
7610
5391
856
5433
60
3300
1854
6607
3666
3809
1202
8111
7522
1906
7041
8528
2692
2899
5875
8947
3862
1135
4167
4042
569
4103
1380
3806
7536
8469
5623
6282
5899
1913
2506
2297
1970
5798
4871
2972
4393
664
5800
4914
7295
8780
6422
1850
6989
2567
5078
2603
776
7692
7244
1148
8968
7538
8542
8222
5652
3193
536
4004
5339
1166
2409
5177
1090
8391
1682
7507
3456
524
4129
5778
983
8891
9235
6620
4952
7827
3348
1666
4678
854
6343
7418
9643
7390
3236
9533
7924
3322
735
5272
3748
2700
3441
6175
969
2872
5386
3557
1868
6317
15
8601
8119
3070
5024
881
7136
5531
2570
607
7878
8830
9792
700
2289
6974
6584
3557
6963
8985
8182
760
8073
2555
1475
7743
5156
9358
7478
2005
1629
5874
8421
2722
4666
7089
6998
6236
1881
2817
285
5532
4268
4944
6188
5819
6334
5017
8587
6777
784
9130
3633
7391
4363
5212
4167
6871
1012
1667
2595
506
6377
8616
6386
7071
4452
976
1681
299
9733
3054
6593
4047
7107
7106
5352
6348
3372
2984
418
5279
8355
2708
8437
6520
1997
1076
778
293
3481
3889
5152
834
5164
7148
9846
3721
9810
8317
7011
2904
6521
3757
7321
9465
7061
9003
1543
3302
1350
1069
2734
9062
4467
7109
3880
9142
2601
8734
8300
3052
2279
9401
2009
3715
1138
6586
2648
5813
1134
4218
6803
3039
4931
8389
9583
3645
138
3946
4741
1761
3295
5492
2795
9454
7805
8561
7472
4313
942
6486
4621
4162
8813
2201
9984
6307
941
6932
7299
8924
9341
6698
4933
2692
7509
4120
3094
6220
9300
4650
7920
6276
3437
2077
9730
937
8552
4932
3419
8955
6500
6195
8458
6457
4522
3240
7229
5461
4668
9438
9312
7110
3916
5649
2034
2936
2377
7025
2443
4110
3664
4560
826
947
4861
1126
2626
8197
3187
8368
4903
7414
9097
3908
9956
9315
7577
8597
9412
4891
2993
1493
4956
2088
5833
9445
4370
1712
8667
1372
8892
5801
4181
9946
6926
1233
1341
5981
3093
9433
7028
436
5332
8453
7300
5035
7578
4388
9256
9583
4127
5231
2332
2455
1835
1933
4819
2283
1613
4000
8828
8891
3840
1951
5540
1500
1857
463
2575
2895
887
9647
9864
694
3232
4393
5157
147
434
5002
8425
9456
6841
884
2036
199
9182
3557
8550
4664
9131
5139
1027
3739
7565
8850
9953
7039
9985
9781
3236
1233
9302
2647
7441
9975
945
4891
3691
6831
8393
676
293
5999
3617
2932
5623
8191
6236
9983
8099
4462
4083
6072
4720
1878
167
2688
136
3858
9882
6790
4444
8459
770
7003
3695
7323
3297
8906
4081
8777
1367
7524
9593
5992
4849
7521
8577
5703
6618
3471
7446
7025
1578
7343
1394
9392
3717
1171
2551
7073
6823
6161
1194
3710
4735
985
5711
6489
8875
1185
9902
561
2807
3948
4436
7059
1961
4216
2734
5802
7961
9202
8283
5893
5718
5615
5044
9136
3153
4134
4336
6881
4397
934
3792
2208
3455
8634
5588
4619
2343
7591
1483
3114
7019
4640
7223
1017
2272
2511
1985
3698
7923
931
6119
1156
2608
5371
6340
150
1791
9336
101
2546
896
7931
8034
7967
7244
4009
7874
2534
4261
9068
2751
3583
3512
444
8315
1455
7760
5590
4653
9190
9570
2673
6815
3392
1764
365
3304
2757
3629
9743
6105
6633
9480
9396
6715
141
7060
7210
9361
7608
2305
7853
8357
4174
3749
5121
2731
9972
6683
1989
7699
1251
2330
7212
9344
7228
1863
2222
1051
5725
5732
7337
8934
8508
6299
7413
602
3001
8180
4147
3907
4503
9965
3174
7184
2760
4214
6729
8247
8918
8953
8878
7214
8354
2724
1129
7184
9258
9262
1220
7423
3803
4457
6778
2184
1437
3579
1379
6045
6489
6736
6555
7707
6912
6198
2642
9593
2285
1965
4569
4871
579
8755
4207
196
9138
4257
967
3104
1854
6442
9866
1263
2977
2908
4000
5027
8204
5145
547
6229
3876
4940
2960
3639
9005
6993
173
4104
2811
8148
8409
4303
7113
6435
3895
1464
9910
7025
2949
9701
4116
1037
9257
9187
2573
5167
6144
8836
5360
4195
4887
294
932
9422
7281
1522
7293
9050
6297
1256
2122
3642
3195
7929
9059
9412
1013
4727
5712
5953
7388
8852
4928
4793
7079
4280
5679
5904
50
9290
2599
2806
2225
736
3772
5473
7002
2272
3275
2155
5647
8203
3756
3053
253
6114
5783
5442
746
7213
6605
9038
304
9743
1388
7311
5818
9465
8715
3443
5491
8880
7931
8580
7540
1944
1198
9935
9199
4788
8559
9207
1339
7312
4806
8728
5105
4505
2080
5043
3473
9909
4407
3304
9525
105
1477
2066
5411
8244
981
8860
2361
9758
2409
108
7385
9461
4278
7156
6955
4289
9776
9959
6539
7391
8652
9152
5345
8433
4579
7659
3761
3887
1196
1811
7292
4359
6303
390
6937
7926
7413
1266
403
9657
3838
9056
3275
6121
5040
2588
7114
5048
4833
8802
2576
4963
5495
8263
7858
4294
7622
5797
8395
1987
7395
9338
9444
9106
2835
8148
9003
2402
7628
7071
2058
1102
5381
8270
2225
3110
9304
7163
3245
158
7733
9376
349
741
4846
97
4585
2615
5397
3794
5091
6298
657
8962
3606
7020
256
3840
2083
8993
5206
4992
6988
4000
7889
6271
1043
3991
1946
9
4300
3506
1784
6921
2535
190
458
7181
7265
4580
9386
2487
7928
140
3698
5283
5650
1818
8387
7943
2350
7448
2519
9528
5570
5357
4468
4885
8480
3690
5833
9708
6712
2377
2164
8368
8005
9986
7632
6755
8106
1571
5738
1541
4224
8089
5345
8137
8315
3797
9422
6280
4336
6590
9696
6243
6734
5330
9965
1334
3870
1492
59
8346
9186
6531
4540
2593
9356
9285
4308
5935
2939
7633
3646
2732
8659
7365
4619
8671
9682
5089
9215
1913
8146
2413
5261
2711
3331
6858
4961
4356
7968
3368
7384
6390
5527
2823
6339
5762
9804
5524
2732
3015
3985
7721
1055
7517
1490
4038
2833
4813
2255
7498
5458
2302
4780
392
2441
8134
3993
55
9346
3038
9670
8234
1131
1064
6342
9694
7471
4811
7155
5477
3296
2390
9269
2884
5315
6499
7153
9573
6903
4623
8091
2493
4146
4219
4800
4304
5275
8918
3547
1222
4205
1226
4949
4009
9253
8844
8795
5989
794
6369
3665
4850
3406
22
1377
9724
7145
3441
6808
1031
371
9205
7186
312
5595
9004
127
9452
3750
8853
6420
3742
6596
273
8882
2335
5711
2577
8763
8213
863
1794
1637
9255
1800
3394
1700
8708
4841
2999
8635
2724
796
5095
2347
4125
6368
1629
5909
3503
693
6166
5364
4291
413
1964
773
7324
108
3754
762
259
4524
7231
1113
5920
2535
8703
2484
739
5376
2009
1596
403
1940
7040
4400
4094
303
1581
4354
2017
8908
6108
3518
5484
8819
4882
1334
4631
7580
4903
8021
4684
3224
4306
7574
6629
7583
475
1652
6218
8701
8035
9337
5011
4924
6114
8702
1145
7393
9409
4745
386
1328
6253
5855
4925
1632
8502
6534
4473
4542
9437
4353
3190
4357
825
6392
2174
4146
3498
3959
1292
1913
5818
237
3717
1884
8205
8353
4595
9781
20
7034
3903
603
9187
8031
4346
8323
4964
3020
5910
349
1691
758
3557
5724
5829
1028
9911
1978
8277
339
4540
2767
7402
9378
5429
4849
3477
6982
7836
8811
170
3099
3115
9750
7122
3244
5268
5365
9768
6764
8225
4940
1880
1760
1752
1969
7424
2033
4842
2532
1270
4631
4143
7893
9861
2371
6804
6721
1657
1359
1999
9819
619
4379
3535
3212
1393
6142
2945
1079
5898
1066
4770
10000
3841
4309
7505
5214
1763
5392
2377
126
2734
8603
7162
8870
6615
8372
6226
6373
3080
9404
90
1930
149
7898
4176
7241
6300
8127
7998
8063
1072
4574
5307
5444
8183
6366
2837
5181
7131
4469
4573
5629
1801
3581
5607
9354
1334
3674
4509
6473
7253
3607
1694
837
1323
2894
7885
6021
2661
5051
743
1081
3857
8009
7590
8639
6895
3385
9068
8114
9255
5482
592
9940
6306
5605
6402
8624
6550
8839
7200
587
1083
7929
5334
1333
4667
4781
7090
1263
3387
260
7744
5832
9057
6620
7854
3279
3897
1802
8984
2116
8967
2996
1240
886
9889
1816
5569
5303
6716
6748
6281
4633
7701
3868
5767
1010
4461
9966
1656
6879
6899
419
861
2182
9779
4638
8420
7766
4624
6885
2818
1984
6533
3955
3100
4889
5433
1289
2505
8879
5126
6412
4802
2899
1630
5588
503
4497
439
9238
6618
7044
9183
7317
374
2679
5112
9870
6644
2163
9278
3497
1194
448
4545
9390
1359
8483
303
3220
2441
6248
6357
7584
1294
8310
5770
3094
6360
8431
7985
48
2209
1605
5938
5950
8923
7907
7145
5905
7635
6330
126
5992
3202
2991
8047
8164
418
2517
510
9143
9483
23
8536
8401
8931
6253
5643
5975
1845
5372
5487
1051
8027
3721
2530
8948
2674
2662
4851
4672
7137
2674
390
3688
3280
6472
2518
1978
100
1867
3185
1379
9141
2676
7141
3954
7545
1422
4525
5417
2191
8668
6974
64
5158
1648
5836
2738
8834
1377
9097
2930
5193
3571
754
9232
9853
9629
3847
7590
9931
1439
8285
7760
7065
7177
2492
9127
7855
5916
6058
433
8727
8961
1296
2222
2716
6334
4034
2244
669
317
2867
4500
9791
8591
7588
6283
7062
220
5466
3974
9560
7202
3870
7696
4475
7925
2969
7526
7100
3523
557
7224
630
7298
3900
4575
9328
5826
4998
7954
665
4225
2591
2950
5593
2474
1958
7039
3590
211
7042
4636
6844
9667
7541
7762
5706
8346
5890
9275
2378
853
7304
2263
838
4729
5854
367
2922
8481
7453
3039
8221
5731
6878
7825
2581
2494
6513
517
910
1689
3557
8904
1907
9958
7526
9315
5828
6699
1401
2488
883
6918
9078
1763
562
7906
3437
6607
4327
144
7702
9321
1140
6375
8857
6160
7216
3548
3251
5175
3503
4634
1403
4508
8242
1045
9345
6101
7283
3571
2233
4633
4632
7979
1768
747
1736
6285
5625
8258
8443
3284
9179
951
261
8057
4349
5438
5537
954
1021
5450
4688
4088
2230
440
4075
5866
7200
1686
4905
5053
9432
1654
4023
7023
4940
8279
9349
8145
1298
319
8912
1029
1376
3478
4923
1683
6411
3793
7979
2061
8088
878
8928
6033
5235
1975
8572
9839
8810
9413
3395
2153
6111
3067
6249
612
5710
4675
7080
4763
2538
629
9801
4039
827
4719
4421
2135
7117
6921
3759
6456
8452
1141
4097
6051
4034
4482
779
3770
3997
1990
2442
3172
3679
9606
5485
4122
1235
3808
260
4923
2729
8843
5313
3206
2155
9532
7888
687
6399
2499
8845
3225
7891
8839
8736
180
1334
6641
4566
1999
9452
5092
5913
5697
2102
4866
7239
4534
2084
7814
7836
1491
8054
824
3222
7008
3514
192
7454
9519
2127
8298
8781
5943
2565
1949
9578
8571
3090
2028
8653
4400
1897
2378
2320
8700
4523
4404
986
9890
7872
456
1912
6816
6406
8449
8181
1386
8792
9805
8061
2240
8688
3539
3258
7705
3450
2903
7318
9482
9619
1673
9653
9190
6548
7292
1328
4637
1283
4851
2773
7906
4985
1142
1620
3128
9265
4044
7846
5256
7037
6988
8049
6752
8417
4893
8029
3362
1210
5920
6959
6972
7740
9292
6791
8187
2863
7020
5170
4447
4025
228
8705
2721
6902
5897
2925
9465
459
5099
7355
8713
3291
372
6787
6546
8460
5693
8388
8454
7575
3897
3720
8478
3480
2536
4835
9081
1279
3165
8429
5380
4878
1091
6256
1276
3135
1587
5712
4791
1062
1777
8736
8460
5256
8759
5901
4030
8568
2904
6993
1499
9737
6232
8915
643
2880
2168
1155
7464
9213
2869
3114
2402
2219
7738
1731
7457
7929
2305
5573
5077
1395
9020
7546
7301
9108
5065
4407
4851
5954
7919
1357
5314
1944
3753
7293
4697
332
773
1142
5046
3002
5744
7228
7074
9077
6361
9270
9392
3144
4247
8763
6072
7331
1839
3499
2520
9976
3774
2285
9357
8990
577
9296
3332
4527
19
3718
902
5014
3388
926
1827
5213
6590
2003
855
828
7138
6032
3167
134
6667
3427
4119
4116
5923
3095
2418
5607
7563
9251
1487
2794
3097
4909
5993
544
8007
1230
7779
8218
6563
8423
7595
3818
2519
6464
302
4002
9281
8813
2886
2449
4198
3582
5596
8415
569
6070
5189
3016
8863
3115
4407
3805
8127
9473
408
5439
6719
6029
8488
9221
5513
8139
6942
3567
5323
5086
6395
313
2690
1994
8734
3965
5496
306
3946
8116
5166
7121
4689
8656
5262
9797
5329
1461
7939
7056
5202
3153
2973
1715
9020
1438
1566
860
3909
4945
5232
1539
6989
4742
3170
2861
8718
4157
8707
1177
407
2467
3152
4573
7773
3412
9431
4070
7348
3123
4441
7525
7281
907
42
8743
9336
3653
3079
8459
9532
6365
7588
1487
6965
2183
2973
397
2702
2037
6795
9415
9745
980
1416
3712
8776
4781
202
9466
2248
6438
6079
2133
674
6100
2062
9507
4482
8356
4816
4840
4307
803
4288
4657
6005
1487
8728
1483
9424
5336
9113
4791
8391
9391
479
1008
7377
2330
9670
4524
3051
3379
1422
567
9405
7706
3700
585
3683
1440
8455
9776
5886
4084
609
8646
6562
940
1593
4526
7247
7622
8355
4889
2291
8712
1776
9974
2626
8986
1855
4132
360
6496
6797
9422
8601
2094
9766
4208
1756
1576
439
5263
3749
6154
8609
5351
3279
5070
1418
7836
4664
3586
1103
864
4947
1572
2047
9766
888
7149
2347
7526
3707
3796
6988
8612
3339
5144
8448
7825
8218
8055
9898
4719
7512
7258
4990
1120
4766
6460
9965
5775
1613
7570
9100
5586
2563
7109
9537
9669
238
8038
6647
6065
90
808
3393
8753
5248
2545
8783
5669
8920
4274
5762
2796
4619
6377
4101
2759
2506
897
8268
6598
5465
6563
612
2638
9058
3994
3278
684
8039
2450
7669
6169
1157
5885
4849
2384
2410
6212
8656
9741
2761
1333
8776
9997
5944
7567
8965
2911
7521
6412
8985
7233
6854
8904
6162
6947
1447
4504
4963
9127
1110
8326
7454
4695
2262
2310
6838
1245
9656
7030
8370
1741
997
3513
8908
2124
5603
4878
5963
6826
5710
6062
3052
7089
2185
561
5685
5468
2363
5951
8248
6316
2574
321
5405
6298
2693
6162
2204
8106
8828
6048
4854
4775
2708
2755
6780
4541
9085
7017
6606
6805
2390
29
3635
774
7836
8182
959
6878
332
3534
2117
8028
6796
777
1773
5849
6433
8532
6459
5635
1010
3786
3686
7026
3618
3608
4864
651
1725
3898
4734
7699
4796
3930
1396
6634
4748
6658
4610
2271
1419
6418
3633
9829
754
8517
515
5073
8741
5321
2131
5541
8792
6292
2794
6391
3155
7396
6497
2439
6196
9125
8282
3069
4834
936
9684
4617
7091
554
3005
2248
8944
6188
6478
1151
7527
774
9005
4889
2960
303
5368
5648
281
5556
1945
3201
289
8795
2267
7363
7866
2403
3388
8782
4093
6556
7697
9038
9226
7263
4646
1417
1280
1213
4826
1200
3953
4116
5145
5717
2364
1798
7769
5604
2369
5649
8940
5024
2271
2614
2670
3201
7684
3426
3112
1595
1683
9795
1917
314
4636
6681
3883
2637
5291
3149
5834
9396
4524
3879
3250
7280
4898
9667
7946
9972
1629
1988
8950
1755
1777
6019
213
4424
6237
2576
62
5688
4624
4189
8347
5825
9168
4509
6184
5910
4320
2332
5651
4531
4131
8568
2535
7110
6604
4835
5679
1435
1776
9823
6950
7001
6998
180
3581
8057
1526
6695
6214
962
6693
6828
5119
966
6502
3650
4593
3643
4213
3847
9497
4412
3756
2064
4409
5953
8454
7763
1813
3657
1324
8905
5292
4299
2574
9775
9668
2668
4359
300
6056
7805
7454
5755
7092
233
3174
1279
6874
1437
5588
2964
5235
5277
1396
7534
1664
9780
7693
3005
3952
3694
906
9437
7456
4834
9284
5721
2850
3101
2018
8982
399
9577
4335
4575
4958
5211
188
8416
8489
8811
4342
5168
5352
9065
8523
2195
4978
9936
8804
953
7905
2874
4746
8609
4485
4343
5979
9197
7283
3974
2577
3499
1222
6549
202
3631
4226
8702
6958
3005
1425
5158
4363
3548
6452
821
1692
7
9915
1519
8941
702
6583
6090
2149
1466
7757
9648
4147
2808
2314
8180
3797
8682
8786
6672
8290
5041
7526
1864
3425
708
8082
8808
6206
150
4867
4437
7389
871
4628
7882
8419
5823
4230
4969
900
9859
3321
7922
4355
9111
3107
84
7529
1757
769
7327
3818
7188
2876
1285
4
1661
8742
6524
8633
1341
8791
1666
9533
8641
8952
7440
4883
6249
7892
6583
1581
9405
6953
965
369
5516
3966
3081
6787
9629
1219
1532
2393
7660
9436
1328
2781
6055
632
4719
103
2177
6605
6616
7279
6001
5053
4733
9159
150
9904
1271
5668
6443
9275
7569
1772
6012
4469
1381
5149
9617
5421
1605
1027
9366
6995
4935
970
3256
3121
6914
7758
2118
1332
8041
8946
5071
6807
1873
2956
2317
6309
8412
6792
1285
464
1862
5781
3606
765
1874
4268
2610
6838
3687
7611
1126
3799
111
6267
1614
4698
4838
262
6742
8057
1818
416
6062
4949
6192
3758
6410
5768
2621
3653
2102
9034
4255
5542
1374
4570
4665
1321
285
7489
6205
582
957
2277
5232
4331
9561
4689
1861
6548
2035
13
8322
3496
5638
1232
5246
8175
2871
3741
3745
2004
8846
7992
7028
4801
6875
3200
9624
3116
4255
4804
5862
9321
2222
7183
1137
7036
1200
5992
1999
2148
1006
7711
861
5282
7098
6339
8944
9054
6696
2672
106
595
1315
7947
2882
5929
8180
3528
2039
2474
4834
3837
9153
279
1753
7869
9888
1956
5921
8934
5950
2794
4378
7732
2225
2195
4278
158
8006
6405
6797
5662
9135
7888
1218
8335
5077
3091
909
9128
1492
9184
9298
9820
2765
9289
2919
9636
7112
7622
9524
2777
1675
8502
8845
5022
8789
8156
378
1076
2691
6156
3989
8008
8173
8679
338
4729
5921
7147
7009
3598
1688
2831
7951
9321
3738
9197
9599
5442
358
4943
303
3543
3142
8331
1465
791
5305
7231
9710
9986
1171
3377
9256
9699
6065
9293
544
9821
6158
3361
9768
4755
2615
8407
7381
7005
2098
6955
5469
241
8232
359
7834
585
7648
5207
3527
2558
4402
1544
2310
3850
2378
4596
2107
8348
1522
7429
7819
5175
7013
4702
4812
6773
3242
7955
3800
196
4422
1278
6995
1003
4960
9879
6013
9190
252
4448
7584
813
5924
855
6730
3779
5135
4085
6168
866
7840
2601
4785
3057
8508
1042
2345
1994
5175
3716
1220
9632
5476
1605
4329
6315
3427
6175
9538
6087
7989
7066
7760
9613
1127
886
4890
8971
9706
4372
3205
1853
5653
1133
5891
6132
767
968
7857
3780
1307
9874
7103
142
8276
4227
6729
2277
9893
2288
4612
1969
9741
7847
5121
6808
4766
1064
4275
7704
1174
5298
346
4591
6233
3974
2860
5555
5194
1141
473
4765
2155
5625
8713
7546
4221
7246
9971
1116
8298
5437
1918
8566
9458
6888
9871
2838
616
2879
3084
1202
3439
5752
3125
9272
3737
8662
3685
9903
4795
6141
3581
2923
7763
5025
25
723
222
7575
8318
479
2365
7358
9275
233
9006
3301
4841
7260
3283
4501
6112
267
3341
7410
5324
8203
676
3901
6538
6901
9286
3992
2057
8316
4761
968
1124
2217
8367
9962
1668
2528
265
9542
8492
312
8241
4596
775
8719
5594
5200
7423
129
3054
1313
9758
3075
2272
9294
7610
9961
2131
6790
6272
2794
267
7909
106
730
8007
1238
1143
5017
4691
2376
1967
480
7593
5210
8719
6936
1417
9818
2115
6755
9431
8597
3123
8386
2972
6215
8849
4542
3072
4243
8344
3708
6472
567
468
4747
5773
5418
5365
3091
6678
4485
8769
655
1220
1837
7175
7431
4894
4212
2372
9147
7856
9301
7130
5107
9629
4224
5447
1511
227
7681
3587
885
6780
983
475
7279
9897
2779
9703
9535
5067
5433
8560
3252
2671
7442
3989
3846
5012
6087
4098
4288
245
5799
4679
3537
7024
83
1563
3755
990
1358
5719
2663
4874
3463
3765
8738
4243
2689
8637
1443
7253
5377
8123
2153
4847
492
1333
5489
2394
5160
8716
7271
9275
8799
8873
386
3157
3298
6375
757
3787
146
6107
3059
8167
4509
1693
878
8199
5383
129
7459
2035
6723
336
7775
3087
7726
5097
3144
8942
4099
2217
9108
9157
9824
9502
8861
6148
9241
6315
8948
7896
3590
3483
4048
9388
829
3469
1860
5866
7929
6279
5348
1933
5482
261
5387
9538
6987
9622
1524
896
6181
713
8987
8904
5383
5581
4606
8385
8028
2170
5669
1999
1747
1738
2224
336
9982
9670
6451
4895
1638
6480
7812
233
1542
9540
9586
6388
4850
3945
8310
7411
2905
7503
2956
309
1076
2583
7841
7066
502
7343
5177
6130
6144
3550
4066
6599
3863
9563
9758
9286
4917
5993
8007
8423
250
6682
3378
4503
3393
360
2787
9796
9508
4542
8789
6026
515
2
9712
3796
7729
7109
6007
6009
7044
3803
7272
9354
5925
9083
9311
8277
4391
3532
7109
1694
8784
682
5851
825
7681
8112
7505
5094
9908
4835
4882
4462
7846
3391
955
1525
4091
3378
2409
3518
1923
2889
1905
4942
7508
4606
1763
8776
7100
1164
6592
4073
6008
23
3106
4295
386
4710
1365
1563
1595
6099
3223
65
5181
1430
5648
7224
3481
9840
6902
7257
937
4958
5551
3678
7824
2415
8134
4425
8631
2685
5503
7464
8135
4971
4975
1193
6573
1906
7189
2889
358
1140
4835
876
9473
8995
1758
7972
7138
2885
3907
850
761
7973
3838
9527
8572
316
7459
746
3834
4963
168
8206
821
9654
9131
9561
2135
8004
1685
1007
9686
3435
5756
5084
9026
5316
6107
8592
6140
5256
4598
663
3881
5823
5030
4391
7602
3162
419
9472
310
5799
8887
4536
2039
8897
4371
8935
5556
8988
4409
6932
8263
5134
6279
56
3152
8559
5369
8046
7264
2596
3272
6510
2405
3642
6170
4124
8354
3209
9092
5680
9942
3155
9880
6387
8783
3785
5075
2944
5806
3632
5681
8034
7008
4767
2420
408
2698
6125
9190
3880
3772
2423
5402
5293
5207
430
3931
5908
2938
2549
1023
6647
6537
4130
9859
8961
4212
4460
7846
4791
8494
1663
8007
1286
2980
901
1244
2549
2220
2232
6709
3158
5914
1298
2288
9899
4193
4088
8032
1970
2247
3495
1410
991
590
5324
643
6462
6296
6447
5448
8878
4367
1191
1422
3450
1266
1196
247
3180
6042
3971
9066
7266
525
5072
3124
810
8681
8
1431
1228
6
8480
5170
2053
935
74
6183
9915
9445
9671
7992
4146
891
4377
7048
603
2288
6561
5767
7919
2983
7972
4158
739
2414
9493
1631
9808
8254
7074
7085
3071
8756
8926
1040
5006
7572
8582
5833
4879
6591
5079
995
4395
8073
1147
8312
2936
9448
2245
4555
2187
4458
3802
3890
5056
3699
8916
2387
8040
5376
8688
9724
9208
481
3478
4038
1687
7258
2876
4917
4948
3982
4910
4493
3451
5459
5834
6057
4264
6898
9552
5723
5004
1562
292
245
2533
1109
6416
450
3429
9566
7584
5593
8521
526
5010
5674
363
2512
8356
5776
5715
6169
4827
7330
7606
3029
170
6311
4439
4109
9412
5482
1071
388
9806
2762
9960
4525
1144
3654
9378
1595
1474
7147
7036
3651
8958
9657
9206
1232
3369
3345
4605
8778
1385
3011
260
73
5263
8359
5700
3372
1800
9386
2956
4154
8828
2823
2944
2258
7297
1808
9124
580
4780
5162
1317
8876
7509
5045
9664
5828
8386
7809
6019
9401
6416
4417
4126
403
3780
1482
903
15
1146
1263
4038
896
5456
5222
1725
9827
809
2501
3061
1536
7557
2394
3260
8456
6906
82
2675
5859
5324
7277
4338
9764
7067
3092
5659
8762
5609
2337
5437
2746
1214
5906
6142
1326
2194
9707
7152
5354
6749
7806
3969
9602
2076
6240
1540
8339
9736
1523
9422
7240
6796
133
3017
2616
5041
9206
3642
6910
8895
8604
1996
887
2670
7837
5189
6292
1827
1393
1323
3830
7824
5576
1260
3350
1722
3256
5298
5302
649
9055
7108
425
9212
5265
9109
5235
8952
2844
8032
4558
9591
8806
9624
2198
683
4575
7697
8613
3114
4604
4000
900
6453
659
2709
6431
8574
6282
8904
1261
1525
304
8416
6092
3420
5092
8130
1942
2603
6846
3507
6892
1789
1075
3818
675
8198
2117
3297
4951
285
4808
3358
8100
8188
2554
917
4266
737
6700
9755
8828
7905
671
563
2164
8931
5693
4789
9107
7670
3305
688
6385
3324
856
13
8858
274
8391
9626
988
7328
6178
7495
3027
9733
4138
1227
7318
4791
7477
7157
9982
9589
2911
835
7574
2309
3974
9040
1281
1101
227
9649
4894
9215
8941
6392
7241
6031
6031
3981
9424
3955
1670
959
2338
4866
4275
1844
9612
7630
574
6133
4582
220
8149
1655
6729
7189
4203
1640
6240
3184
3543
595
4116
8549
5399
8095
7311
2768
4231
612
6218
7156
8919
3822
4857
2806
4814
5606
8101
5729
8899
2271
2655
7008
2091
7840
3335
6351
5430
2578
4281
7747
699
1470
1329
3260
5957
219
8803
4524
1935
6745
9426
6488
1927
1518
3262
3475
3435
4214
4158
7181
86
4499
2515
4879
5007
6896
2547
1282
735
1333
2556
1152
3819
9884
5162
5477
648
5403
9482
8600
3179
4083
6002
9947
9867
6
9886
6507
223
5657
8445
1342
2242
266
519
7941
7625
8224
7048
8906
6826
1101
6095
8274
7278
7285
4977
5970
6801
4204
1903
34
1594
7107
855
889
9631
4899
6052
6026
7920
5710
632
7537
8266
8932
3247
7037
176
4962
8795
5647
5656
1831
9325
4048
9876
9565
2363
9944
5334
7946
6001
1060
4835
7945
4157
1086
7861
8327
69
1493
7756
9693
3745
7237
8169
9834
5804
5548
6955
7749
1450
4672
8570
5893
3994
9762
6260
4164
8678
7039
2164
4396
96
2552
6735
2358
7241
7208
7052
9792
4172
1121
552
2064
7977
3095
8325
3667
9828
9403
8220
9572
9154
9133
1073
5061
2627
7736
7033
6472
9337
1895
9001
8722
6105
8282
5910
3313
6718
5254
6087
4602
4532
6742
5195
4294
9097
7657
2683
3912
5379
6140
6838
9457
8370
5312
1148
5541
3089
3262
1721
7303
6546
2270
7962
6559
3227
7760
3222
7124
9397
9692
1847
6338
4134
6877
9733
6352
5284
3479
5549
8688
1659
8140
2141
1533
6046
4256
5728
9240
1246
9913
9100
4697
8748
4704
4644
9469
7366
4001
6238
4522
9613
8233
9725
6654
6465
7592
3484
9816
7128
5858
8676
9291
2971
990
8449
8819
2436
547
4164
5199
679
4103
3874
9411
7878
7770
5300
1211
87
3227
2462
7520
723
3990
4000
1746
5500
8918
9785
527
9986
3636
8358
1025
4849
4915
2832
7917
3985
1708
7379
2637
7412
1477
709
4482
4997
2755
2266
8322
5791
5939
2751
8415
4399
3427
5059
2351
3169
7230
4804
7286
9284
2134
9183
5117
2663
1515
6467
9844
1434
7999
1198
8114
8886
6426
9599
3272
9613
8825
8993
8830
8396
9292
643
37
2015
4083
1382
9325
9943
8216
9317
96
2755
2353
1761
4891
3025
3658
3284
9606
1410
6337
2659
9124
5581
2074
8431
6623
3848
1463
2686
4379
55
4111
1370
4605
6471
9378
1251
2577
6653
7421
2612
753
7356
6229
8519
4504
1829
9182
3435
9662
6992
7242
4634
6549
2272
9250
4406
4467
6267
2002
5011
9861
3921
6839
4741
6359
3746
2843
1778
2740
9990
7461
5103
4116
9483
6490
7198
3089
4457
5754
1429
4542
5608
5680
9975
7825
632
1568
2763
6340
9657
4149
1051
9977
1528
8022
6555
5433
6895
4940
8456
2260
907
4740
6163
5744
3628
5821
1479
3402
3582
3827
1430
1480
7623
824
4695
6118
2411
503
7199
2902
6327
844
3668
1851
3066
420
8036
561
9142
5957
6933
7804
6059
8988
5188
84
518
6458
4617
560
5366
9279
7415
1819
8799
1579
8584
3128
9420
2758
4064
1799
5146
4647
25
3519
5236
3731
9752
9394
5200
4702
4326
2476
7894
4075
5637
525
2683
8554
1908
3837
2403
5791
4576
5863
8196
458
4059
4491
6681
5774
7477
1554
8389
4252
7560
3368
6986
2835
3767
2043
8964
9798
7831
9828
6599
7374
6951
7957
8425
4600
7828
9278
6876
4811
8490
6322
3501
7289
6659
4918
3112
9473
8108
8945
737
4368
4596
6780
4224
9347
5418
3481
3358
826
3698
1878
837
6896
4028
1844
6359
4998
710
1651
8072
8512
6487
2120
7693
6771
1709
3067
3256
7375
7617
9833
5893
1829
408
8223
3099
2351
2402
1994
2362
1733
8653
8501
3807
8939
4845
6716
6554
7639
3509
1594
3849
7835
1819
4918
3427
7544
2472
89
8337
8058
7110
9490
7428
2660
8
32
7959
8301
7295
5970
1237
6636
8483
3295
4711
2047
4714
635
4286
7735
4103
789
3122
1614
2505
5839
4771
3923
8413
7279
7940
5764
4145
5928
1067
4270
8918
797
5606
8002
7468
3115
9599
5034
5045
8869
2503
111
6457
8271
4452
670
9356
6079
9409
63
6059
9269
8349
1028
50
7149
741
729
9825
4029
6209
1156
5915
8813
1194
5866
2338
8916
6817
1934
6015
4957
3452
5236
3236
2497
5677
1771
1339
2161
5332
4785
5447
3662
9893
291
1995
8999
1812
7724
1803
8414
7846
6124
383
1951
1352
8865
4349
8920
3681
4849
2084
9329
1559
1800
9516
3109
1978
3772
3971
2212
5119
8624
968
90
4673
1894
3035
8334
3613
3296
1320
2970
1192
3353
848
9637
3418
7535
7760
5345
2335
8448
5073
513
967
1926
6831
5564
5367
8030
9154
5643
5839
5011
4492
3987
2114
9420
4738
1199
1389
5212
2174
4136
2941
6713
8032
6475
8653
5768
2645
8962
2705
2699
8014
3989
5206
3490
4677
9787
1668
8804
6620
5674
6525
7020
7508
6365
4702
6191
4425
5163
6696
5678
7471
9985
9417
7151
6414
3402
9120
2688
7057
8446
7366
1767
7696
1413
5466
6687
5371
4052
4970
721
7868
8890
6861
6848
4604
555
6938
5021
2631
4651
8764
8560
2291
1555
7542
9282
7010
8010
3549
6692
6957
1459
4190
1321
6815
2976
6208
3139
9224
4757
9510
2849
5113
6657
4351
1227
8512
590
7530
5160
6490
5976
3745
3864
4444
9548
9421
4193
9574
669
7601
6530
8797
7735
2496
681
1602
2828
8809
1649
8861
2989
926
245
930
8799
3628
5961
2288
3205
9488
8036
2621
4255
621
7878
5525
8127
5267
775
2049
3950
9582
3527
3697
6144
8867
3629
9709
2818
8243
2389
7879
4532
6478
2642
4511
5394
1236
9001
6871
1837
4732
2865
3895
676
8259
1739
277
9347
7436
6513
5275
2605
274
6111
236
159
1571
6051
3416
5368
4554
6100
823
5878
4800
6511
3392
3440
9327
9773
6357
5543
9958
6782
7405
5433
6585
1917
7539
7477
7958
5662
4025
1588
90
6219
8988
3534
2639
5990
9467
9450
4831
9455
5491
7358
6593
6384
1509
7897
9116
1127
8698
586
1492
2841
8925
6443
5631
9068
4125
6399
4675
3854
8152
741
2561
6678
6803
1643
5684
3294
8180
2405
8201
7995
6548
231
8133
4508
5732
5397
8356
5430
9190
4201
3210
3724
4506
7074
2131
6549
7144
4494
825
2870
4565
5953
6830
4165
7294
2228
8950
6695
4696
1328
1072
9170
6970
9544
8535
8750
2563
1574
577
1954
5322
8934
1795
6400
4754
5953
7274
2219
4388
4850
9722
6757
5961
4282
1185
4788
3829
4812
3285
5639
8074
738
517
4224
5808
1438
1393
5593
257
1429
418
4744
8973
4882
1365
6179
6046
3741
735
9456
1848
6636
5450
2875
8474
7055
3241
8543
8671
1802
8172
4374
3291
1772
2032
1968
9388
3537
4900
4485
5958
3952
6894
8747
9963
4611
6447
6854
2227
3104
9234
2084
1535
9947
9661
3450
3106
7872
8539
753
8921
427
6950
3990
2395
8078
1020
8991
8636
2364
6819
4833
2313
7471
6880
9199
1888
6155
5542
3542
5375
9981
2056
5764
3268
8487
2963
9018
5353
6528
4065
3091
9037
7334
493
2004
3661
6547
2224
8263
7804
3984
288
5827
3220
4958
2848
1886
