-5382
-3552
5905
-3023
-444
-1524
7126
-4423
7352
1256
-4792
-2397
-3594
-6064
7530
9642
7398
5625
-7452
-5571
-4322
4398
1240
4654
5918
1182
-3560
8442
1341
1133
5699
8267
5527
2173
-477
-3696
-3155
-263
-1605
4325
-804
257
4789
-6989
-4387
-1248
-770
-5320
1752
-1079
8030
-1969
8771
-8533
453
6886
-4153
763
7438
-5850
5743
-6273
-2562
5404
6125
-8468
8257
-2221
7999
2746
9308
-8654
-651
5596
-7382
-5227
7679
-2951
-4986
5766
-6400
-9377
5804
9971
953
-4331
7288
-3508
4374
1830
9997
3377
3082
-7799
4847
-938
492
80
-3962
-2278
1959
2253
6974
9998
1656
-5051
-123
9409
-3341
3444
-9419
2969
7268
-5576
-3275
-850
9888
-3698
7267
3106
526
-1788
648
9702
1484
-3597
3084
3774
9708
3191
-1148
-4467
7428
-3170
7832
4142
5024
6309
891
-2040
301
-4431
-9969
-6085
-2562
8837
-4026
3288
3796
-5107
1662
3900
3244
-6053
-1216
488
1073
2142
-2255
6994
854
578
-1837
-2793
1777
699
-1875
4103
-793
-2213
-3042
-2379
7360
-7295
7677
-7412
4822
-9526
2446
-1151
-8804
2418
-113
-4531
-4266
2661
-5801
1384
5542
3796
-7763
121
-4263
-1542
-1287
-5266
-1651
-5762
-6480
2969
-420
8197
-6668
9379
9032
725
-1083
1015
8358
-8225
-537
-9683
6712
1637
4326
-3464
-523
-6064
-4910
4614
-8426
-2389
-9864
6696
-7416
7927
-7009
5417
-7968
-3466
2295
-1940
8857
-201
4982
172
931
4426
-2339
-2177
-7567
5534
8943
8535
3937
-2546
-4138
5725
5507
-7644
8374
3986
-5028
-4400
-8
6355
-5434
4952
9308
4054
453
9791
2404
-8056
-4938
619
-3038
-9382
-8360
2939
-9644
3046
-1542
570
2137
1734
-1699
9741
3592
2720
-3578
9926
-4173
3826
2299
5275
-4748
6619
4637
5442
3010
-2265
8982
7126
-5387
-5844
-2144
6623
7141
-9443
-6417
-3041
-2415
-397
-6167
5097
-9369
4040
7546
2884
2611
-310
-7453
9575
2119
-4436
-8186
-6645
-1399
-6554
-4555
1856
-4978
7083
-2300
793
9530
-4422
-5400
1328
-4675
4697
-318
-9241
-7182
5351
-9279
106
8177
-691
-6134
-7643
-3202
-676
-6618
-6411
7564
7581
8782
-4611
9940
7912
-5224
-1039
4870
1999
-5073
-6036
-7093
8552
-9986
-2550
6070
-4877
656
541
-4544
-3558
-1545
-1167
853
-1126
-3234
-2641
-5353
-8072
-8164
-5561
4401
-7497
2495
-4704
-9616
8084
3611
-9403
5185
8515
-4912
1073
2857
5372
-9045
6228
-709
9421
-5718
-5279
7731
5497
1062
9830
199
-4656
-8464
-4434
-2182
8246
2673
9855
8878
-3017
6010
-493
8226
-4219
4869
7172
2032
9100
42
-8611
-766
-3211
1080
6499
-3800
-3160
-1966
8249
7049
-6811
4258
-1733
-927
5728
1327
-8326
-655
1554
7672
7107
5283
8446
7310
4764
-2842
-4689
715
-978
7425
-9724
3875
1633
-7289
7299
4987
-7654
2492
6479
2038
-3306
4525
-535
-5692
-7164
5758
-2840
-3584
-2178
788
1107
6884
9422
7229
-3704
6370
-4907
-2107
-4455
1949
7903
2816
-8690
6982
1263
4018
-7579
-6760
3918
-771
4435
-418
8936
9567
4632
-3910
-9347
-3258
-7454
6313
-556
-3781
-3056
5118
4862
4493
4588
6915
-2863
-2359
-6632
5984
6543
4829
-9856
-1672
1624
-1483
-5185
7536
-4604
3278
5444
9123
6767
-118
-8802
-3287
94
1542
2607
-462
198
-4484
565
9264
-4920
-6699
-5633
-5291
3419
-3655
2063
3206
-2969
-3192
-866
2772
-8545
2562
-4022
-9714
6240
-7351
9414
1726
-2224
-7175
6381
-8855
-9983
-9697
3643
-4315
-5428
-7706
4491
7119
-4413
1977
-7448
9206
2334
955
326
35
-7343
-5754
-8942
-1386
9659
-3165
9416
-3694
5930
3039
5900
-8130
6687
9467
-7709
2181
4784
-2184
8584
3043
3127
-8274
2285
646
-8095
-1897
-293
9277
4069
1454
2659
5422
8944
-5166
5110
992
-9290
-404
-3021
6250
2169
5901
-4387
9202
-530
-2297
3769
4904
-5813
6301
-3297
-4126
3947
3345
-6119
-3254
-2874
7382
2303
6215
-9806
5202
9409
4225
-4081
-2330
-4777
-2312
-8563
7099
-2044
8143
6878
9234
4731
8366
-1352
-5814
9786
-9555
3838
5707
-3267
-6426
3944
-2650
3792
8032
-4037
5816
-31
-6686
-6538
-777
3286
6217
-1537
-6090
-1942
-327
6057
4242
-6148
-4222
5535
-5918
-594
-7867
-720
7201
-3802
2210
-5602
1014
-7402
239
-1739
5693
7409
8773
6462
-5711
7367
-2884
-3192
-9933
10000
-2124
3072
-4356
1172
-9229
-3525
-5357
1849
4786
-782
-4019
-8826
-4331
6908
-3486
-5707
7261
971
8232
-5777
-6565
-4683
-3033
-8752
5418
5827
-737
-1717
-5946
-6354
4622
2603
1708
9778
9723
9242
4186
7674
-7330
3514
2408
-3279
-3429
9259
4011
8814
-7923
-4882
-8668
-5649
9819
-4751
-793
-8577
9576
6960
-6525
5061
7688
3405
5571
-7456
-4076
-973
8081
-2593
6144
-8228
9836
-2214
-7028
-2923
-7115
-3657
4315
8656
-7817
-1401
-1220
4580
1905
3595
6949
-3569
1980
-2860
7789
1666
-7134
2587
-2193
9962
6272
-8840
5471
-4281
1741
6003
-9596
2176
-308
5031
4086
-8804
-1550
3264
7641
-169
-2211
-1553
7040
3546
8258
8604
6670
7619
-6094
-7097
-5184
-9806
6378
5494
-1399
-2760
6111
-3491
4467
1613
6673
1785
8463
-890
9735
7378
-6020
6568
6026
340
-2179
-4429
4934
-4955
8459
-4847
8932
-6282
4112
9917
-1623
5520
1147
8890
-4862
5789
-2571
260
7408
9833
5178
6155
-1648
6922
6334
8153
8999
2128
4235
-7497
1867
-541
3229
9887
-2337
8524
7819
-5648
-3890
-540
5417
1269
6561
3540
5045
9672
1991
7123
8747
6165
-109
181
-7159
5020
594
1539
8831
2575
-2604
951
-6616
5687
-8353
-6663
-902
-6258
-3718
-2912
7872
-1847
4362
-1386
7718
-1978
9871
8381
-2647
5499
-2368
2870
3240
2240
-2640
-5014
-2981
-8773
8247
9094
-5298
-5257
-6765
5907
-5774
6158
-2784
-3227
-5911
1299
7271
-6957
-5302
-5710
-8645
4001
-1929
-5056
-6766
-3590
5730
4435
6257
9795
1539
-3309
-4170
-5475
6853
-1577
-5292
3132
4413
3155
3641
1995
7810
8318
-3456
7202
-3475
-6148
9750
-1441
-7364
7086
4612
-9864
8226
-6027
5251
4910
7558
1997
-3898
3070
8921
-5275
-8050
-6986
-9035
8675
9555
5420
4639
-1801
4142
4986
8523
-4863
-6903
-4278
-3623
-2837
5132
4571
8880
2108
-5757
6780
-6754
-9915
8988
5610
4890
-1295
-2515
-8725
-7470
3292
-6951
2462
7001
7285
-303
7704
-3438
-8109
4676
-3175
-5885
2058
-396
261
1266
-5646
-5569
-4549
5534
3361
1198
-2075
-7057
1616
-8207
-482
-1793
-4642
-9145
1097
-4312
3043
505
-414
-4869
2148
-9697
-682
-8866
-8244
-7356
-8492
-3076
-5131
-3986
5291
-4794
-9196
5344
-6386
1210
83
7171
619
5069
8280
-6048
-9550
-6136
9544
-9635
6156
-5449
2656
511
-581
-1230
-7502
1062
1166
-5872
1599
-2085
2618
-4770
9784
-4568
3016
2833
9715
8378
4065
5030
-8525
8558
-7471
-2560
-4783
8060
7773
-4219
2263
-7197
-8491
-7299
-2924
9573
-1768
-7610
-6545
6567
249
4132
-4365
-1535
-3309
-1890
8929
1790
8943
-5165
-7751
-9552
-2797
6601
-6724
8710
3877
5239
992
5884
-578
-7841
2359
-8337
2338
999
-37
-5963
4164
3203
6729
-8882
-5780
4859
3625
-9997
-5857
4388
1321
5628
-5941
-9037
-469
-2004
4664
-224
9701
5462
8406
8298
2047
-5779
-1920
8878
4831
-6208
-6166
2270
-3706
-865
999
-8961
-9939
4330
-287
-4709
9257
3393
-4643
-2081
-5286
509
6723
-2738
-137
-6085
-8388
8942
-6754
8132
6073
8733
-1548
-5964
5596
-1243
-3302
7091
-9948
2295
-4184
-4444
-8497
1005
-4685
1224
-8950
168
1527
-700
-3333
-55
-9701
5331
-7426
-7973
3866
-8349
-6881
-8931
7620
9482
7504
-9579
-3358
3019
-4572
5766
-2724
5600
1343
-7343
-5933
8606
-3104
-4527
-5749
-3459
7107
-2322
-31
-7899
-1667
1368
9805
-9195
5417
1475
6578
-5034
-8167
-9254
6627
5962
2050
4649
4073
6041
-3218
9639
-4693
-6553
-9234
-4820
5366
-7843
3412
1628
-904
5101
-2863
-1331
4138
4495
-2305
2396
4197
6402
7651
3280
2062
-4141
-1276
4289
2031
-2503
-421
5453
-5302
2983
-3129
-8881
4557
-584
8909
-250
1228
3470
-9098
-4377
4293
8340
-3811
-960
8668
-6946
-6064
-512
3546
276
-3411
7950
5445
5563
1017
3908
6488
4311
8197
3173
-7422
-646
-5152
3120
-9889
-1238
-1332
-602
1426
6407
4680
-3787
-5527
9702
842
7470
-2727
2655
3417
-3377
3269
-5536
-5876
-3806
-9362
400
-6725
-5190
7894
4872
2183
314
-7565
4117
5344
4753
-3039
-1625
8934
-100
6259
9411
-3689
-1637
2409
335
1302
9193
6093
1763
1247
269
9652
7174
6242
-3038
-5451
7952
-5106
1901
-2840
-5101
9993
-2015
-3996
4678
-5063
-619
1881
4328
-6069
-882
5618
-3841
-9605
3244
2322
963
-6834
3997
3450
-3416
8292
-2167
-194
9717
708
-1910
-2176
5936
-8593
3937
4583
-8832
135
2844
338
-8382
-9529
-5887
8506
-581
7224
6622
2465
1339
-481
-5856
-5372
-6806
-4201
7616
4428
-6588
-9610
3837
5541
-8803
4346
4307
1713
-6331
-4244
-6316
-4122
2152
6986
7226
1596
-6235
-6312
2491
5131
-9758
9734
7075
-4219
4522
-126
859
3489
-1745
-2457
-4126
-6965
-5738
-4875
9175
630
1846
-225
-7217
3840
2639
-8836
5720
9160
-9951
-9601
-8957
661
5080
5257
5995
-3148
-6125
-4971
-877
-8767
-7015
4844
9292
7530
5041
8859
-5243
-2096
-7147
6430
4465
3991
1771
-4584
2685
-5753
5813
9718
-5800
-5499
8550
8532
4385
1747
-9221
-7995
-7631
199
-2034
4123
1711
-2972
2759
662
3983
-6959
2717
-6918
5684
-3760
6921
9465
6152
-6011
3966
1983
-1611
-1114
2476
1429
-5983
-877
9966
4366
5253
-8888
6630
3366
1658
-9515
-8737
-9177
-5909
9059
8665
8647
2899
-5234
6586
-6652
-8344
2371
9980
-9653
-3397
422
3149
-5961
-9716
-9873
524
8345
7558
9758
-8006
-5494
-8553
9553
2580
5687
-4231
-2940
9391
-5894
-2250
4913
-7415
-7712
9245
6346
8292
6285
2335
-5357
7419
8315
4967
9378
-3420
6803
-8787
-6808
4233
3864
641
-3649
-4918
5397
-8815
-8761
1416
-3761
-3777
-1536
-9956
-2209
6578
62
8709
-3239
-4343
-6581
5834
-8228
-2317
-3579
-4300
-7418
-8190
8005
9075
-9221
-3193
-21
-9715
9160
-8596
-1252
-4397
-9235
5476
-8036
-9156
1123
-6202
-9180
-5940
2085
-9831
7405
-7655
2863
8153
-3538
-1072
-265
1233
-6754
-137
-2771
7658
-4536
7866
4072
3231
-9307
3452
1832
4177
3547
-6150
3244
4544
-4122
-1491
117
2706
-2283
5794
3868
4606
-6674
2578
1255
602
-2724
231
-7302
-6520
1745
2129
3431
2209
-5326
9913
3916
-3994
-1242
7995
9659
8051
8247
-3490
-9658
-938
-8704
3442
5084
-3882
4122
-5560
-1909
5736
6860
-4764
-5688
2327
-3475
-3754
1615
-6809
4684
9750
-7795
6781
9801
1594
1245
-9413
4710
3182
-781
4376
9172
383
2750
1356
-8970
-3516
-4550
1785
1414
5533
-2164
5098
9484
-2956
-3247
3628
5932
6660
-9776
-3565
3660
-3853
-1282
-3450
-5439
-3437
-6886
9507
-5157
3558
-2201
4433
9699
1842
9388
2433
-280
5964
6253
7386
-2998
-3852
7847
-6704
6517
3891
-3853
-1331
3827
-1302
-3212
-4691
-8925
-950
-7813
-583
-4319
-5175
-2268
-449
2871
-470
4299
6705
6072
2799
1483
1490
2893
7122
-5996
-9485
-4976
-1807
1369
-919
3954
3214
3630
-6652
-8656
-7437
2984
-8603
-671
-6334
5515
4333
-8203
3713
1114
9401
-1158
3494
-1699
-3133
4769
-2192
7386
-8116
7801
4297
5896
8766
-6841
7425
4227
-9477
5170
-9249
3716
-1721
-1069
92
-875
-7206
1468
-2900
5209
344
6109
2741
-533
7912
-4477
-5369
-1134
-132
2131
4534
8161
967
-8639
-9268
2699
3138
7072
-4600
-7564
-1888
-5187
3809
-6188
-8017
-3680
2358
2458
4578
6229
-7431
4489
-5893
-9498
6932
5281
6369
4439
-285
5249
8980
5668
2609
693
8369
1322
1646
-2103
-6194
-6067
9964
-5863
5852
-8156
2495
-7421
2333
7911
5066
-10
-2322
-5223
-1845
-6412
-9957
563
8223
-4573
-8866
7984
-379
-7080
-7074
9296
-905
-9152
3450
6740
2997
5999
4
6708
-8808
-2515
7540
-5013
2475
2136
-2283
-7559
-46
-9912
3056
8284
-4430
1725
-5438
-7020
1143
-2967
-6412
1308
6993
5474
-9889
-4262
1197
-3964
-3803
-9025
-4379
-3470
-2928
4289
-1795
4830
-4997
8771
913
2817
4532
5922
3172
9571
6436
-740
-1635
2900
-3451
-8329
6424
-6217
3810
628
-8574
-6461
-363
1955
7138
8249
-4591
-4318
-6165
-6279
-9118
-3524
-5979
2795
-1002
5802
-9454
5320
9358
9867
3553
-5445
4873
5867
6420
-8538
-3239
3068
-7173
-8285
6335
-2370
-133
-8228
-5517
831
-3243
-5495
-6496
7646
-277
-4696
-3255
-7860
-5613
4478
2542
-6428
4989
-7653
-8599
5677
-2188
-2945
-9148
7801
782
-2892
-534
-4137
1223
2111
723
6028
1495
6226
-4500
4552
-7505
1736
-1981
-1247
-9814
-5552
9133
-8072
-423
-7941
-2725
497
-1081
-1382
-2144
1832
-6176
-2703
3304
-380
8038
-7951
7044
-1035
9891
4137
-2997
-1913
5521
-3102
5714
-4682
-1673
-8396
2390
350
-7131
3653
-7911
-8101
345
141
-9789
-1864
-5809
2664
-1765
-7334
-6337
-7997
3425
-849
-5839
8987
3001
2660
-5993
7778
4153
-545
-1709
5802
5544
-1173
2896
2284
3360
9012
-4811
-9990
-4760
-2399
8962
-4382
-384
9649
-4488
5506
-8846
4592
-7371
447
5889
7275
4644
-6423
-3643
-768
7297
-862
7110
7964
3270
-3086
-4475
8371
3339
6612
6647
8646
-7920
1107
-7651
-933
4482
-9522
6549
57
5899
1565
4205
-3416
-8499
2836
1521
-3796
1135
842
-679
-746
993
-9543
6116
-5052
-1843
-6214
7245
7128
3687
-3917
-2073
8020
-4969
-6720
252
322
-5001
-3341
-6215
-5706
-7928
-2102
7647
3298
9275
8895
6058
8854
-6588
-9769
6496
8603
9424
-5709
-3252
5193
9901
-5319
-2380
-599
-8395
-1805
2186
5447
-5280
-633
-3703
-7809
8779
-29
6439
2539
1510
-3604
-5904
-3022
-7835
-7157
-9639
5411
4405
5661
5377
3802
3454
-1798
8511
9269
-6241
9222
-5902
-1022
-6630
3530
-674
8597
9580
-1820
4864
-7509
-6258
-3139
-2552
-4234
-5891
6554
3003
-3216
7493
-8471
4150
623
-2450
7263
-569
1473
-2068
-3939
-7328
-8573
6192
-8801
2571
4942
-4856
8083
4160
-9508
-2001
-1310
-9454
-3264
-2431
750
1853
5404
6010
6176
8237
4819
7729
5848
4012
-4244
-3374
-7092
-601
8510
8672
2059
-2310
-865
8552
-5809
4218
8656
-1168
-2962
2163
-565
8995
781
-7623
7435
-1614
-3305
-4185
-2413
-1080
3809
5547
3247
-4009
-8912
2284
4210
-1340
-3316
1780
3350
-2613
3883
4711
7474
-2811
605
-4270
-173
770
8848
8056
-1045
4531
-6819
-1044
6683
1101
7087
-9194
-1567
-4295
7744
-586
-9117
-4507
3312
-1485
356
-7326
3868
1375
-2999
-1399
-5643
-8238
732
7999
5630
2010
-9725
6109
6363
9031
3052
150
9363
61
-4408
5599
-2011
-8944
-2189
2676
-6457
9576
5170
2570
9790
6794
-2841
8827
8019
-2433
-8012
-7255
-1478
9069
-4040
-4310
-7117
1204
7634
-5793
5949
6274
6325
-6929
1238
-2418
-9690
9220
-9703
-961
212
-917
6149
-8951
-1976
-6174
3506
1962
6516
8138
-1671
8641
-3133
2177
4554
-4635
8459
-9419
-1150
-9883
5489
1229
-6491
9421
1304
-3329
8875
522
-9288
-2093
-462
-5362
5135
-6414
-8628
4945
-8580
-9068
897
-7871
-3701
9525
-2978
-6867
4759
9525
-5920
6682
6808
4876
-820
-6967
2268
6800
239
4623
2629
-29
-7889
-6132
3455
-708
-22
-9145
-6871
-5757
-2302
5742
-6097
-1251
-86
5895
1500
-2702
6602
6260
-8995
-6258
-8746
8932
-6773
9799
1877
6348
-4575
6522
-1751
-9577
-634
7451
6283
8096
-3781
-5126
1382
-6691
-8815
-3870
6554
8795
3186
9890
5304
361
6365
-7602
-1208
7606
5280
45
-7332
5847
7974
3756
-2013
6829
-4788
4339
9027
186
5177
-9941
4288
7736
6001
3096
-2803
-3592
1667
6541
-86
-7752
-2598
4075
-6925
-4593
-7948
-3831
2556
7123
6504
1976
5097
5204
-141
1262
4317
3763
6011
-4664
5776
-5843
6889
-8558
-3376
-9009
2402
3241
-1116
3645
-5258
-9813
4769
9676
-3652
9390
1025
-1992
-1301
9939
9750
-1294
-4311
-3805
-2276
-5517
-8824
-815
3306
4448
557
-334
-5338
4527
-2655
-7078
-1223
-9384
9114
-5964
6955
286
7711
-6391
-6350
4835
5672
-6407
-8276
-5304
4479
-9177
8117
-2568
3118
8814
-5484
1174
-5858
9606
-1008
-9901
-2972
-9699
-8572
-2477
-7939
-7682
9839
2443
7605
-6448
4212
-4529
5035
3920
7092
-4954
-5056
-4573
5621
-9612
5308
-4641
2762
-4093
-5986
-695
7009
-4121
5728
2399
7547
5262
-2113
2893
-3931
2633
1111
2062
9309
-7388
-913
-3108
-9223
9622
-8888
9650
-3636
2391
-6990
-3981
-4008
-8865
-9101
-1997
678
-8267
8414
-4629
-5059
-4815
2218
-8053
-8510
-8924
-3571
7259
-2161
8559
9065
9800
-8150
-8371
8186
9307
2853
5744
4991
9496
4409
5656
-4615
-4767
5374
-6966
-7691
-285
-4888
6208
-5274
-4614
-2913
-988
2127
8509
152
-6878
-5046
-3755
5218
-3365
5514
3824
157
5032
1294
-7801
5747
-4232
-7674
5904
-5701
-1671
-4324
1410
9175
4871
-4249
5850
9684
4634
-1363
8843
5577
-8451
3083
6326
-9649
-9288
9806
-3791
-2097
-7268
-3429
-9
9098
-2289
6879
-1087
7352
-3837
3175
605
-7419
-4078
-38
-8120
2929
5211
-3019
2771
-3943
7690
-1250
2695
9012
-5616
2135
-45
1281
-2591
3678
-5648
-1657
7877
-1613
9855
-6061
4403
861
-4643
-3423
8836
5067
5300
-8027
8541
-579
8339
3326
6519
3636
7422
-3184
6711
-9413
-2014
-5506
1271
8152
1957
1802
-2801
1802
-2940
6432
846
-1536
1288
-7817
145
-4227
-1422
-3759
-7665
6785
1470
4968
2823
-8987
3791
2180
1960
-5962
2586
-5545
2833
-7130
1766
9589
-8040
-8308
-2453
-1311
-1786
1085
-3745
-2315
-1511
-5284
-2746
-2446
-5512
-138
-6448
4833
-9829
-6173
668
4281
2827
-9742
-1360
3317
6720
5137
1162
-5455
-4715
4052
6611
4281
7873
-2979
9932
-2776
-969
-6240
6183
5992
-9440
7624
-9650
1579
9402
-3614
-9272
3521
185
1782
-349
1550
7827
6614
8113
8995
9286
-8814
367
5276
6610
-4109
202
3385
-4043
647
131
9432
8589
-9467
199
5184
-6876
3807
8436
-1687
3849
-1867
-3296
2372
3214
3140
-2808
-9395
8479
6021
-744
2028
-320
-5861
-4131
7134
3918
4777
-6538
-5039
7901
7994
-5359
9169
234
8104
-8167
4179
3381
-8515
9148
8843
6904
8964
-942
-8883
5450
5949
-5234
-3705
8562
1299
-4941
999
-3474
8471
7125
-2495
5861
8911
-7815
8986
-3362
7504
-7012
3024
-1171
-9745
-1660
146
-1777
-4236
-4382
5142
-738
2722
2771
-8533
-796
3449
-8561
9439
6937
6514
1108
-5306
-6028
5733
-7752
7108
7682
8882
5140
8037
-7806
4053
-4186
1661
-7519
-8872
7321
4143
-8374
-9588
-2908
-8215
-2447
121
8451
96
1093
-9548
-3630
-4682
-4266
-5276
1306
-6250
-6559
-3827
7872
-9654
9143
-3362
-132
3078
-9148
-5069
-732
-479
-5449
-9377
609
941
5997
-955
9192
-5030
-7548
-5139
5338
-9156
6290
-4856
-9893
8928
7956
-9277
5676
2312
7338
5029
-2822
-9765
6490
620
-6201
-7350
524
6862
-4848
5712
-9090
-999
-8025
8720
2460
-574
7066
1105
9636
7964
-1791
7280
1750
9559
-4496
2056
-8711
5542
-9757
-857
-9694
4848
955
7345
4060
-7979
-6771
1766
9351
7404
7313
7513
1787
-8750
970
8857
7335
-1372
7852
-6760
-1532
6707
8116
7020
-3194
-1441
-2748
527
9050
-9063
3737
-9529
-9721
4560
-9390
-6743
7880
8883
-1024
-1364
-1890
-9857
9799
-8817
-2496
5838
-6574
8421
6243
-8483
-5079
9520
3389
-4826
-4937
-1006
3951
7475
9313
-1351
-9857
4231
1220
9164
-7474
9509
7907
-1034
-9735
-2402
2156
-9943
2255
-3609
4755
-7756
865
-8921
-1926
5847
-6588
-3786
-2232
8973
9186
-7182
-14
970
-3062
-512
-8253
2912
6954
7467
3502
-7056
-5574
-8529
3604
-6039
-9069
-258
1397
5633
-2098
-8752
-1135
7520
6546
-5602
4937
904
-3967
-7299
-6573
-9342
77
-7237
1952
8318
-3501
1934
-1098
9961
-552
7150
9608
-8841
9377
5633
5123
6263
-78
-6173
-9877
7847
2016
5723
-3740
-1970
2757
5887
-2823
-9809
-3162
6107
-3847
4880
-6713
-8520
-7326
-4307
-9999
-4231
2846
4953
-1676
-9941
5061
4649
-1197
-5640
7543
217
1991
-5507
6144
6162
-878
-3286
2783
-1151
247
-3151
9218
-2714
-6409
9997
5756
-3482
4235
-330
9828
4110
-4334
5394
7570
-2084
6349
-9594
-9947
-6468
-9825
8701
-8384
-6295
-6367
-2813
7254
4458
2165
-4966
-6967
-6160
-7459
2744
-4220
1535
2644
-9308
3040
548
-1042
6955
-4238
718
4037
-7435
-2314
7482
-7897
8539
-6360
-9989
9722
4810
2437
-8705
7933
-5082
-3056
4035
9019
4093
-7883
7919
-2632
5461
-972
-4127
-1569
-413
7304
-5054
-1839
-3452
1812
913
3546
-8438
420
-9025
412
2049
-5511
6283
7155
5526
8730
6315
-2033
1165
-2799
9542
2096
-4246
-3509
4633
8126
-9578
-4825
9762
3514
-1106
8679
-2181
8736
-8085
9032
-996
2540
-5041
7472
-8607
6824
2883
-4584
-5017
4100
659
-5925
123
5869
-9202
1726
8665
-6377
-2497
4931
-4369
-4699
-5184
72
7120
1071
-4304
1985
-4888
8556
5432
6161
-6561
-536
-2999
5037
-2166
-316
4533
6202
-6617
-515
4693
-8834
-7536
7432
-8599
7726
-6240
-8643
-3898
-9809
8422
846
4592
-349
6
9825
124
-2881
-5982
-7754
995
-9340
4130
-6277
2055
-4442
795
4558
-4680
-1175
9070
-544
3334
6972
1626
-8597
-8435
4345
-3311
-1545
4441
3877
5327
-2395
-464
-96
-6500
-7993
2880
3482
1292
-7460
-5502
7367
-4487
1616
5050
-6727
-1562
-4763
366
-6211
9143
5430
-7057
-1221
-948
-7436
-9021
-8971
-5314
6093
5021
-7096
-8458
8665
6599
-3105
3301
-1518
-2143
-1678
-8764
-7178
-1190
-2103
1650
-2856
7441
3511
9018
7427
-5442
2618
8701
-3306
4139
-6878
-5728
9047
-2417
6036
8069
-9992
-1813
-9826
-5112
-4755
4908
-1674
-3448
5284
-6911
-5606
4148
-1898
9508
-2064
2802
1006
9094
886
4738
-9204
1898
-5319
8006
2825
-1611
1247
-2536
4603
7993
2013
-1315
7278
-15
-8789
-8254
-1591
-1860
8446
6791
1052
8676
5556
6457
-8274
-44
7467
8840
1221
9555
8166
5070
6321
5428
7152
-656
3443
-9326
6448
170
-8621
381
4179
3381
9088
1605
-6913
4765
-9345
6518
-5436
2859
-9115
6650
6018
2873
-8841
-9641
-4430
-7916
-5815
2077
3460
5287
6598
9766
-9585
8750
-8781
-379
9958
7598
-6758
-4699
2443
4289
8346
4460
501
3329
-8851
2284
-4946
7813
8774
-5266
-3049
6822
8405
8276
-4175
-1413
-6723
-7458
1215
784
6534
-9585
-8050
8954
-8577
1814
9334
-3608
1234
8292
-152
7377
-1261
-9887
8634
8643
-5230
-8052
5181
6207
-3977
4715
4655
-695
-2710
5800
-9895
2677
9794
-3595
-8925
5076
-8453
6036
-5300
5387
5058
-1352
-4924
5510
-7361
-5682
2309
8831
655
1009
979
-3129
1477
-6164
9523
-5451
-8540
-7936
-3542
-2545
236
-3056
2910
9223
-1708
-50
133
-874
9705
8019
3045
-2395
9871
-77
-7102
-6352
-3434
-1506
5504
-4418
8335
-4616
-5047
4376
2850
-4382
1149
8135
-3666
1774
14
-401
1734
-6519
5158
-5679
-9856
-5872
-9356
-3699
2466
6891
5825
-2621
3723
-6922
-747
-1949
1348
865
-6767
1767
5227
3270
-7197
-8055
-3418
9944
-9411
9940
2553
576
-9391
-5876
-3247
-2447
7071
377
7862
-3378
9399
6790
-5811
1310
2154
-1409
8501
5799
3466
-6434
-8331
3030
5350
3460
4543
-5615
-7056
-4733
-9577
2036
-1189
6595
3036
-1788
-3822
-7273
-6857
1451
-8196
-4592
9039
-2808
-9808
-4206
-8798
-1243
-5010
-5046
8805
-6244
928
-7449
-4443
-1199
-7553
-3172
-6663
3895
3355
-297
-9984
-9586
9968
2493
9534
-8609
6610
-7603
287
-2226
-9470
-3927
846
-681
589
-2570
3478
-9020
3439
-1177
3965
258
1769
1198
6011
-7723
-2899
8162
-5543
-7226
-6741
-3414
-1061
-9872
-3308
-842
6506
-6718
3461
8462
-6479
9080
3077
9820
-1531
-5004
-1225
-1259
-670
-1783
8989
-2444
1456
-5157
6447
-7986
-6617
4348
-203
-5594
-8528
7313
-8282
-1801
-3637
-1310
6800
-4337
1882
-6820
4552
9809
3948
-4483
-2698
6617
9614
-2131
-1584
-6715
-6124
3408
-8172
1430
5820
5858
-8014
3009
6866
1226
6194
-4998
8016
-1516
445
3958
7213
6040
-1816
-6468
3878
-7162
4856
2695
1793
-7118
9395
1106
-1892
-9209
-614
-4775
-3409
14
-5170
-6400
2675
-5848
7915
9087
-4197
-4608
4306
-7664
-3631
-4111
7305
6708
-7685
7116
4847
4579
2617
8372
3219
6853
7454
-1561
-2727
1391
2070
5751
-7717
7074
-1999
-6886
-1238
5718
-7418
2725
-9753
965
2151
9661
5366
8604
6974
9978
-9163
-5690
514
-2240
8504
4030
199
431
-9590
9831
-5368
-6325
8369
8229
4169
-1490
-3432
-5740
-1878
-5730
8053
6764
-5458
8043
8065
-2816
-7031
-8733
1607
-5630
-968
-8332
8818
4479
-6698
2552
-9469
-4731
1995
1507
712
-486
4180
677
7752
-8366
7186
4991
5386
3806
-59
6943
1648
-7275
-7876
5594
-9800
5417
-9868
4854
4912
7222
-6239
-8550
980
7725
6407
-3325
4361
-935
7255
2039
2444
-877
-8788
5266
8763
8413
2196
-4023
-7819
-3339
-3857
2309
5672
-5175
7492
-3304
315
2688
-3147
4135
3665
4251
9141
2920
856
3304
-5522
-7522
7016
875
1536
-8238
-4268
8173
-4340
-2929
7792
-1263
4668
3570
2809
-8349
6086
-5865
-604
-2522
2734
-9084
-7474
7888
92
-5501
9324
-8517
-5399
5855
-6326
-5578
-155
-6234
-7274
6427
2132
5766
-9304
-512
8237
124
-8561
9488
-3390
-7848
-8210
4570
8756
-7764
6469
-247
2775
4592
4927
1056
-8117
-6422
-6470
8265
3982
-7085
2050
4112
-8070
-921
6483
6817
1707
-8803
3924
-7862
-1544
-9758
-9512
-2654
-2868
-9145
988
7289
7822
6747
6391
5905
1953
-8316
184
-5755
6093
6480
-5775
3372
-7195
-1807
1103
8875
-5612
-2457
232
7345
5664
-3803
1433
7972
-5291
443
3468
77
-3093
4433
-9815
-1031
-7044
8094
-7228
-1468
-7238
-5216
5385
4935
-202
-5022
-4287
-3109
2235
6898
-3951
-8982
-1606
8374
1753
-3320
-5563
-7619
-8475
-4023
-8661
4000
-7852
8025
-4499
-2071
-8139
7028
6014
-9561
-8755
8870
6395
-4154
1568
5952
-9232
268
-8662
-1084
352
685
2198
5064
-6786
-3741
-2397
4816
-8771
1190
4425
-7293
6857
6705
3915
-9174
704
2328
-3686
8792
7497
-4839
3883
1015
-7987
5256
1795
-2486
7266
-783
9419
-6077
6754
-5862
3561
-6938
3020
-863
8969
-3568
2025
2665
-5326
-2265
4192
-282
-7596
-841
-6419
-9151
2332
-513
-1870
9596
-5850
9478
-9982
-883
-3835
7593
-2738
6383
6045
5245
9837
1343
-1325
-4442
4623
-6238
-8120
-5440
-7477
410
3411
-316
5124
-8195
2019
763
-6540
-7403
640
8228
1943
-1964
-7669
-7608
-7257
-2318
1694
6993
8500
-3077
-5234
5142
-3356
-9768
-3327
-4337
-2979
9882
7992
739
-6056
2254
-8012
-9242
-833
4732
6465
2770
-4651
-2926
-3983
-1170
2760
-4676
9174
-8829
112
6314
7784
6090
-6850
3187
-666
8576
-6066
538
-9284
-971
-5055
-5016
597
7826
-7379
9158
-1052
-9489
-938
-2394
8564
-5114
7024
-2197
-9930
-9943
-6829
-3113
5962
6943
2912
5312
-8145
2418
-6424
319
-3569
585
-1777
-8245
970
4221
9206
9039
2666
-7098
7927
-6075
5866
-5961
3943
2526
2161
-665
8983
8867
8743
8931
6059
-7856
1107
1255
6561
5562
-5175
-6606
-6829
-9834
-7035
6058
-536
2691
-8270
8054
7208
-1008
-3390
2489
593
-1119
2550
-9805
-9552
-1371
-7402
303
-1363
-5479
6336
-4449
1267
-2351
-2870
1688
-7855
-793
4572
-6296
3089
-6499
2906
6250
-9449
-9706
4947
-8897
1339
-4084
7178
3227
2634
1836
5977
287
9781
7648
8754
3651
8404
-4832
6964
-5881
6306
3442
-8943
3887
-7027
3366
-6550
-954
-4911
-4672
9831
-8532
3816
-6105
-6228
2731
166
7571
8589
8526
1502
746
-2595
-635
2122
1075
1995
3829
7610
-3569
1943
-6901
8000
-5880
7653
-7912
3094
5393
-2009
6515
8546
2765
-1296
-4677
9035
9412
-4734
5711
9307
-8075
7402
-1644
-6289
4891
-9327
9919
8311
-5020
-2908
-3072
-7063
-5911
3900
8655
7380
-821
-6334
-7391
-3216
-3878
-3946
9835
-6784
-1266
-2113
723
-8849
-2839
2211
-1711
1296
-2708
-7465
-3937
-7448
-7764
9182
9884
1247
8927
-7315
4060
1902
-5642
6567
7608
2482
-896
9260
-9517
4784
-2660
-1665
7653
726
5574
8969
-4117
8455
-3192
-2453
-845
9818
-7649
-6810
-2423
8591
-980
-8654
-3408
-1349
-8789
-6008
3859
7924
-9919
4985
-2857
179
-2285
-1468
-5113
2861
3682
-2846
-4280
3135
2472
2042
3139
-9970
-3584
9069
-3088
-8276
-1211
9476
7213
-1950
3388
-4130
-7213
-5587
-1951
-3682
-5042
-7449
3805
-4273
6296
-460
-9538
-7044
-7904
6010
-7103
-573
6721
-4456
-3217
-3378
-6591
8231
-3932
7556
-2896
-3037
-6847
-8600
742
6936
7627
4540
3039
8207
9389
4217
-7283
-815
7122
-4351
7752
-6763
-2889
-9412
-9162
5067
3403
-7695
-6603
-9668
-9339
-4438
6103
-2625
9562
5474
3686
2764
1860
-4548
-9269
2946
-4442
-8190
-5270
8638
208
-6797
4224
1844
7283
5204
-849
-976
-4110
-2915
-5397
7645
7809
-8312
7311
2097
4643
4826
-9835
3993
1658
9445
-8337
-1256
-5291
-3969
1854
-2264
3148
-5703
935
792
-3669
-785
2980
3374
3266
-9205
-9378
949
-3509
-5592
-1941
2400
-1507
20
-1472
7479
-5418
-8023
-1537
8067
-1061
2974
-6980
232
-6824
8980
-7396
4612
-5189
3806
5410
-7714
4772
1864
7968
-3325
8786
2197
6909
8485
672
-1140
5603
-5653
4738
-7076
-9093
-1764
3414
9108
5625
-7604
4363
-8324
-8589
3127
-6421
1773
6084
5863
-456
6698
66
-6126
-3426
6904
-5109
9664
8824
-9121
8404
-3938
-9905
-9430
361
1828
861
-131
2346
-1724
-3085
-6072
1817
3753
-2924
-4490
-9814
5678
3852
-874
-8442
-9794
-7371
5439
-9556
939
-2801
-1607
435
-5287
8324
5002
5517
9581
6699
9917
771
1904
-6393
1126
1314
6877
8581
4365
3718
9145
-9156
6427
9426
4853
-7377
4306
-2337
5772
6806
3865
5082
-4269
9810
-3186
8277
2901
157
5332
-9312
-316
2074
6322
6779
-7345
3240
3241
-848
-3660
1832
5506
5679
7927
4387
7746
-5497
-716
-1051
-6379
8358
-9594
2116
2907
-5317
-544
5390
303
4532
-4500
-1248
3895
6046
-8517
-3385
-521
7102
7962
6657
-2827
-6569
4160
-7252
-6471
1085
-7532
-4006
-871
2648
3803
3968
-8855
6225
-4465
-7915
3518
6884
-4680
3402
4464
-2309
-6665
-4109
9876
7191
-7676
6191
-5236
-2273
-413
9444
-7264
-3252
-8456
-6358
1973
-734
8517
9238
4668
-2682
5533
1402
-3282
6226
373
4007
-8118
7514
7761
-3242
8038
-7709
-5772
-8738
-4999
-3435
-9353
9789
8467
-4525
9742
-4265
3076
8502
3902
2890
8204
-9625
1225
2254
186
-7410
8127
3784
3560
5995
-3096
-3037
-7466
2446
-5931
7562
-366
-9435
-505
120
-2551
2289
-7679
-492
-6062
7109
-9349
-2697
-9226
-4140
-8622
-2169
4835
-4196
277
-9576
6669
7247
6105
-161
9768
-6658
6176
-3577
3489
-5821
-9145
3349
-9629
-7407
2608
9903
-5777
-374
4530
4373
-3204
9646
757
-2742
-5588
3337
-7166
2979
-3390
-3802
4997
2849
-3726
-8058
3575
-1687
-8386
7244
3845
5254
-8080
9489
6958
-2815
9202
-3714
6919
799
4721
-5428
-671
5754
782
-5482
-6992
4597
9192
6037
6546
-8110
5144
7849
-4183
1558
5791
-51
-4989
-8985
5665
-8403
-3901
-6654
-36
-3792
5823
9348
-668
-6803
-3423
2542
-5094
-4027
5407
4226
-2073
6616
6468
-6217
1966
7275
-6398
-4889
-4047
-3322
5307
1477
5935
2001
-6528
6103
146
-612
-5035
-8044
964
2710
681
-1386
4775
7687
6921
-3149
-9451
4895
2470
-3869
9226
-7339
4461
-5483
-7647
-7634
6962
-1417
4593
-7926
-9207
8955
6879
2879
-6028
6103
2890
896
4018
7525
-5222
8340
9662
3684
5322
-468
-6946
1237
-2189
911
-110
4920
-5683
7783
-3641
-2673
3232
-3667
9591
-7728
6723
-2329
-5303
-2958
-7336
5793
1781
-1775
-8047
3976
-2824
-7307
4498
6633
7423
8123
-8180
-3885
-935
-9625
-7194
8847
5296
-6195
5810
4747
-8000
-7181
6782
2664
7058
-4817
-9203
-5006
5020
5361
-544
6682
-3796
800
3639
-9181
-3589
-7046
5728
-3467
788
-4795
-8501
5592
-196
-6659
6621
-4097
926
-2445
1506
9772
5423
-4292
4343
-4476
7800
-7565
-6249
6193
2018
2713
5996
-7446
-4983
39
-3162
-7653
-436
-2863
2822
4853
5704
-8624
-6214
3622
-4046
-8428
-6120
3368
6826
-4722
-9310
-2420
4388
905
5531
5738
-7803
-8749
-8004
4984
-6547
-7307
6574
-5394
-1785
-6811
-189
3653
-5505
8887
-8238
-4834
-2780
209
-1522
-1085
-9575
5409
9589
6321
-5120
8358
-3181
-9705
-3352
2140
385
9962
-2986
2546
8261
-1556
1464
-8014
-1696
5020
5893
3622
9343
-2350
-3484
752
-7607
-9610
-3861
-5465
6593
-9563
-8587
7969
-995
6183
-792
-9744
3434
266
296
308
6847
-9529
-1176
6431
-3334
-2243
9963
-2718
9633
-924
4481
105
-7330
-1835
-5486
3873
-7333
9169
8981
-5828
8044
7080
-1937
-9928
-6203
-9562
-4646
-4368
-2924
-5479
-2255
6859
6082
3315
8850
5707
-9414
-5307
292
-2518
685
291
-4823
6132
-3759
5576
-1282
-4071
3622
-806
-8425
-2262
7243
-6423
7420
246
5770
-6010
5887
-3662
-8135
9770
5065
2438
7353
-3034
8586
8455
558
-528
-2228
3933
-9844
-7030
-1722
1779
8147
2066
-329
8439
-7512
8847
-6994
-3680
5806
312
-1814
1615
-8166
7013
-7635
1321
-8285
7581
2793
-3677
-8327
-6054
5575
-7238
-2125
-8187
7529
353
6408
8036
7685
-2516
2677
1390
-9151
-7730
7614
6580
-1003
2979
-3982
-1874
8522
-3778
6772
-8016
5144
2176
-7323
-3154
4250
1364
-8379
-163
-7649
5371
8539
-809
3383
-8364
1286
-766
356
7270
142
9939
2328
6662
1843
9111
3094
-3537
-1369
1799
9721
8870
1583
7001
1838
-9890
-9362
-7901
-5915
5959
6688
-1175
2797
-6224
6222
3205
-1993
-5500
4636
-2599
-2263
8026
4032
-6107
2799
-9693
8390
-2889
96
4327
-6311
8353
-5680
255
1899
3858
-8097
2484
9753
5252
-2405
-7996
3423
-8801
-9455
-3280
6745
-4240
-9839
-8513
3474
-1172
-5511
7514
-9475
4554
3769
792
-2336
4036
839
-7157
-6018
-2237
8710
5309
-728
-6813
-2164
-8235
-8208
3273
9858
-4298
409
1891
-9
2904
3876
6426
7150
-3162
-9009
9053
-1903
-1305
-4602
-143
-3828
-2683
5708
-3261
2682
3963
-7020
5756
9264
5860
1028
-2597
1906
-6645
4877
6714
-288
7579
1303
5230
9810
-6513
-5023
3741
-5214
8285
-3962
9496
6755
-6537
9222
5956
-2165
-6597
-8675
-8679
-9636
1731
-166
-6686
-574
8943
267
-1914
2240
-6573
-9773
578
-4356
1898
-9568
6154
-2755
-6887
9929
8831
-9644
-5131
1098
-4850
2522
6171
-4507
-6093
4515
-2292
5866
-5652
8908
-6788
-4470
-8865
-2676
-5919
-5283
-6516
1128
-7432
-7742
1844
-2434
7425
3701
7450
-930
-237
632
-8900
-2254
-342
8008
8084
-6092
-3376
-8396
-5783
-4331
1341
-3423
2631
4418
-1741
-2442
8111
-24
7756
-8555
-8427
7530
9422
-9385
-2737
-7671
-8396
-5003
5304
9134
-5986
6313
-209
-8194
9246
271
-1591
3848
6064
-4202
7666
-3574
3826
-117
5420
-1631
-8235
-9881
-8741
-3438
-570
-8345
-1285
3248
-5341
-9631
8153
-8922
-589
-634
-7713
8976
3822
-3834
-7947
-6742
-2509
-804
-8669
1880
6768
6462
-815
-957
141
-3421
1937
7253
2366
-2845
-4467
-3268
282
-9195
9923
6152
-1471
2928
4304
6733
-7096
1168
7634
6082
-746
8560
-6681
7996
2093
-437
-2931
1108
6477
-9511
-4994
9861
2933
-7457
2225
8953
-9256
-1073
9520
-5340
-879
-7377
-5249
9247
-6219
-8411
-7474
-5039
4204
7870
-7132
527
-8724
-8881
4574
-3887
8664
2739
-9717
9862
-2649
9251
8638
6888
3395
6971
8904
-7864
-1490
-3619
1637
987
-6923
-3023
9419
-1207
903
2863
-1380
-8131
1823
3706
59
8184
3998
4681
-7753
1673
544
-9811
-4818
6352
7591
-8673
3509
4234
-69
4690
-8062
6023
6226
1757
8287
-9478
5367
5325
-9949
6965
-6619
3311
5559
-3537
-6015
-2979
-6015
6860
7142
-7151
479
6981
1027
7430
337
1461
1307
6823
3852
-6808
3258
-3610
-8312
8993
7177
-2505
-222
1218
3244
-8108
-6332
-1253
5194
-9723
5651
-3738
-5885
2841
4918
-7492
2017
4035
-7176
1111
7242
-965
-9502
1250
2520
-8599
5738
-6113
3995
-3754
2573
-6356
6447
-5919
-4555
-3352
-8968
8388
202
-5007
-6631
4136
-5574
2510
6115
5715
-9261
-9949
-9912
-9556
-8369
-5526
7286
-3269
666
-2457
-3186
149
1064
-8179
6251
8188
98
-5787
7823
-1734
9574
7191
-8011
-1597
3822
178
4159
4177
-2744
5674
6922
2227
7557
211
5394
-6006
9046
2376
-9654
-3113
-2772
8053
4325
9964
1887
-4557
-8586
8242
5399
3040
1310
-3069
-7866
1737
4203
-6342
-7086
-8097
-7986
-1946
-9351
6921
4890
-8158
-7067
1485
803
6808
-7679
-9259
-5269
-1493
-7090
7524
2228
-1539
-1507
-1872
7064
-4950
6375
7512
-8218
2783
7265
5284
2278
-2360
2439
5397
-262
-4526
-7137
-9522
1625
-765
5896
-1915
6340
-4792
7881
-7116
-4053
-429
2630
-7812
-5767
-1079
-6179
-802
-1490
-1355
-50
-5731
3427
8527
-3579
-4008
-4442
-9069
-7791
9522
-8464
6983
-9464
8253
2244
8859
5925
3874
-5862
6418
-4120
-4603
-2716
416
5358
4888
495
-1524
5331
490
-1802
6492
-364
-4788
1490
6690
-1156
-6860
6444
1050
-9151
-8533
-1043
-3744
-2426
4512
-3183
-813
8794
-4645
-2999
-1206
826
3963
8025
7552
8967
-1661
-4962
-390
-7950
-2915
928
4581
8038
-5757
-1272
-8634
-6868
4908
97
-7502
-6433
1871
-9227
7625
-8620
7485
-3239
7248
-5593
-65
-7438
-2011
8365
-7119
-5262
8138
6689
-7670
-9219
-9435
5670
5477
-2752
-4147
-1108
-5666
7383
2501
-1819
3481
-6883
8442
9655
-9989
-3915
5300
-1095
380
-8019
7035
3655
5540
-6304
-5941
-3500
-3025
-7185
8434
9433
8223
-1990
-4828
8842
-10000
418
1410
2432
-1506
-986
-6419
2642
580
9967
3565
-5263
-4351
7260
-2388
4544
5271
-8490
-7392
-4174
7308
-5952
8350
4580
1394
5795
-939
-6951
5502
1290
-7236
-5976
1533
5673
-6475
3087
-7313
-4511
4643
-8559
-2998
8947
-6700
-2326
3956
1358
4413
-3185
-2372
-7941
3345
-8577
5188
-3858
-4966
-6020
689
-1327
3344
172
-1012
7081
7576
-2157
3017
7370
-5090
-1507
8410
1616
-2798
8242
5843
-6322
3648
7001
-4615
-9404
3682
-6040
-3523
5534
-6950
-7931
4375
614
6692
-8355
-7755
8625
-9603
1275
2715
-9410
7816
8686
-9363
3235
3561
4834
3941
516
7062
7487
5906
5359
-406
-9901
-9611
-8227
1296
3393
-5711
3835
2274
-3887
8648
4086
9081
1099
1508
5953
3699
9265
829
1358
-8271
5168
-9519
-750
6223
2533
6214
-4850
2313
-9185
-9520
6723
3140
7729
-7109
8884
-5600
1155
5843
5975
7538
-6338
-7582
-2383
-8723
-3047
6574
9943
3566
-6061
-4362
5710
5414
-4113
7854
8107
6498
1456
9997
7591
8940
8103
-9913
9084
6742
-8450
-6796
7164
1387
-6082
1000
6853
-8643
-5503
1989
2829
-703
-5873
-1621
-5960
-8400
2520
3063
-2227
2374
-1613
-2044
-4415
-9985
8001
-5589
8607
-4382
2105
-1697
-3064
8244
9975
-9823
-6495
192
8869
-5045
-7757
-5432
7919
7639
-9379
6295
8426
-3593
1257
-2091
-8214
-8999
151
6848
243
31
-6507
-2566
-5002
8020
-5993
1071
-8178
-8906
9523
-1017
-950
6990
9650
-121
7152
4222
-8890
3123
2511
-25
-5071
-2527
2642
-5127
-1025
-2763
6784
8390
7287
6040
9218
1970
5607
8900
-8848
4987
-924
-6451
-7973
-7398
4630
-2153
-762
-1634
-1120
-4486
-3018
3128
5240
1819
9060
10
-4213
-4342
-7550
-4021
-1850
-2432
5499
-9730
715
7510
-6133
5432
-5070
-5702
800
-3899
7719
-3974
6014
106
2181
5207
-880
526
-9215
-6522
-2622
-5795
514
7542
6076
6990
8968
-3410
7854
4639
-9646
-5479
446
3021
-2990
-4397
-1134
-8581
9940
1462
-4065
-1907
2537
-2224
-3181
9972
8365
-5658
5135
-6296
9982
-4192
-6019
-7422
-3413
9386
7234
4011
3244
8398
-2239
-237
2848
6143
3528
5851
-6160
3657
4654
7805
-9394
4127
272
6387
3484
153
9843
-7861
-2191
-84
-4009
5472
-2582
-409
3675
8174
1539
5934
2362
-2220
8112
4005
617
81
-1578
6740
-2486
1393
2481
3617
-3802
5799
2368
-8543
4310
9223
-7678
2264
-1453
-7679
-7785
-8646
6059
-1229
-2686
91
8372
-5267
1943
-1806
2476
-2208
-320
1642
8049
-588
-819
1808
-6725
1575
-6228
-7619
962
6658
4370
-2787
3780
-4153
-967
-1323
-9270
458
7229
-4608
-1463
-7030
-9043
-8177
-8904
-6435
-3899
6188
-6790
-8816
-9202
-7881
7045
9403
8910
-8794
1053
-7330
445
-9674
-599
-3083
1932
6584
2147
-250
8318
-729
-832
3936
8602
-2287
3297
-40
-9628
4146
-2265
-161
3311
449
7726
-5579
-6725
-5750
-2416
-8727
-1677
9207
2133
7632
7531
-9007
-160
7943
-7351
4602
7959
3392
2997
9245
-4895
-5760
981
3807
596
4216
5649
-8113
3472
-6701
2484
-44
-4609
-6586
9658
-9281
7071
-5083
9491
4786
-7763
-7785
-3174
7341
3434
7918
-4097
-802
7549
2473
5545
-7663
5166
1363
1930
4804
1219
-9835
-2192
-806
5797
-8702
-4341
-9989
-3665
-414
-8078
-6014
4581
-7772
2531
-9393
-3765
-7848
5189
-7807
-8966
-2169
-977
-6641
2990
8100
-5253
2922
9599
-1618
2973
4453
-9408
4401
-1193
-8334
1236
-7730
2234
-9354
-8927
-2814
217
817
-4580
-2554
1567
-5811
5369
-2178
-6584
-6983
1195
2644
-1851
1970
7763
5614
-8823
4738
1229
9075
7872
-2625
-3345
7388
454
-201
7823
7722
-7243
8910
5525
-7113
-5446
-1414
8911
1647
384
9080
-3567
8957
1679
-1194
1459
-7490
-880
-3298
-8839
-3642
4142
-6539
-7034
-128
-1243
-9282
5045
-1932
768
-7113
6813
1722
-2858
231
-8844
4502
-9343
-2406
-1491
6064
-4308
473
7379
-6432
-8649
9709
-2450
4436
-7268
9454
-2968
-6912
6492
7524
442
-1150
9577
7864
2090
-7833
4068
-2049
-304
-7103
3638
-3359
9628
3634
3928
-7937
2828
3451
-7662
4874
1113
-1499
-615
1256
-5724
-3625
3242
-5526
-8517
8081
-8872
5317
-6696
7656
743
4483
-50
-4714
-2071
-3015
9175
-9476
6431
5021
526
-3118
-362
2147
-6712
-2147
411
4946
-7725
34
5179
-3583
1414
4440
3741
4855
-9244
6682
-1219
-7117
4247
-7599
1455
5577
2516
-2015
-8725
-7132
-2870
-5616
-9302
7233
3584
-3747
9418
-3208
1076
2279
-3607
-7300
-9102
1569
1162
-9691
8558
-6857
-4165
3214
-4375
2208
-6933
-5045
-3841
-5271
3274
-9070
-2815
9918
-7500
-5685
6990
-9971
-7490
9713
6322
-507
-3500
5488
-4801
8973
5856
9910
-6469
-5466
-6765
2251
-170
-9316
-4275
5191
-1861
589
-1828
6466
3785
-6016
-2761
-7210
5995
6543
-4243
381
-3725
-7372
3798
8266
9190
1237
-1974
4131
5036
-353
1942
364
4904
5172
-1257
-9591
-635
6682
9556
789
5914
2572
9744
5577
9121
-5633
9958
-932
4091
6151
2962
9926
7348
6900
2073
3809
-2525
-9812
-4495
-4038
8823
-6793
-964
-8992
-414
-9966
3436
-6635
-7673
6629
-4296
7998
7186
8552
8360
4418
-7334
-699
-3998
-1255
-4475
-4995
6322
7724
-4495
8627
-1719
1914
6407
4683
8495
-3048
-3008
3044
-7149
5208
7850
211
-5124
-4982
-3857
4333
7158
-4618
-5615
-3921
3608
-1921
-7655
-4240
8710
2424
1066
-9488
2587
6148
-9452
8737
63
-5337
-5362
5554
9960
-3179
-2655
-6176
8937
2218
7360
5932
2112
6636
537
-2511
-7788
-682
5428
7619
-6538
-2300
-1673
509
-4781
-7311
-2401
-3967
6514
-8960
-7913
5374
5979
9796
-1486
-7980
-8180
-3556
-6628
8921
3929
6709
6224
2517
-1951
-3768
8450
-3103
273
2198
4485
-8544
9729
8078
-2841
-9290
6318
7066
7904
-2761
-6983
6675
9726
7650
1824
-858
-2871
-7403
-8007
-485
2415
-1401
6372
8026
8042
-7435
-3397
-1981
-6191
-4660
4518
-5666
-3780
-1825
5807
-4409
2698
-7202
-2540
363
9184
8101
-8685
2651
-5486
2501
-9192
5820
2606
-3810
973
7802
3066
-2799
3278
1318
2413
-2889
7598
9147
-3972
9991
-9099
-8124
6128
6511
-9711
4533
-2537
-9089
1991
-4034
-7003
-4975
8399
5832
4163
-720
7761
-2260
-2607
-4916
8660
-4990
-7926
-4087
-2239
8646
8277
4393
-6583
-1774
-2762
1261
7702
9683
2897
815
-5229
-1269
-308
-3269
1013
-179
-2697
-6787
-781
-8428
-9620
1055
4800
-1493
-8325
-9913
6299
-8275
4433
-9219
-8454
-3002
-5909
2430
8286
-512
7713
3282
-6901
-3965
-9712
-8535
-8227
6572
-2629
-8967
6607
7366
-4398
-6402
8548
7873
-4125
6669
-2964
3528
8853
4065
-8114
-3570
-8224
-927
7542
9673
5850
-5126
6548
4478
-2997
-2172
-5907
-9787
-1150
-2264
4203
-5560
9398
3853
3300
-7300
-5074
-785
5038
4987
8077
7450
-6252
-437
6020
1932
-4856
7317
-6442
3689
5311
-2228
9611
-4750
6021
-309
2333
-3614
-6352
-1588
-9909
-1633
3503
5784
740
-2793
-2009
-235
-3940
7456
-3654
4517
304
336
779
6181
-6403
-2672
-1237
-1407
-9210
6811
-7680
7218
5014
-1196
8566
6231
4476
-1876
966
6494
-6309
-4997
-4766
-5433
-3690
-8758
2169
8973
-2018
-454
-9332
9848
-4243
-2024
608
2345
1666
6875
-8022
-3471
-8067
7482
-8132
6715
2460
6478
-1671
474
9309
-1413
-935
-5443
-5035
-9190
-4507
-9916
-7991
3374
-4540
-747
1287
5673
7778
-1274
-5188
-235
-7555
4132
-7642
6224
5967
2997
645
-6316
920
-190
1480
4751
-3925
364
-3338
-5563
-5783
-6153
2076
6794
-3547
-8391
2624
5101
6489
-8986
-6411
2858
6900
7265
-465
4323
-8449
-8057
7317
-3150
3921
-9649
4757
-1650
5061
-4770
7087
-5926
8027
-4076
-46
6744
-8241
-3566
861
56
7749
-1852
9165
-6533
2952
-2899
-4871
6791
5870
-6189
-1222
107
9122
6141
-1310
6158
-3570
-410
-8718
-9726
-3705
-477
-9417
2940
-2796
-6893
2514
4147
-7265
-7383
-156
9607
1567
-5392
6457
-6295
35
4943
5413
9416
8467
-4593
2536
8070
2685
-1944
-9287
460
-1607
4274
-9300
-4620
8296
496
-3907
-4744
-9694
-2171
-332
-9651
-8163
9187
9176
7734
4183
-7511
1563
7239
-2045
7676
9311
-7477
3806
1533
-8450
-6036
-7901
-2965
5454
9596
1346
-3573
-6273
-4984
-4145
-6323
3541
1911
7995
4426
-1075
-7289
6773
-7025
-1131
-4596
-6412
-5102
8074
-3809
1573
-8721
2961
2084
3911
1556
5697
-756
8274
8222
-6819
-9822
9600
5096
4180
-9121
3023
6884
-5160
4342
-6844
-4196
-2284
-5193
2268
2455
3721
4113
3951
942
-219
-5986
-6754
5692
-940
-3627
-1591
7708
900
-2198
-2677
-5617
-121
4594
7774
7029
-2225
9522
-6557
8686
7461
-9440
9690
7135
1322
-6448
-5159
-3273
9850
-4054
7915
-5364
6016
995
-450
-9378
3882
8713
8348
-1290
4098
9409
7658
8766
349
513
6290
-7798
2904
-5370
-1360
3592
8747
7037
9889
8798
-4002
-1439
2856
-5035
-8639
-7683
-7367
6489
1798
-1475
2317
-5987
-8895
-1041
9306
-2794
-7841
-8097
-2751
1351
8165
9697
2678
-3417
25
154
175
8822
-8796
4672
-2552
5516
-1946
8312
5946
4064
-7255
-9512
-4779
-9966
964
-607
-1820
-2721
2177
-8393
-8020
-7710
-7068
-2183
6515
7700
-1955
1482
7651
-194
6031
-8153
-3748
2880
7286
-1808
8468
4689
9859
-1315
1204
1548
-5572
-2550
4850
-634
1818
2716
3508
7072
-5378
9625
3406
566
-3067
6354
2236
4893
-2717
2942
-8895
3634
4174
-2613
-9823
-7370
-2804
-5877
5179
2333
-3193
919
-4722
8120
2093
-1100
-2087
-8161
-5372
-8202
-3338
6954
6681
-6741
943
6756
-2107
4744
8618
-1512
8546
-2967
1920
-4888
-6029
1282
-9635
8439
-3238
-784
9503
-1313
-9240
5274
4563
-8153
-1775
-6876
4049
-493
-2520
1032
-2983
-4385
-8625
4315
-2221
-5249
4445
2933
-5803
-1585
-4447
5318
-2410
-7144
1558
6224
9623
4766
6674
-6306
9730
-5307
-3225
6167
549
3791
5769
8547
3770
8235
8390
-4647
8125
9159
-9816
6682
4466
-5900
-9461
-1168
-452
8946
6954
5263
-5290
-6573
7860
-506
-2728
6218
9496
9845
-550
5532
-9403
-2597
-5752
9285
2479
2093
-4913
3267
-5078
2178
-539
468
3937
5224
9579
-1821
-1506
1207
-8211
-78
8247
4680
7868
3182
-6862
7076
4732
-7472
325
-2546
3479
-3645
-6532
-863
-409
8303
-2580
3774
-9966
-5842
3793
765
1968
-4592
-4821
3275
-4100
-1627
4942
1959
4052
-5418
-708
1543
-921
4014
5954
-9343
-943
7466
-2418
-5465
9839
222
2042
-2533
-9187
-7665
5145
707
6661
-7897
-2030
7502
-7031
-5056
-7565
-3282
-3355
-5606
-4173
-6220
-5581
9158
4279
6641
-5529
-9364
6845
-4339
1361
2086
-5486
-5573
-4225
-6363
-4514
-7597
-6028
3378
8979
-8085
2629
4375
3279
-6197
-7009
2674
814
5747
-2924
8687
904
3888
2191
-1369
2163
6747
786
-4063
5787
-8901
-7245
-1239
-2502
-9521
-4496
8340
-554
5158
-7958
377
2730
-9623
-1689
-6277
-4863
-7680
5172
-1629
-6197
-278
6449
143
4719
7895
2903
-3431
8146
-3641
-2215
-3865
-5816
457
1707
-1022
2998
-1240
6576
3113
4109
4299
344
-3751
-2395
1215
-94
-8870
-8687
288
7662
1271
-6560
-3739
-7269
-6516
8905
4407
-9669
9503
3293
9278
8169
2272
-4201
6863
1193
-8047
-5925
-8736
2538
-7165
5702
-2614
2961
-4733
-7690
2971
-2236
-3247
-4934
-7947
-1091
8981
1733
-6002
691
6774
-5803
-6204
1302
7311
1204
8263
5857
2680
-5415
-9946
-3436
2178
6883
-9448
1469
-4049
-6165
-7556
-908
5718
-9289
-8481
-1990
7684
-903
-686
5029
-8237
-8873
-8799
-3082
-782
9937
-8267
-4698
2346
5985
-9403
6936
-7412
-2198
-389
-1284
-3138
1272
-6332
4654
458
3875
8463
2470
-7191
6465
2706
1935
6017
-110
-624
2983
-6030
9565
1509
-9547
8383
9914
3394
-1781
-3457
5261
-3982
-9367
9991
-3549
8591
-1250
-2942
-8431
-1111
9974
-465
8792
8721
9073
5564
5216
7916
5097
8093
-3946
-9443
4583
2562
-392
-3743
1798
-8563
2224
9464
-2356
-7040
6389
-6069
243
541
4385
-2127
-9341
-6702
-1223
-4067
5816
-2055
-996
5235
-7777
-4463
-1178
-1296
-9896
-5567
-3062
-390
9102
-290
-9011
6312
-5847
6884
6107
-3973
-9670
-671
-262
-6381
-1324
3095
-9954
-8766
-4368
8668
-6314
-7217
-9067
2263
-6936
5119
6633
-9094
1603
4800
6371
-2189
2517
-4025
-3007
-4674
-9787
4278
-1264
9967
-8160
1518
5183
-4129
-2529
6804
1457
-8372
202
5303
4750
-593
-6164
-9502
-7591
453
5231
5621
-7002
-6301
-3717
-4005
1671
7364
-342
4902
5909
8049
2800
9514
-2938
-7491
7415
-4872
-4049
-5179
-6226
-5072
-9904
5283
2729
438
-7340
-8926
7492
-5304
824
185
-7169
-2089
3440
-4797
8413
2081
3310
3395
1208
-663
-1551
7439
6576
9455
-1734
1208
-1654
-2496
-2335
4587
-4555
-6771
7693
-5793
6415
-8098
-7270
4334
5738
4411
-1913
-5662
9872
-1242
-4847
-6203
-334
8683
4561
-7603
4390
-5040
1694
2600
-8587
-4668
-4309
5135
195
-2277
-6773
-9607
-2287
120
6311
-8196
-6565
191
8614
3200
-2572
2490
7798
-103
9224
5472
4102
4584
-2564
-428
-2580
-1117
-7232
-6749
-504
2196
-5545
5409
-5444
-8470
-4452
4157
8171
-6318
6771
8044
2827
7579
3743
-3728
7346
7189
4695
-5589
7215
-6223
8765
-8645
-1276
-9980
-7762
-5778
-7873
-1674
9227
-4195
-4491
3197
6540
8276
-5718
-6038
6961
2562
6144
-4134
7163
1623
4947
-3646
-8891
2743
-101
-3206
-6012
-3828
-879
-5621
-8453
5500
2663
1677
2810
784
7563
3923
5248
314
5957
-4773
3796
9474
-932
1829
5974
-1685
8007
-5324
5834
156
-363
2031
-5989
-6722
-4295
7937
-132
-4906
-8629
-425
-3983
-1806
9538
318
-6601
9455
-1840
-8888
3346
389
-9922
6932
4908
9111
7166
-5760
6522
-871
2823
3927
6709
-1189
805
-6508
4520
7074
-8869
7166
-8768
-549
-8982
-3962
1025
8136
-5616
1743
4524
-8635
3293
5980
4677
4399
3278
-5552
8268
-3834
7523
-5554
6694
-7936
-876
9402
8127
2474
-8520
-3982
-6277
2926
-2876
-3601
9482
-6034
9570
8251
3032
-2152
-9757
9048
-1768
-5301
8116
-3528
6184
4467
3025
8295
417
-1558
6274
-1188
3475
-448
-917
1397
4402
1673
-8357
-984
-8016
-1839
9772
-2312
396
8251
9980
-1151
4279
8387
-8082
-2943
-6024
7280
1372
-7613
6050
8175
7469
6806
-7777
-4782
9407
914
7559
3542
-8971
634
7842
-1584
422
-4664
-7804
-4777
9569
-8711
-9493
-9349
660
-2183
-1574
8810
-3673
5486
-4433
-5583
-9418
-7244
3866
8403
-6981
7849
-794
-177
-5043
1928
6669
-7124
-6272
5376
-4243
6489
-3694
-6045
-7209
-5262
807
-4751
-9405
-8436
-6868
-8274
306
-8067
9752
-9178
5460
4990
-6664
7824
4769
6358
7571
6217
-3957
-5974
-4008
8372
8673
-3341
9902
4505
-1646
737
4069
-4276
8805
-8576
2233
7640
6081
4424
-3566
-5020
-8039
-2605
-4926
2409
5873
-7983
1314
-980
1773
-285
-4674
3002
1379
8591
-9013
-1135
-6996
-5167
-2988
-5634
321
-3965
6250
7266
1824
1634
3205
-8878
4099
-7165
-7391
6651
-8175
-7327
1401
7913
-4166
-6426
1427
6603
-8728
6674
-1014
9754
-6445
-1141
-6312
-6525
-6459
8167
4529
-2825
-8508
2643
-5445
-2130
3789
6243
-8952
-7414
504
-2519
-5262
9239
-3267
2648
-5443
-821
-4019
393
-4427
5883
7979
3531
-8347
2608
-6014
3919
-5059
5177
2509
-3645
-2963
-7584
2322
-9258
-8456
5620
9605
-840
-257
5373
8371
7194
-7462
-960
-4173
1274
-1248
-3422
-8013
2341
99
-1297
-2402
-8526
6642
5597
8165
4014
9265
6569
-9552
4612
3826
-6460
6795
540
5763
4579
-79
5326
-5196
-1059
-5155
-5537
-7353
6599
1289
4440
3242
9149
1928
-7637
5686
8587
-9369
3770
3881
-5195
8133
-4031
4304
-1744
409
4753
-3380
-118
-8107
-2202
-9806
9064
-3544
-6894
-1279
3464
9376
8107
8024
8491
-7558
8855
-6112
-4929
-3965
-4971
-3990
-218
-7494
9775
2976
8600
-9279
-1031
4876
7683
1346
7219
-8288
-4996
2093
3213
-1918
-8973
-3041
-6728
-1601
6562
-9511
-6670
-7810
8904
-6451
-5920
-5753
9235
2279
4927
-697
-2774
9703
-4763
-8640
419
99
-4727
-1586
-7222
5923
-3779
3426
-9793
-4225
8630
1658
-4634
6630
976
-8572
-9278
-8493
-4352
88
-2915
-9093
-3722
-2478
-8692
-9258
2245
5508
9699
-1229
3854
-1827
-9820
6059
1982
-9672
9207
-9655
-4206
3936
-8370
6273
-4625
2164
-4873
-9085
1255
-7006
-1496
-7788
5775
-2341
-1330
-3992
-9034
-319
-8511
-4730
2297
-7486
-3342
-2250
1645
-5158
4737
6863
1479
-7321
236
-2099
1946
4220
4673
-6410
-3778
3401
4036
1091
-6478
-9136
4461
3002
-8870
3438
-789
-9242
8053
1554
-7736
-736
1362
5540
-6045
2321
6336
-5279
-6690
8416
-8090
80
9021
-2295
-6696
-1527
8742
-2632
1418
7040
-7870
9710
-9608
-874
-428
-408
-3146
-5112
-5166
7889
-5863
4494
-3938
-296
6193
-1157
-2141
7328
8106
4687
149
-9658
6546
8444
369
-6833
3855
1298
-9780
5898
7730
4604
-3670
1366
916
-8205
-6740
-8988
9364
-4976
-6353
-494
4076
-5191
5651
-6979
-7232
-1975
9573
-7282
-8264
9283
6765
9606
7750
8407
-8484
2439
248
-8481
8490
7483
8793
-2363
-1702
47
-6919
-3886
5428
-2716
1048
-4500
8879
414
-3900
7481
-9140
-7531
6177
2196
-6420
8582
8203
9502
-5420
6197
2474
6563
3297
-3858
-6352
5720
-5008
-9020
-9489
-1718
2451
8235
-1800
-6578
5421
-8425
-6986
-4550
944
-1336
1843
-3758
-9234
-6168
2219
-5608
-4903
-4917
3153
-7556
1924
-550
6184
4198
5498
-6852
-7386
-4565
5780
6257
6942
-1516
689
-6980
4677
7661
-8427
-3508
560
-5083
-6655
8856
3066
-425
-817
-5917
-986
3308
1869
-8952
-8009
-4422
-380
-6546
-6461
5006
-7501
-9841
304
9102
-3260
-8518
-8744
7998
5942
-4879
6428
-4616
-5648
-3908
1703
-8070
-4802
-9190
275
7636
7810
8211
770
-4002
-2694
-6354
586
-201
-1625
4786
-4704
-2502
-7274
-9544
3220
7106
8767
6617
8787
-1490
-1311
8265
-7089
-8850
-2767
3463
9174
-895
7389
-6285
-6388
-8062
-8317
-7855
-3341
4253
-1664
3302
-5144
6395
-165
-6106
-1031
3494
9202
-3098
1082
-9394
5875
-4165
-3964
-4689
-8514
1583
-6317
-3734
-7607
-2371
8969
5628
1163
-9059
5678
6093
-7274
-7935
-673
9974
-471
-7658
4461
-872
7078
7306
7501
-2726
-2769
8907
-9115
4154
-3920
617
1581
-2303
2071
-7804
7342
2125
-8478
9216
-3044
1598
-5046
8890
-2323
-5246
8156
-6935
-7596
-2399
-2288
3937
-9349
-452
520
-8131
-7346
9040
453
-8208
-1914
-5843
2105
-7707
6296
-3131
7553
7694
-8345
8801
2200
4980
7838
-6363
-6422
4548
8696
4684
-7234
-1878
-517
-2797
-3425
556
617
-251
5112
-5800
3196
8258
-9834
-1160
-7987
4807
-8280
-9472
-2646
-9546
-6312
3342
9724
-5654
-9197
3401
-9206
5063
6688
-3999
2283
9855
3215
-7096
4112
-7043
5775
-7076
4645
813
-4339
-8928
-7816
-9332
-4426
-505
810
-7157
-4037
-5963
-2472
7644
-972
9946
-7949
3211
685
-8859
3509
5683
8869
1783
-7289
5148
-8296
2608
-769
7660
7316
-3174
2265
-2863
4185
-9818
-3544
84
5323
-2116
7659
-9326
-6530
-1224
-7638
2367
6453
-3235
-6421
1599
-9819
-733
1038
-4178
-5713
1312
2613
5710
9956
-7301
-493
9239
645
9339
7907
-9483
-7073
7826
8734
4651
-6110
-5616
-8486
4388
-5470
8773
5544
6746
361
-7389
-6754
9166
1251
1047
-9120
-548
-5721
-8134
-1982
3771
7300
-5227
1610
5905
1236
7684
6493
-4592
8672
-620
-7699
2956
2399
-8296
1218
-6811
9630
3512
-9987
-8846
-8117
9845
5081
9621
-9836
-8236
8202
-9387
1401
1721
-7971
-5148
9151
1307
-3844
1265
3155
3477
5222
-413
-6140
-9883
3936
-7528
4115
5277
6984
8595
-1272
7485
8772
1040
9246
1432
-313
8135
2409
-8204
-6236
9706
-3016
-295
6924
-9834
-2625
3970
-7639
4008
-3012
-978
9206
3925
6355
-7771
7317
-6945
-1923
-863
3503
2588
-3312
-1309
-8023
-1526
8621
-4767
3880
-372
1010
1396
-2525
9714
-8524
287
-5590
-2274
-1605
-4340
4565
5275
-477
3906
-5485
298
61
9907
6826
-2687
4142
-3277
-6575
8027
-2842
-5450
6062
919
896
-2189
-5883
4449
-8408
5190
9642
69
-3464
5820
1229
3733
72
9440
-9805
-4097
7068
-9900
452
-5188
-8858
8593
4741
-4747
-4318
6681
5798
-8934
-2505
-6509
-6075
3256
-8761
-6279
-1749
2885
913
-4350
-1840
-7801
-3176
-8930
-6662
-2069
-3991
-8611
-8575
-2393
-2937
-8481
9548
9571
-214
7052
5356
4761
-4705
6294
-5567
-9670
-7700
1163
-3583
7886
4375
-4874
-6930
3283
8200
5898
6015
-8972
7623
-4792
8617
7310
4609
-1370
7474
3019
-8310
-9284
-8892
1168
3595
-7999
9094
-9716
-1049
-8780
398
8695
81
-8821
5943
1367
3711
2184
6172
7751
138
6977
7641
3714
9976
4059
-938
5798
-2565
-5318
1755
-9969
3542
3827
6181
-7952
-3098
-4556
-3444
-8779
-7612
4095
5972
-4451
-7833
3969
8709
-4725
4151
-9636
7017
2479
1809
-9816
8729
706
-1337
-8550
7463
4984
-2045
-5755
9631
9462
-3739
-5401
6151
9711
8232
-7751
4941
-7766
7683
8502
-2986
-2806
9099
-4753
-7430
-7252
9906
-4613
-7094
-1369
-10000
-9436
-5990
7212
-2461
-204
-8965
8621
929
3129
-6048
-554
-4156
-2165
-3173
-3229
5990
-5909
3085
-6931
555
300
617
-7805
6705
-7996
9499
-6685
994
8538
-6408
6246
9943
-8091
1235
2888
-8007
-633
2902
2159
-1133
6385
971
6429
-6836
8238
1428
-3237
-5270
5525
3016
-3610
-998
-2719
-8878
-962
772
4475
-1620
-6090
-3296
5492
6630
-3850
4442
5352
781
-7876
-5323
-8777
-8284
-1114
-6570
-564
-6590
9842
-6218
2647
6415
-8523
-6076
-6669
8874
9649
-8856
-3343
9481
-7612
2565
2737
5573
-2747
986
-3230
6879
6252
-7811
2844
4659
1279
-7022
3013
2611
-5624
936
-7970
6829
-8567
-8627
-5282
6386
7687
3940
-3668
8080
-1907
-2410
-4412
5119
6472
-6788
4522
-6826
2368
-4329
-1546
345
5114
-7699
4707
-5212
-4184
-6415
9325
7479
2803
338
-9949
8913
-7523
-7937
8267
3248
6756
-8886
8710
2206
8342
4287
-3866
7565
1499
7429
1453
5292
-6992
271
7462
3873
3425
-5214
1939
6863
758
4846
9597
9047
-3392
4649
4077
4028
2225
-4580
-5053
4185
9869
9651
-4381
-8596
-7374
-4529
-8072
-8688
1626
2157
844
4797
-6816
4
5685
2386
-1501
257
4344
-5856
75
-6848
3915
-8341
-6116
3166
4186
-7551
-2028
8718
-8898
-6035
1707
-50
659
3732
-3625
-3911
2644
-6936
-6301
-3890
-9062
-7350
-5151
-7119
-9865
5789
-270
6566
1623
-4756
-7211
249
-3797
-4368
8041
-6185
6007
274
913
-3407
8844
1866
-8918
1606
-4922
377
-7406
5014
351
-5206
1046
3858
7944
-4380
-1723
3124
-1013
-8385
-5671
-6851
6586
-7332
2771
8734
4741
-5791
263
8974
-407
-865
-5869
-7747
-6902
2548
3054
-887
-6953
4399
-6483
-9561
-6853
2918
3541
7892
-4861
-4347
-1187
3752
4320
-2428
-2592
5361
733
-9942
2111
3101
-9289
3017
8665
7797
-2079
-5351
9927
-3001
-6031
1964
281
-5055
3439
8746
3090
-4981
-7230
-6716
-3153
-9245
880
9398
-1617
9078
1093
7508
6172
2889
-8204
2250
8438
9266
941
3133
8813
2254
6529
119
3745
-2148
767
-7640
-8395
-7514
6140
-5383
-2901
230
-8792
-3742
9794
2538
817
-1007
-184
7037
4056
-9044
5641
8023
-6721
8153
-5932
-9825
-6051
-7582
6670
-525
326
-6676
-6061
8762
-9513
2639
-2839
-8197
-1614
6862
4605
8250
6716
-3152
-3243
-9400
6587
6456
1798
267
-9201
7779
3265
3945
-4531
2595
7946
46
-3427
1403
-5810
-3071
2892
-3929
5069
5449
8655
-8828
-6395
6729
1700
4237
2402
-6503
-3836
7367
-2259
6351
3851
6894
-5046
5677
-7791
3492
5352
-7585
388
5420
-6623
-8390
8627
4991
4852
-2576
7108
7657
6812
-149
6608
-3525
2734
5641
1600
-4094
-1953
-509
1540
-5707
-2613
-331
9310
1491
9224
-712
-8489
-327
-2197
-3009
-91
5075
-4140
