-4073
-2727
7777
-382
5054
-3281
6726
6769
8825
-6444
-2501
-6999
8985
-5030
-1478
-2405
-8914
9559
3839
-2335
-5339
-4998
-7408
4093
544
2370
4727
-7030
1758
-4054
-4437
5106
-2099
9933
2071
-6021
-1142
-8906
7005
4364
-5622
-1574
-9321
5159
6647
-5583
8747
-7687
4651
747
-3207
-277
3723
3382
1796
9386
-7459
-1907
-7317
-7378
-2693
-5310
-1500
-4296
-3876
-9764
7591
7877
-4857
-9706
-9124
5109
-9506
-9274
4707
-2452
-6338
3994
-3455
-9770
-5379
-6658
-8358
3364
7896
1180
-3466
5170
-6012
-1468
-5365
4814
967
-6362
-6732
-1349
-7171
-5783
1605
9613
-4402
-2636
-9123
-7393
5352
-9867
-1429
-2069
-818
8359
3440
-9815
1625
5009
-66
7590
5522
-8732
-108
8674
-7356
-3702
-1653
-4031
-965
-1058
-8765
-9093
-4275
-3570
2366
-8641
-441
6834
-171
8744
-1422
2341
-9475
-3608
9196
9673
4998
-8072
5589
-9039
-991
7728
-4330
-7404
7692
364
6789
3038
5775
-8885
5149
-5028
-3763
7794
7811
5001
6141
-6993
-4850
33
6186
4051
9892
1505
6329
-141
-4415
-5755
-7659
329
-9563
-2694
-8795
-4469
-1098
-2683
2091
3956
6341
3495
-4909
-246
-9077
-4123
-8715
898
-2755
-4976
817
7474
-1774
626
3881
2283
-4589
7344
6951
-8676
-697
679
-6905
-5385
2600
-1729
9329
-8557
6258
-6015
2600
-7059
3844
4062
239
-1020
1597
5565
-6811
1409
932
-5394
-9485
9658
-5147
5137
-7089
8499
-1756
-6319
-6584
387
7200
4536
6071
9575
-9196
1716
6113
-8607
1373
3267
8633
-6039
-7592
8364
1657
-8373
9899
-2985
-4266
-2903
6078
-9527
3382
1642
-6597
-2164
3984
1142
-5325
5043
-5085
-4957
-8084
5621
8678
1454
-4914
-8071
-8464
5340
8580
5504
-1979
-7031
1006
5264
-9221
-7268
-9395
8133
-3245
-5693
1806
9999
-1016
5487
-9236
2444
-6476
7228
-6603
-1702
288
17
-1935
-2095
5245
4349
-2471
-4757
-9093
5670
-1668
-5479
-2136
-9319
-9149
-6218
-1887
-7779
5584
936
-6871
9868
7753
-9730
-4312
-1657
9216
-3108
2314
-7048
-5948
-8572
8977
-4020
5450
6021
-9263
-7022
-1226
-5132
4300
-186
3440
7826
-7046
5150
-9960
2779
2366
-5545
9871
6533
-6853
-5308
-2383
-5005
6032
-550
5870
-9332
3553
-746
-9415
2428
2314
-1029
-6797
-3877
273
-6150
3078
-3455
-5259
-3055
8222
3882
9553
5364
-8580
-8778
-5437
-7394
-3174
5931
4633
-1939
685
4609
-5048
4120
-3542
9041
-6681
-6227
9204
8429
7963
5709
-5392
94
5024
1047
734
-7776
662
-7868
-5808
1933
-74
-6306
-2895
-2510
5215
-5135
8529
-9739
6633
6572
8927
-8702
2556
3791
-7141
9202
5622
-7401
6728
8152
-2466
7079
9056
-9439
-5777
-3440
-4106
-9939
-3732
-2214
-8212
-5070
8347
-692
-36
7617
-4280
-2030
1229
-9857
1801
2504
4029
6206
-6718
-6515
-300
-1431
-734
569
2455
1053
9941
8564
1524
585
-7229
-6478
-5231
8029
3005
-8000
4779
-8423
-2478
5888
-3886
2506
1562
-4371
-3449
9915
-2373
-5648
-7940
-6020
6491
6409
5709
4509
8580
3000
-4637
7026
-9633
-1862
-6499
-8689
-1552
-440
1294
-8342
9805
-954
-1860
-9001
4599
5522
-7344
-6025
3065
1726
5071
-235
6722
-3707
-6917
-6324
-1220
-3941
7841
4619
9887
6784
780
-9078
-7072
750
-9085
3328
4691
-6894
9008
-2719
-2812
1226
8229
-35
6383
-368
8728
7036
8490
8734
2191
4984
5944
-504
4996
1461
-6588
4579
9281
-3101
6549
7773
8558
-5607
1372
-8083
8374
9470
1563
-311
-8302
-1780
-3443
3978
-8642
3677
-7862
7660
3307
-5480
-2795
-3731
2012
-243
-9327
3532
1731
3386
7015
-6000
-1183
-6406
-6567
-8866
-5085
306
-2134
5405
7513
5014
-850
-9985
9546
-4459
-7308
-6537
-8031
8617
-1809
-7749
-4217
707
-7346
-4751
4375
4109
5214
-7036
-5293
-7223
764
5228
-1925
-107
7836
-2898
-9920
-5363
8690
5608
4217
7405
-3602
-7331
2084
3825
-8654
-8494
9491
3676
3920
483
-3224
8378
-7672
-9264
-3248
-4008
-59
-9602
-111
1465
-4153
-7135
-3680
6305
4451
8617
-1260
-9768
5917
-9986
4298
2946
2444
-3735
855
1537
-2165
8932
1833
-9673
6249
8451
-7084
5320
-5486
2452
8811
-7956
6342
7929
-9705
-8580
6866
2402
-7230
-8732
-7287
-4488
3979
4250
5345
9019
-4517
-51
-9815
-4346
-6385
-1066
7698
-1550
-4499
-317
-3564
-4720
1163
2100
-8335
-3007
-8132
6634
7220
-4657
-7937
-3841
9659
9246
-8327
-1559
2020
-3135
4068
-1847
-7812
9922
1265
-7266
6722
-5450
3490
7728
3189
3351
-8503
-2724
-8001
-3452
-403
5740
223
3766
-3750
-6389
3226
-5579
-3631
-1415
8796
-9262
-3294
-2021
4700
5031
9792
-6456
-5116
-7760
8840
-7387
-3022
-8418
6016
-3890
3720
-3632
1814
-8906
-5215
-4710
-2870
721
4027
8433
-7564
-9833
5169
-369
-5287
-3870
5251
-3182
-7465
-3697
4861
-1563
3947
6371
-9902
-344
8639
-6231
-3328
-131
2355
-1950
-338
1769
9618
-5854
90
6735
4177
7889
5685
3926
-2503
-2968
8681
-9860
5737
-8499
-4313
-7280
-3179
4687
-2467
-9811
9128
-986
-4751
-381
6818
9395
-5879
-1616
8100
3306
3616
2880
-9011
-7075
-7083
-1452
-7908
7194
8983
4468
-599
9013
3588
9274
-2544
4191
-8554
8635
3972
6178
3518
-5231
-2436
-3966
7278
-6708
-2495
-5441
2558
8547
6554
1945
4895
-735
1070
-4809
6330
-9348
-6011
7249
364
1579
5377
-6192
5952
5009
3353
4498
-130
-4127
-241
-5887
9422
-5382
7850
-5145
4521
465
9412
2878
5771
-2761
8080
-4052
3034
-4090
7643
572
7237
8431
-9329
5265
-1844
9740
-4203
2932
1110
-5957
5212
-501
4453
-9794
7605
9224
5814
-2334
-6804
8177
6722
-3636
-6318
-3735
7171
-667
-324
-9803
8589
-6082
-7753
-3343
9960
2519
-2521
-3136
-1152
-5782
-8055
-1033
9021
2173
36
-6827
-6902
-7507
-6494
-7465
8889
-7343
-6410
-9126
-6625
-3168
1871
2091
6303
-3353
-6565
6217
9245
-3041
-2454
-3319
-4537
-6309
1507
5106
-976
-8210
4017
-7701
834
-5592
-7900
5103
1225
-8567
-2540
-8469
-4974
1729
8658
-4774
-5123
8297
3570
-2875
-6414
-4978
5344
2379
5592
5764
4541
-3305
1422
-4894
3274
-8777
8481
-7742
6080
4960
1687
5338
1405
3467
-8954
-1995
-5607
-6354
727
-2756
7579
2475
4657
-3145
4746
-9100
-3227
-1387
237
3108
7986
5739
-923
7028
9805
2300
6194
6183
74
-4342
5816
-1223
-8038
-837
-4687
1043
-8943
-6282
5665
-7237
842
-8644
1901
-7426
5005
-485
-8598
9491
-2088
-6233
6236
5626
6081
-6317
559
8844
960
-685
2224
7912
-1609
-765
-3198
-3093
-9713
9305
-259
-744
4810
-7412
-6015
-4723
-8897
-4727
9157
-1487
4715
-4715
8720
9699
-2909
-6934
1876
-9586
-5524
1490
8457
-584
6611
1264
-4739
-4079
6772
4757
-2783
-313
5245
1893
1645
8888
8235
8018
6359
3638
-7433
2029
5196
5007
509
363
3326
-7421
1394
9997
-8028
3999
8173
9300
-6585
286
4635
4006
7025
1366
-9487
-136
5831
1374
-3569
-2295
-2643
-5328
-1596
-8147
4644
2596
-4366
9183
467
-6867
5446
2866
6087
-3505
-6323
6323
3838
-2523
-8712
-9716
-5949
9780
-4594
-7789
-4424
6584
-3369
-7609
-8706
-9183
-963
-3256
7340
9293
-4005
-9708
-5607
6479
-821
8016
8459
-1803
-197
486
-1484
-3722
-2152
-569
3636
7681
-7063
6600
7337
-8595
-172
-723
-9766
8898
7981
123
1647
5173
7925
-76
-7830
6587
5785
9518
-8299
9959
4498
7121
7116
-9707
361
188
2418
-5194
3346
-1847
5741
2029
-1012
5953
-3192
5375
-3963
-7083
-4647
7634
-6639
-2047
-8000
-5438
2704
3689
6967
-82
-319
5790
-1637
-6496
-8462
-1609
-913
2278
9845
-9663
1329
-2424
2846
-1146
-2881
8876
3245
3659
-9351
523
826
8608
4070
2247
65
6859
1064
-9530
-2039
3543
-1010
3850
4688
-1073
-3657
-8580
-6813
2387
3480
4790
8513
9788
4951
-3653
-8993
-658
-2562
-3095
-9170
-6054
7471
7638
-8676
-5006
-1553
-2592
-3995
-4629
2183
8630
3070
-7192
-1376
-3238
7645
-1323
-745
8188
9755
-7969
-8037
-2675
7586
8052
9802
-3550
9382
-6774
-5119
-2822
5903
4752
4475
3845
-1444
-3464
1676
-8088
3958
-5523
9189
1963
-5479
9611
-2413
-4741
-3328
5994
-2438
2996
2222
-4783
-5407
5451
-2821
859
4939
1710
9427
9124
6786
3129
6202
4590
1785
3903
-2878
-5623
-8350
2515
-4779
-7193
8479
3905
2269
-4349
4886
-560
2596
-9100
-4997
-7058
9146
9340
-8615
-4187
-5433
-1186
-9986
-7036
-9709
2332
-2286
-5932
-2898
-9374
2149
-8212
571
-1947
2311
-3017
-5746
8574
2706
-6307
-9297
5811
-1278
-8475
-2410
-2141
-3515
-2359
8792
8547
6933
9141
1145
8989
611
2248
6784
9588
4795
-264
-8261
8644
-9249
-4326
2877
8096
1527
-7975
4831
9289
7833
3229
8965
4000
-1284
1565
-2595
5172
9846
-3207
5211
-3775
-7426
6562
-2048
421
-6675
-3080
2475
-1162
-4252
-2487
-9217
1245
4407
308
-4824
-5216
6322
6755
-4741
2764
-8880
6582
3649
7074
8895
2202
-5987
-9867
-2980
-699
6334
7906
-1510
551
7080
3813
1962
-8147
1431
4591
9990
2295
-6710
-4474
247
6939
735
1317
7513
7081
5177
1442
2359
-3416
-9795
-573
-9520
-3768
-863
9263
-7545
-7248
-1189
-4798
9862
-1992
-6902
1289
7707
-4157
8038
-6845
-1720
3761
-5114
5905
4729
539
-611
-8364
-9443
-1935
-2912
9521
1253
-8190
6924
726
1372
-8760
-2868
4548
2265
779
6538
2424
-6167
-4780
-3506
-5634
-234
-2011
1084
-1241
-4857
5416
3580
3197
4051
-3139
-2016
4855
7871
-8692
8438
8717
1194
-9762
-2352
4662
1680
-1437
-6958
3789
-450
4721
8759
-1661
-4041
7973
-3084
-7223
-1659
7412
-310
-7346
-6739
-6134
7436
2748
9580
9994
-6524
-9234
-2730
-8623
9351
4399
4775
9228
-5092
6891
-773
-115
-73
8827
6770
-1185
-2552
-1289
5780
-3203
-4108
-2582
-6721
9637
6616
-9977
-6383
-6455
657
-5975
2062
-5856
9756
2671
-8315
-6539
9280
9555
9822
-1026
8105
-5464
-3109
-4095
6461
9278
4382
3356
7244
-4740
-8288
-9025
-7034
-2375
89
-7212
-8196
5534
8845
164
-4910
2482
4529
-334
9509
-4480
-8812
-1724
4506
-6629
-2961
-1091
9588
8470
9642
8969
-8916
8176
-7182
-6754
-9971
6579
373
-760
4946
3319
-1639
-9502
9840
7696
1516
4311
-8231
8515
-2017
-4947
6208
7438
-116
7612
6186
-5107
-6463
-3588
-4460
-6299
-6043
1699
9524
6041
-2503
-6712
-7604
8700
-2015
7020
-3492
-6314
5097
-2907
-5572
-1327
241
3979
-1117
7664
-7138
4039
-4979
-9428
7574
-8799
8281
3238
3711
6622
459
2065
-177
-9610
8639
-9807
-8191
-5932
-1081
-204
-5248
9225
5347
2606
-5696
-5409
5475
-48
8330
6346
-2582
7295
-2980
-5888
3837
8031
-2642
8154
-4024
3642
-4402
-8938
-5788
-2268
6997
-4732
5662
-6299
-7859
-4968
-2951
-5494
-991
1059
-4670
-740
5447
7869
4400
-8872
-2756
7997
-3379
4776
9999
-5191
9723
9339
8925
4380
674
-757
-6658
-8065
-13
9573
-4759
-4574
9545
-2952
5715
7293
9109
6764
5939
7493
-829
1764
6458
-3428
1494
2915
4977
-3322
-302
5724
3765
-4859
-7095
9217
-5127
5560
-2569
-1444
-7068
-5801
-5774
-5991
-5392
-9617
3265
-6172
-1133
218
1608
-1184
-7659
-9674
-2104
9144
2445
-4798
5818
7164
-5594
-9899
3543
7026
-4605
-7494
8735
-3161
-2008
2323
-2674
-1326
-1049
-2255
3931
6718
-3894
-1316
4157
-5422
5031
5281
4700
-3466
-5384
9920
-9059
-2594
3316
5143
-8686
3555
1495
2682
-3212
5450
1634
-5957
-432
-9294
7762
7475
6735
-8498
3117
-5213
896
4096
-1683
-2774
314
2516
-5044
-2661
-7097
3124
-7071
6808
8570
6165
-1389
-3354
-9100
8769
-8123
-9380
8463
-7388
962
1057
-3257
6375
-4923
-3819
3753
-6051
-3692
3723
4134
-369
1835
-5560
3627
-968
5839
3956
3982
7707
-3816
9197
-2633
2170
-6476
5142
-2668
9267
6849
4551
-92
3438
8744
5213
9668
-9508
2275
6070
9595
3831
-1870
8963
-3285
9233
3295
-5784
-6389
2217
-4255
6998
-1350
-3239
2238
-271
-392
-4132
-2408
-3258
5366
7718
6007
-1574
7512
-9689
-4189
-2586
1659
-2036
9569
9378
-7846
9669
3862
8453
399
299
-4823
584
8897
-4063
-2874
-8100
792
-5215
-1116
-9333
-3733
-6200
6934
6727
6207
-5165
1337
-8338
-8501
-92
3799
3127
-7908
3717
-1762
3616
5298
3581
1343
8636
-7647
7240
-7077
-2223
1534
8596
4684
-5507
-4001
-3654
2869
8645
-2332
1132
3651
-1078
-7491
-3548
4688
288
-3430
-7176
6992
-1485
-1302
1571
-2605
2286
-8172
529
-4556
9002
-2469
-439
4833
8995
5428
-6106
3314
1173
9318
2711
-765
110
8827
-7018
7365
-7154
93
6018
4793
-5698
412
-7409
-3163
2506
-7278
-601
319
-6942
2142
751
4002
4628
-3597
6784
-3779
-363
5132
-6139
5275
-9017
-6277
-2777
9481
-9419
-9455
-8903
-4386
7151
-5361
-346
-5978
-4252
-743
-2701
-828
-2580
-1556
-1078
-1026
-8396
1958
-848
-9988
6795
-5605
5165
-4981
2651
8846
6585
-7815
-9937
7427
-9117
10000
1999
-410
9302
5823
3684
-2390
-6999
-6622
-3299
8896
-9165
2077
8880
7445
698
8277
4534
-4927
-2462
9304
-8636
-5989
-7463
3022
-8087
703
-2552
-545
-103
-7853
-5146
9344
-3055
-8776
9446
-5320
-1240
-1730
585
-9269
-5501
-4770
8572
2053
8308
-3214
-6193
-1654
2147
1259
-9587
-7443
6897
-3552
-5412
9947
-871
7457
-9816
-6900
-5197
-1520
-1683
-2139
967
-586
-8906
3225
1261
-9577
-1412
4653
6297
2314
9597
7972
9943
4427
-3969
334
5407
-3827
8353
-6700
-1425
5282
-7695
9747
1213
2052
9833
-1128
-5035
-287
-1112
4089
-4376
1362
8181
-967
-3802
-566
9807
3388
7756
2992
-9053
-6431
-8534
-7373
-1887
8000
-2523
-5848
-1935
-4805
8775
-3254
-2527
7893
-7190
-4460
-6890
-3924
-1158
338
5707
-5419
-1995
-5322
3806
-4605
611
1465
-1610
-1321
-2982
4506
5170
4989
-888
130
6707
1196
8887
-9428
332
-8192
2813
2909
-178
9287
-1473
6111
-3125
-6375
-5532
3579
8273
-8826
-7823
8360
-5063
-808
9615
-9697
9316
8835
-1562
-7516
1562
-2672
-1925
4824
9673
-9618
-2081
2479
917
2982
-8164
5640
6828
7827
-7388
-2714
-9731
-1924
-4184
-730
-1149
-1125
-8910
-4308
9891
-2108
144
3371
9142
-9478
-125
-2050
-8213
-6505
5749
-3636
6400
-2211
4623
-8366
2494
4044
-9246
-2538
-6626
9348
9333
5279
9326
4888
3195
8274
2349
2518
-5177
4187
-3552
-4619
-8128
6397
-1979
-4095
7790
-3923
-6365
-7745
-8156
-7560
3337
-4840
-2049
2758
-208
4773
6579
5744
568
1365
5126
3341
-1379
6085
6880
6273
-3039
-9411
-4036
-7478
2175
7132
-8113
3768
6660
-2195
-3235
1644
-7309
-5898
9958
1844
4185
-9433
1133
3618
-8322
9208
-3269
-4059
-2440
-1162
-9448
-5469
-1406
7712
6325
-5618
5174
3602
-794
2274
-9095
-8685
6667
8472
352
9257
-7158
-4269
-219
2911
5296
-9812
-3673
5580
9973
8543
-1
-5877
-2157
3876
3185
-7083
3798
-506
338
-4468
2122
3009
-6240
-6040
-4343
-5288
4994
320
2587
4914
8624
5815
7739
3904
3792
-2151
2388
-5660
-3465
7899
-2578
-6404
3041
2926
1839
5705
-9960
9479
8589
2109
-9102
248
1927
-2785
-8276
1141
-1277
-6506
2889
-6499
6252
5107
5102
2687
-7373
924
3401
8662
8683
9014
965
1394
7341
6307
3087
-4144
-9698
5078
66
127
1
-5740
8355
-9562
-6668
1406
7235
-879
-7304
-4873
-7331
1089
-9537
-6959
3797
-2132
-3221
2573
-2840
5472
5171
1369
-1454
1198
-1594
6073
1197
-4325
1194
-5692
7288
4040
-9232
-4748
7885
-94
4565
-3527
-8921
3010
4751
5942
1229
8690
5347
-831
2092
6932
-8528
357
9349
-1138
6043
5639
763
-5751
1355
513
-3662
-914
537
-5382
7651
-9310
-2219
1427
1197
4299
4877
-3077
-6299
8688
-664
-8833
-8944
-1849
-2988
-9706
1135
-1336
9441
-8447
-7378
-8477
4750
-6257
-2137
-2842
8759
4542
-3270
7631
7089
5245
8124
-9554
2146
1001
2975
-9055
-4231
-5277
-3435
-7390
-2406
-9046
-4609
-5238
585
-5284
8588
7965
3263
1899
-9307
-6670
6770
123
-9851
3060
-7886
-9306
5886
-2170
-1040
-5268
-3750
7994
-798
7123
5990
-620
-7019
-2245
-898
-2770
-2501
5520
5257
3083
-3208
8775
-2693
-3265
-5234
-8510
-835
-5133
-7332
1268
2527
4234
-3756
-5906
-4063
5418
109
6136
-5828
-7457
4556
1480
8867
4690
2960
4053
-9621
-5608
-4251
8059
5755
138
-7248
-6795
3535
-7764
5015
865
-3007
-1116
8228
3455
-9864
-2552
-5201
-5960
-9861
5985
3900
9807
7512
-6849
-8095
-5688
8651
9437
1936
2314
5341
-6883
-9667
-3964
-1342
-1127
-2722
-2434
8905
3249
-4141
4993
-1213
-469
9107
-1987
-8434
179
-287
7574
4700
9721
1656
-2819
7985
-1039
4803
896
1498
-1585
-9914
-2228
-6488
8386
314
-2682
-5745
-9771
4076
-6770
-5582
-7146
-9427
6311
-1312
8608
293
-2257
-3310
-287
-4211
7709
-5918
-525
-1187
-4162
-6240
-885
589
4159
2253
-2589
-1217
-8936
-5499
7723
6047
2896
26
7379
2627
8659
-9540
3609
7353
-5267
9393
1262
-8074
-8182
-463
7941
8062
6349
5898
-4582
-7703
4152
7860
-6084
-7529
2053
7393
-9055
-5019
-1438
7928
3779
-8036
-169
8149
-7852
4100
8597
-4541
-7410
1887
20
9072
7395
9299
-1224
-2857
-6565
-1940
-3588
-3816
-9686
99
7411
6710
-8037
-8985
-3606
-3983
4389
4168
-3097
4809
-192
-2418
-9951
-9571
2873
-1882
-9226
-9386
2875
6028
3937
-476
-7381
5303
411
6917
-161
-2866
-2839
8449
2337
-174
-7058
-4230
-4383
-403
3679
9669
3671
-5775
-993
-8581
-3605
4673
-7540
488
-5245
-2847
-112
4302
8030
5745
-7912
-5800
-8274
3535
-5815
-3016
-8823
-2539
-7582
9318
-2369
-9107
-9757
-5374
5942
-5843
-5982
-2638
-4806
-1703
8912
4086
-6774
9186
-4146
4686
338
-7396
8991
1243
-1645
4904
-3640
-6183
-3792
-181
2958
-2644
-9263
-4366
6631
8689
-4242
7293
8593
-6946
-9841
8277
-6874
-6531
7987
7294
-7885
-7915
6712
-2171
7092
-5303
584
3950
2586
-8669
8690
1588
4885
6734
-2694
-8340
5715
-5340
-6145
2623
8616
1188
-3433
-7489
-3086
4816
-1105
-9883
5124
-496
-8367
6574
9688
-7609
-7209
404
8350
4917
-781
-1515
5684
674
2306
-786
-761
9805
-4717
-4740
-4908
-279
-9059
-8864
9463
-5992
4049
-5425
-5523
-54
3648
-1237
-9983
5139
4522
-9604
-3091
-9492
-9124
-7191
-4557
8443
3161
-5557
2892
-343
4694
248
4209
8765
-5303
-242
-2601
-1546
1497
0
-3842
-431
3926
-7580
5602
7077
-2642
-156
5825
-1827
-831
-2360
622
-2240
-2745
3373
6518
-4770
9686
-8450
-3077
-4850
-5728
336
6016
-8923
-3832
6661
-2013
-9828
-3742
1983
-1507
-9139
6623
7149
-8572
4677
9385
6105
-999
-3957
5859
1333
1870
6528
3521
8850
-2739
-3575
6286
-7738
3856
7321
3579
-5272
-2854
5695
1795
4494
5737
9579
-9253
3367
-3777
761
218
-5920
-2194
-8333
-5083
-9471
-8085
-6088
-3879
6452
-2543
3847
-2061
6720
-1763
3583
3259
9707
5410
-8373
7221
-8463
-215
2429
-9518
-5998
-88
1204
-474
-8113
-1351
-5412
-568
6593
9802
-8677
4737
5776
6683
-1157
9670
-8606
1902
-9057
9900
-2987
-4266
3314
6815
-4670
-9536
98
577
8279
1289
6774
9580
3742
-4742
-8130
2964
5155
-7479
-6451
4978
5717
9594
5838
-3405
-9643
1276
4373
-8678
-4855
-8995
8914
-9127
-6562
-5046
4053
6002
4333
9108
8493
8393
2129
-3274
7090
7220
9477
-7071
9982
-7322
-4771
-6651
-3027
-5368
9880
8096
-7956
986
4678
9060
-5908
-1308
7359
3037
-6839
6155
-5910
-4793
4112
-8687
8723
-1788
-4526
366
-7499
-794
-8733
5972
2316
7995
4151
-440
-2184
-2494
3211
-8374
8871
4668
9851
553
-3532
-7711
-6488
-2632
-7378
-6793
7916
-8761
-8007
-5811
5634
518
2134
4824
-3962
-2979
-4722
-132
-6220
-3716
-3613
-4122
-8396
4925
-5719
-3722
4191
-2712
-7566
-6446
-7684
8699
7748
1733
-98
-1530
-5755
9651
7160
2666
8792
7302
1212
-655
7828
9157
563
3162
-632
1600
9212
-1621
8309
8994
-672
6869
-4570
6264
-9974
6473
-1838
-194
-6699
5623
5457
5612
-7634
5744
4029
-6570
1457
-1334
6025
4673
26
-4406
3906
-9058
-5681
-133
-8447
-6093
-7606
596
-3287
7446
2894
-6051
5700
6256
1269
8265
-4262
7059
-4514
-1427
86
-573
-2128
2340
6850
-2407
-642
-8956
6894
-1848
6964
8009
4430
9151
-9508
774
-1981
-3576
1094
451
7613
4348
5120
2541
-3090
-513
5439
-4054
-5351
-3963
5001
-4579
8373
-1549
-9861
7843
-8453
-6816
-4149
8881
3715
6940
6226
-8579
5094
6725
779
-8217
1093
-7123
6669
4938
-6625
-5741
-3597
5097
2020
6284
985
-4953
9693
8481
-1414
-2904
1053
7436
740
5443
7769
9280
753
586
1136
2597
548
7868
506
8254
6815
3026
6463
-6401
3948
4618
-97
6198
9261
-8160
-2545
-142
-9534
-5250
-9455
-2900
4307
-6791
6463
2085
-8598
-534
-2736
7806
2621
-6495
6291
-5952
-4891
-618
-8980
-4580
-4156
3117
4499
1076
-7526
4157
-1070
5511
-5642
-4923
-7335
4797
-2359
-4048
9616
7474
8592
-7954
4836
6332
4731
351
-7064
-4695
-6500
-5193
-621
-2316
5041
-9440
-3313
-6210
-7700
8351
2582
-3814
-6949
-3530
-6983
2717
-9187
-4932
-379
8329
-7605
-5516
-7493
-6188
-1914
-9881
7489
-9507
2456
8085
3647
-1172
-8498
1358
7606
1625
1311
1487
9987
4233
6783
-3722
1317
6960
-9878
-706
2355
7488
-8703
-7819
-4828
2679
-7276
2751
1464
8526
-7650
1601
-4972
-6520
-4643
-5042
-8869
7203
-143
5187
-5650
5223
-3071
-9294
-5882
5027
-5150
-1981
5932
3156
-1126
7435
9445
-9400
9868
528
3322
-9177
5231
-3965
-3167
-9220
4590
-367
4742
-7069
-1784
4967
3548
-5709
-829
-5913
4334
9082
-4659
4657
-3773
3826
-5427
4223
-2441
-1189
-5098
-4531
-2005
-716
1447
-6920
-5486
-2805
7583
-5049
-694
-3322
6895
2585
8821
6847
-9038
5476
4764
3881
-4463
-8202
4784
9905
3381
-6205
7107
-9672
-8684
-289
6158
3050
-5356
-1848
2171
3847
6921
5891
-3116
-63
6158
-4113
6406
-617
-8373
1796
-8097
-1597
-6152
-4422
-6369
6179
-3804
-7057
-3227
-4345
-146
-4455
9065
-9024
3389
-6085
-7962
-2501
8839
1127
911
9540
3701
-8971
227
-240
-9463
5845
-6535
2319
4045
5254
9992
-7441
-758
2373
8506
591
2515
-6736
-8771
8204
8649
6573
780
-1380
9333
7054
-189
-761
5583
6414
-7119
-6335
-9508
4548
-9277
-4763
9015
3363
-6866
4575
-2688
-9908
-2056
33
-713
9247
-1830
-6094
1293
9770
-1958
6081
9394
-1804
-5283
5432
2742
8554
6486
-5741
-378
-921
4163
-4813
-3113
9191
5251
-9051
3440
-7493
-442
4210
5142
5701
-8551
4343
7029
2797
2312
8227
-800
-7764
2231
6497
7832
-1447
-366
5119
-8551
5756
-1763
9401
-3846
9307
6138
-4149
2819
-1673
2138
7460
-7220
5278
7582
-9701
9797
4393
-4100
-3458
-520
-2769
8293
-7687
8139
1167
2523
9176
-2937
-9599
-1161
-1384
2510
-4495
-659
3738
-4712
3439
-9992
-6964
9782
-8607
-2719
4543
-5888
4606
-612
-5662
8922
-3734
5939
-4629
-5561
-2515
-8729
-6288
-3326
-5498
8300
-3108
-3437
-6996
6508
7915
-766
9869
-2881
-9020
-674
-5944
8391
1324
3450
-2577
-6382
-3253
-1060
-6996
9368
4287
-9220
6691
-8290
1084
-1667
-4799
2923
5384
3734
-2671
-7267
3395
-5331
7923
-7813
-1951
-4382
9509
-7893
-7723
4964
2219
2462
8177
4515
-9616
3297
8715
-4049
-9754
-6069
1295
5943
2067
-6024
-4374
2961
189
3381
-7048
-3663
-2290
-1009
5579
9415
-8281
-3851
-8453
-5892
-10
635
9209
48
5672
3324
-5727
-7146
7430
7594
-5882
6485
9200
-1286
-7951
5167
3191
-6861
6028
3291
444
-6427
3340
-5466
-7019
-7803
-4541
-6553
-5391
-3036
-9956
-2244
2347
-4216
-5033
-9031
-2693
4679
5126
7829
-3188
1823
-2861
-2151
-1534
5664
2487
-5939
1259
4507
-2389
352
-448
-1882
-6712
-3309
9635
-8128
5102
-5416
4234
-7606
-4254
-6626
7568
-4915
7324
7677
1838
-6261
-1875
4404
-6633
-7600
-8378
-3627
4907
6060
-1884
-8690
977
-988
6041
411
6776
4553
4102
860
756
8808
-7372
-9387
-5014
2296
-5365
9241
-3677
9461
4625
4804
-715
-2689
5521
834
220
-4644
899
-1953
-7920
6767
7466
-412
2606
5060
6714
151
-8348
-5599
-8847
4465
-9289
-3371
3054
-4334
-6991
-5397
-4660
4583
-7919
-118
-9537
-1658
-9110
4449
7627
-4001
3528
-5168
-895
-3003
-3430
1580
-1970
-7103
-5427
7043
6952
1113
-619
7161
-1567
1751
-9343
4069
-2329
-7354
-5091
2387
-9455
7029
8491
-5123
-5836
-5408
4285
550
8617
-9303
4930
-2333
9164
1287
6555
-3470
-8167
2651
5673
4423
1719
-3476
9923
7707
-2651
-3039
-4555
-6445
355
-6970
-7322
-6870
6261
-9146
2401
3775
-9692
-5583
7750
2584
-5861
4180
2999
4323
3143
4080
-3440
-6262
6013
-3319
5948
7743
5376
-2773
-9448
7807
1356
9657
-8646
-2725
9720
-9023
2364
2929
-3070
-6158
-7776
1707
5775
8031
2156
7835
-172
8648
-8096
-3935
2
-1869
-8421
5918
-2903
-2282
-9421
7862
-350
9789
-7868
-8470
6409
237
-6628
-2562
-6685
6601
4436
-1704
-3465
-284
1037
-5809
7291
8052
-110
6111
6055
9818
3044
-6772
-4300
1776
224
-1050
-7025
8631
6293
-3249
-5600
-6112
-1758
7655
-4340
7659
-2768
-129
4841
5187
-665
-8693
1826
-6896
581
-7381
-704
-4405
18
-4307
649
7981
-9043
4334
8194
-8807
1147
-4296
-4164
-5310
-8260
-3451
-801
4947
7030
1211
8631
-9867
8999
-189
-5925
-834
6544
3681
-919
8281
-584
-1262
-8030
-329
2144
-2203
-3167
3760
-7399
3586
1406
5013
3039
1132
-9956
4312
-300
-3989
2209
6763
7442
-9369
177
-5851
5872
3074
7773
-4838
-3302
-1852
5324
-9747
3901
-3767
-2065
-7996
-5018
182
4990
-1645
9827
3456
59
-6128
-2568
5528
-6198
-1699
7756
9513
4361
2073
-6072
-8011
-8108
-4782
1225
-6120
-4630
396
7613
-5437
7695
-3126
621
-1778
5625
7792
-4654
2656
-2219
9684
4064
2183
5037
-3988
4518
2687
5618
-8593
1478
-507
9156
-3515
3949
-8199
3004
8589
5982
5740
2964
-869
-2634
-3816
-9849
3046
-9006
-276
-1555
779
-6208
-9273
-9081
4199
-7515
3881
-1141
-5617
-754
8429
1792
9125
-4556
9879
9476
-1829
-7795
5959
8018
8063
4721
988
-1576
-869
-8971
8542
5738
-2290
-8781
-1157
-7272
-6183
8309
1447
144
-5483
-998
8465
-1511
9080
9577
-3989
-5980
9278
-1745
-1961
-3168
8488
3242
6716
4292
7987
-537
9387
2360
6759
8600
-7492
6275
-2020
4766
-5031
-3733
-638
270
1302
5177
3277
8619
-4095
-1903
4850
-1676
2437
-7730
-3183
-1635
9846
4175
-6322
-1664
6730
-6046
3011
-6018
-4439
1871
4467
-8318
-8292
-7303
6615
3114
2183
-6091
8522
9299
-8391
2954
-9369
1257
9102
2653
9510
-5099
940
-2566
-9603
-3012
-3387
-7975
-9461
-1893
5774
8630
-8198
-2053
-803
3532
2302
-4092
4647
5499
9117
-9418
7304
-8555
886
-891
4798
675
599
1166
-5765
-4169
-8160
-5970
-1038
8371
-4693
-4999
4561
-2514
4735
6415
-2264
-2133
-1246
-3470
-6473
-4753
-659
5181
602
-1744
-2013
-1948
9935
9201
-5918
-7139
1984
-2734
1663
-9059
7753
6653
7509
-8557
-4277
2255
8677
1380
-4778
-134
-7585
1902
-2373
-7019
3509
-7188
-7276
7337
3077
1843
-6612
3045
6058
-1705
4517
-1643
-5130
-422
-8615
-1464
3976
1271
3401
3398
-4054
3934
8270
-5576
7710
-8151
-2152
-4521
-8774
-8670
8812
7806
768
3130
4244
-6692
879
4890
1866
-2669
-9230
6956
7424
-4289
9999
9964
8334
-1399
-7460
6874
-4062
-7186
4486
8155
4432
6493
-4233
9638
-2738
-8071
-653
8957
1461
-4290
1198
7921
-8344
-7008
-4168
4929
827
-1105
-7962
5647
-6737
1264
-4181
1782
-3805
-3268
-942
-870
-9715
-6760
795
8468
-1508
-9146
8136
2690
9133
-4145
193
-9148
-1118
6830
-2182
-2053
5031
-5311
2612
-8457
1436
-2031
-1277
9932
-3271
6900
-7624
-9515
-9144
9601
788
5642
-5055
-1579
9374
-5687
682
3792
-6211
-1290
-3434
-6736
-6636
-6803
6445
-120
-4773
1403
-7015
-7894
-6000
9184
-6234
4395
-6151
-4066
-8620
-8506
6298
-230
1613
-2444
6051
3922
-5707
8738
6698
-3434
3023
1114
9529
-9305
3617
4322
-6376
-4430
8835
-8767
4018
-4558
-6498
-755
-4370
-4618
5811
-2935
-3353
5274
6746
7401
8575
-6769
4912
1121
8303
-3682
-9369
8302
7691
7778
-8924
5708
6149
8832
-1914
8211
-3471
4089
-5632
1404
4556
8239
-1632
-6870
7060
4451
-9649
2283
-4998
-3412
5097
8367
-3669
-9562
-3841
6166
2821
-4798
-4848
-5851
-5142
1783
-4419
-7588
3756
6142
-1875
5946
4311
1040
-6792
-6017
-6221
8508
-8232
4177
6216
6176
4963
748
-3227
-6554
-7932
-4964
-5105
1816
-9152
-6921
-773
4245
-7167
4799
-8728
3701
-2898
449
-8820
2796
3812
-9878
-4516
-9632
-2411
-6503
7544
7102
2312
103
2029
6339
7368
-377
-7806
3232
121
-2559
-6949
9
-5550
-9165
3746
-8358
-743
-1366
-264
3999
-9475
-9443
6109
-5719
736
897
6434
-95
413
1487
-566
-5540
-5046
9590
-2546
4225
7285
-2944
5933
5924
4754
-2059
-7145
-2470
5900
-2558
-1110
-7105
6947
-3288
3465
8605
-1930
7845
5529
-2927
496
6967
-1368
-5382
-5144
9581
7873
-5332
2958
8935
-8930
-3369
-1890
2630
-3028
8648
-6305
9161
68
-198
-7541
1170
2241
4765
-736
-9748
3468
-3976
-5854
-944
3134
268
9098
4938
-5044
-2724
-5589
-24
482
-7209
8189
8
-3990
-4121
-7497
-2484
253
-9627
-1143
2515
-6354
7370
3658
8227
-6058
-6828
-7402
-8770
-7411
197
6061
-1384
-9897
2732
5509
-7121
-4700
-8505
-6667
-8182
-8137
9257
1461
-3492
4580
-3795
2217
4757
-284
5562
9292
-5479
-2029
-9324
-6511
-775
-8674
280
5245
6847
-4151
5973
9212
7546
-1080
-110
-7827
7201
-5187
8746
1121
-7005
5059
-3610
-2626
-4239
-9153
2251
9685
1340
-8702
-9307
-8512
8417
1568
1184
9109
7739
4705
3251
2258
9322
-8602
-8796
1008
6047
-2539
-3501
6258
5350
-711
-3538
9969
-2371
-1371
-6683
7013
-3239
5966
-5561
2924
-2068
-7259
-5451
7538
-302
-1329
390
3455
-1032
7522
1552
-4197
-8204
-4281
3366
6013
-1684
5832
-560
3420
-4936
-9749
9667
-1126
7543
4736
3957
-8108
-9328
7390
-8573
4166
-2032
7528
-4218
-3132
-648
7433
-6620
2438
-144
-6938
-5298
1879
-4514
3024
-5021
-6225
-4208
2867
-8219
-357
7682
2981
-9992
1084
-5374
-8030
5007
5127
-1140
-9731
6769
-1209
4287
620
-2153
90
6705
657
9439
-1644
-4019
4920
4995
5204
-4600
-1043
3543
8158
-2304
-5005
-5867
-3465
-8988
-4032
3294
-9833
-7213
-3440
-1831
-1428
-4872
1568
3899
6213
3634
-7570
-6629
-8803
879
-1083
6117
5509
7167
4484
-8797
9253
-3960
-3472
-3830
8734
-302
560
-4458
1521
9927
1682
-9196
4087
-7026
-3385
-3206
-288
-4869
-3713
-1268
-9375
1428
5372
-5000
2504
8028
595
6297
8656
-6831
4118
6322
-5735
9789
-3020
-8811
-4435
6042
1241
-8022
8141
-4221
7623
-6123
6633
6037
6021
-1198
-5752
-8916
-9564
3138
-6657
-1124
1458
2338
-4807
-3674
-4972
3778
9341
-9449
1468
-3721
-7252
6691
-300
-5115
-9331
-8130
7573
-4044
498
-4468
-5710
629
-6609
-8683
8976
-9115
-5181
-1267
-1681
-1079
-3961
6924
8012
2807
8900
6413
995
7266
684
-2340
-1861
4250
9023
4101
9533
4875
1735
-7649
-1218
2721
-5936
3889
-4926
-4356
318
-1138
-9425
1470
5359
-8498
-7959
-5210
8887
-4643
709
-2595
-2634
-9420
-8024
1922
8342
4623
-7504
-8613
-5515
2621
-9868
4120
-4293
4950
6798
9214
6563
9553
-4979
4890
-3543
-7087
-828
4646
1519
5868
-1192
6175
-6670
9292
2547
-4374
-7157
-1987
3553
-5815
-3820
6698
-3511
6925
3331
-4142
-8415
-8216
3098
-3318
-6095
-1959
2358
3204
957
5292
1373
3397
9557
-6952
-3815
8436
6004
8081
-5452
-252
7245
-1185
436
-3573
-7522
6839
7324
-2840
-3002
1839
-8030
-9786
-6168
-9366
-3417
1259
-3724
3433
3059
-8367
-9014
-1826
-9286
7663
7897
420
9495
3732
-8256
6502
4954
2884
-8548
-7130
-2282
-666
-6728
-1215
-1219
5030
3828
-9476
8028
-4749
-3810
5245
-9714
7780
-1120
1621
-1665
-3604
9853
-6922
8897
8720
-6247
-9122
1844
-4730
-3805
-5114
8852
-8403
-628
-2576
4978
2774
-6412
5567
4655
382
-3361
7611
-6896
2764
7106
-247
-3059
-9267
-7271
-5588
-952
5595
7782
-7365
-9203
1184
5432
-3784
-1667
1495
3112
7380
4015
-737
-8056
6364
-8152
4601
7708
4683
-7909
282
-1029
8692
-3168
-4966
-1165
7344
6857
-7633
-2156
8238
3965
3928
6277
8307
-6761
4780
2491
-2565
1045
-5991
588
3926
6279
3267
-9512
-6660
5377
4809
-3406
4881
5007
3114
8390
-2208
1190
6205
-7312
-5694
946
6753
8242
-9110
2218
-8340
9213
-4698
-1484
5355
7662
8948
-6165
-9165
-8302
6764
9811
802
-8972
-6873
4243
1733
8029
7504
-2399
-7509
-3350
-6425
8168
-9725
956
5192
-7439
369
4251
-4418
-1653
-8725
9789
6587
1830
3527
-8749
9153
-7855
5074
-4116
6734
-2771
-4953
8464
7813
-8116
-2026
8188
-9842
7333
973
-188
8748
7752
-58
-1779
-7585
6802
-985
-5709
8455
8152
4940
-4760
2531
162
-1545
-5834
3643
-455
-9480
-1554
8045
-7257
933
4480
9240
9013
-4054
1051
5907
-1785
5246
1299
-4254
2627
-3412
-2154
-8076
6462
6121
-4834
15
3473
7159
-8154
9384
1535
5722
393
1719
4510
6359
-4161
-4235
-8422
8439
-9856
-3452
-4273
-5636
2034
-2395
1906
-354
7232
5416
8242
-1873
-577
-4992
4529
-2458
8210
-3971
-9269
-8840
-481
-6583
-6497
7094
-8298
-6940
6480
1296
8412
-8355
-9217
-8801
8969
-2717
2978
3785
-3681
9935
-650
-3025
5129
-6292
-9200
-5609
-2806
-3155
-972
-7748
331
-4498
5773
-6222
2218
4582
-6253
-1709
-2128
-5833
-49
3204
5835
827
6563
884
-7817
9198
8061
-589
-3260
8682
9501
2474
7003
563
433
8594
6115
-8303
5355
-1044
1581
-9272
2334
6177
-9905
-9927
-2641
-4221
2963
6689
-3052
8969
4718
-8351
-561
-8837
8896
6994
4722
-7528
-863
-9892
3873
1975
467
6067
6178
-29
4444
-5367
-3337
5083
9614
5860
-8059
8449
-1931
5303
2093
-5319
7727
-8871
-5383
3376
2689
8082
9754
-6960
-3609
-9045
-5965
-409
1818
3224
-769
-8172
1738
151
-8789
-1171
1564
-2876
-4686
-7162
3913
-9104
-4593
9167
-4533
-3335
4631
3977
-7803
-4745
3249
-6586
-2786
-3191
-9072
8058
-7514
7697
7560
-4267
-4288
2229
5340
1883
3595
4154
-5016
-3348
5967
2866
-4286
6653
7864
-8416
7922
-7764
9378
2734
-2480
-7610
5557
-7821
-3684
-8756
-4736
-1133
-3159
3926
8862
6387
1733
-8891
-200
2793
-8030
5423
-4775
9840
-2690
8981
8194
2891
-826
-8948
-2298
8995
5564
-3696
2390
5783
3307
-9249
-1370
-8252
-117
1197
-5217
-5581
790
-9424
9882
-7855
-4587
-5257
-5363
3878
-2100
2709
-3608
-1942
3051
1374
5759
5788
9326
6929
2298
5859
8357
-5536
-3896
418
4211
9130
-7773
-7660
9258
-5022
-8254
-2107
3665
8783
9397
1937
7912
-3428
6322
-6204
839
1329
7737
-3189
-8594
4616
8737
996
-1934
6796
-1735
-8295
-5541
-3972
-6954
9984
1681
6020
-355
9999
-5971
-3696
-207
-9637
9112
7138
-1201
6240
3909
-103
6833
8461
7290
-5402
2405
8752
-2805
-5000
928
1695
7786
-2041
-9418
-9993
7309
-332
8335
6332
-6716
7320
-1499
-6937
9719
-1219
7896
4402
-1037
2839
-4193
-8522
2309
5100
3973
-7642
6918
1660
2912
6492
9447
9598
-2567
614
-4010
5213
9896
-7540
-4878
3806
-2529
976
-6816
-6494
-1515
-7305
-2820
6103
7445
6121
-9041
9937
8122
9419
7163
-3226
-4143
-989
-1664
-8063
9991
2797
223
-4312
859
9054
6399
9233
-9167
-5226
4882
563
2233
544
3470
4954
4182
2745
9396
-8489
1389
-6060
-4932
-7437
4294
-1711
-3374
-8289
7573
6
-2224
6958
1305
-2165
-1848
-5737
-2526
2381
3674
-4388
700
2163
-963
-2111
-4877
9603
-8156
1596
4005
-2487
-5298
9023
7411
-3525
-1712
-847
2214
6262
-8514
-8152
3479
117
1383
3986
-4945
-6781
230
1150
1810
1449
-7088
9532
-6462
-3955
4379
-7660
690
7994
7221
9764
9500
-9963
5671
-2169
-6012
-1590
-2530
-8028
-1790
6955
-3615
-6480
-9619
-8885
452
5611
-5807
-3963
-3667
-119
-1665
5595
1303
-701
9780
-7379
-122
-4330
2506
4720
-4585
5899
4808
-7875
-9189
-9826
-120
7438
-3324
-6062
-1636
-8048
-7471
-700
1267
9972
7137
2347
-3674
-8482
7785
-3079
3636
-5042
4453
-122
-456
-2690
7134
-1926
-9045
9233
8169
-2027
259
-5515
-5977
1636
-3473
-2598
5543
-7899
2503
-9523
2514
-4665
3912
9130
-799
8945
-5332
7466
-8767
955
6902
9010
-7285
-1486
-8183
5059
-1579
-2617
-2361
-8190
9339
8157
-6291
-4746
8636
-9531
8469
9597
-7947
-324
197
503
-6315
-3082
-2795
8436
2669
5581
-1422
-3127
-208
-8279
-8999
-1894
649
4112
7121
8012
3505
1274
1563
8868
1396
3057
9875
-8797
4676
-835
-5338
-3727
4668
2998
3363
-1836
-1787
1996
-7627
5166
-6760
-8926
7835
-8356
7743
-5855
-4055
1076
-4547
6071
-8056
-7712
-1822
3249
6076
-4620
1517
9059
4159
2300
-1437
-3435
-7160
-1562
8227
6045
5973
6224
-1670
-567
-7155
8471
9691
4168
1033
-1881
-3863
1369
141
8689
-3849
1378
-613
-8079
-2880
-2449
-8269
-6951
5930
-1309
-1526
-1348
6958
2716
1040
8699
-7059
6551
-9074
5759
6314
-339
-8201
-3966
1551
-6251
1891
782
-999
-1413
5628
6293
-4872
-9242
-6580
3846
-9007
-7711
8552
-574
4842
7635
-2019
9696
-9383
2417
-558
5195
-5206
-1303
-4542
7256
3063
7957
393
-5891
-215
5909
9623
-6705
4247
-79
6900
5931
-7065
4026
3733
-8285
-9858
-4809
-7708
1421
-7665
8780
-788
-5221
6373
7341
-849
849
9740
-9762
-3795
8246
-3797
-7668
4287
9563
3445
1596
7614
6673
-1462
7079
-1760
-4175
-5442
-4312
738
-8019
-7442
5450
-7772
8009
6366
37
-9113
512
7578
1795
-7269
-3120
8812
-7029
2431
5077
-2167
3710
8992
4837
1467
2775
-8994
-3613
5702
-7263
-9426
1690
-2446
8356
5262
9370
2552
7060
-5654
-1871
-9309
-6335
3675
3127
8468
423
-2713
-6721
7624
293
9088
2315
-2809
-1846
-5263
8432
-1388
-4599
-169
-3244
-1499
6266
8970
4244
5221
-3081
4618
2344
7271
2189
-998
-4609
-4009
-1224
7503
-2557
1761
181
-1496
9378
-7141
-2843
-2
8641
9378
6555
-6511
1888
-825
124
-5212
-6655
111
6541
7763
-1131
-4235
-405
-8522
7228
-7450
8647
1902
-2377
-8173
-9361
236
9622
-7482
-2389
-6834
-9871
-7597
5625
-6346
-7858
4508
-1655
-8060
-4884
-1094
-75
-9707
-7366
-111
-5632
-2142
5082
-5908
587
-1727
-5027
8536
-551
-9901
-7509
-2670
-229
-1363
3051
-3195
-5631
-9495
-3467
8058
966
2560
-1301
4888
4816
8394
166
2956
4322
-3942
5875
5213
1653
-6534
-3353
2374
-3125
7109
-1334
3923
8474
432
-4316
-6267
-864
8369
3575
-8884
8942
9496
76
827
-5190
3621
-5890
-2781
-4123
-141
-1011
-7257
7143
-5252
9276
2473
-1062
1855
4217
9531
7235
-8263
-3171
-5634
3463
-7836
-1321
-2629
6541
-9399
4410
6467
7530
-3287
-9296
-6172
9342
2124
9367
-9512
7562
-5446
9130
5480
3036
5810
-7346
-5682
2905
787
7411
-9129
-7315
-634
-1775
5817
-3266
-5329
-6353
-4307
-8646
4729
945
-1541
-8462
-3490
4333
-2069
7925
-5685
847
3979
-4123
4486
9599
2786
4380
3369
-3256
5234
-2760
-6838
-1923
3783
-4611
974
9369
-2213
-1609
-98
8623
-318
-2140
-9651
-1035
-2259
-1862
8253
5604
-3787
1894
7616
-9518
3684
-2906
-4950
-4890
-3791
-6797
8575
-6816
4268
7520
6343
5694
6700
-1329
8685
1163
-4419
7025
4635
9155
2162
-9935
6755
-4406
9634
-7070
-2662
-4605
2655
7595
-8100
-9654
-6163
7664
6678
-9706
1100
6279
-6666
7817
-3757
-9611
-1850
-8957
1144
4874
-4182
-8176
2626
-2727
1087
-2503
3048
-5062
5742
-7929
-9393
-4244
-4429
-6846
9788
4888
1397
3787
518
679
-7781
-1343
8785
8155
6155
-895
2646
1213
-519
676
-6265
-4019
4322
-2755
-8943
-3391
-7271
-8646
-9704
6489
593
9710
9203
-7942
1041
-3068
-716
-1662
-7526
-6503
5826
-3875
-2131
9029
6701
6674
-6993
-7937
-6471
-6151
1280
-8691
3569
-228
-1986
7403
900
4689
-2414
5904
-4743
-8263
-3264
7413
1524
-7596
-357
-3010
-9566
-5514
4763
5447
-1985
-1171
3898
4554
-4039
-9570
131
-1752
-6909
-5374
-6311
6667
2424
3430
8951
-5127
5337
-3339
-7419
-8718
-7360
-5454
6522
5434
-2264
7347
-2295
-9814
108
-5507
-2075
-4281
-5392
3407
9434
3770
-8472
1497
3438
6291
-4547
2732
3185
-2028
-3382
6543
-5246
-4479
-2572
9606
1787
9363
-2398
3360
7921
5614
3762
-4210
-6115
-4494
7680
1036
2344
-7095
-5416
-530
545
-9129
-9768
-7275
2823
2716
-9173
-2981
945
-8689
-8464
-7160
-9469
928
9063
7428
1227
-9990
-241
1283
-2938
2341
357
-3119
-4943
-2790
2702
2389
112
7507
1914
1413
-6568
-1247
8924
-8493
8842
2931
7129
-7439
4203
-6278
2621
8934
3179
-4649
-4709
-5535
760
-3991
6826
-3004
8792
-2595
-1591
-6784
4349
8104
6491
-5454
-9870
2456
6490
-3871
-7634
-5211
2778
-7676
8572
-9545
1440
-7753
-3281
-1903
-4787
-1748
-9036
-8321
-211
2153
4229
312
6741
-1427
573
1089
-7808
3671
3616
-8700
7232
-8787
3224
5741
-1472
-3707
-9800
-2233
-4215
-5971
-1862
3292
-3967
9836
5235
8669
8063
-5367
-3526
-7479
-5030
5396
-4356
-4628
-7661
8583
7694
-2186
9428
1603
2729
1915
1440
-1213
8408
38
7640
7474
-6675
-5544
-605
5706
-5852
842
8780
4337
6140
-6465
-3349
8263
-2182
5165
9371
-4383
533
-1274
-3030
734
-6252
3989
-7633
-8577
-1157
1469
5178
7667
824
6048
-5528
-9907
-4422
-3933
-8354
9586
4860
-9996
8948
769
1654
7193
-4414
-456
4997
8902
-4287
-2757
-6512
8318
9996
-2412
5478
1309
4786
172
-8448
2916
9762
8622
-1337
8019
9073
6930
-7777
670
-403
957
271
-8522
-5847
-4947
5676
-5677
-4038
-7158
-6524
-2228
-6848
-5372
-8862
-985
-611
-4987
-540
7717
6289
-9245
5232
-9525
2103
-7343
-7259
-6893
6655
-3340
-3946
6595
-3217
-3958
2287
-5432
-3814
-39
-5767
-5477
-6057
-2642
9288
6777
-9990
8613
9645
1103
1907
1617
2002
7341
5663
3587
4473
5487
5458
-9112
2860
-8307
-1393
7018
-3865
337
9421
1662
3120
6707
5969
9401
7343
-6010
4905
4407
-9271
1331
-6877
-6807
-5633
9334
7811
8177
-4287
4768
449
3612
-6092
-590
-6039
7588
8083
-4596
-7577
2736
3855
1949
4065
5448
-1203
-2524
-5002
8306
8976
-7199
-3610
2510
-4589
2494
4187
-8020
1473
-8777
9089
-8390
6826
2955
1952
-2894
8257
-3727
-4768
7447
-5822
-1561
2816
4133
7527
-1746
-3063
6975
7402
4954
-1654
-9377
4858
1367
2230
-4828
-4350
-8692
-310
1592
-9113
8276
6943
4849
-9390
5919
9409
7986
-1864
9232
993
-6277
-6686
5942
-5299
-1221
-1799
-2126
-920
-8689
-5681
1049
1116
-9647
1640
3530
4558
7962
-4865
2672
-9233
-9757
-1204
-9849
-7239
-8460
-783
-4946
-4899
-1207
9418
-7689
6902
5695
5128
-5451
8629
9581
-7638
5315
1636
5997
7262
-5382
4065
-6570
-8868
-1175
-4084
-4195
-5882
3451
-2795
9270
9465
7953
-2407
241
-1099
-377
-2751
-1853
4939
2902
7679
-2532
7508
2554
-3390
2224
3707
6214
6859
-4692
-3861
8554
-6577
-8948
2478
-9251
-1362
-7025
8912
8014
7870
-6346
-5956
3321
7760
-9148
-1822
-1206
-162
259
-5516
-8139
-9080
4074
-7552
-5383
7899
5353
-9328
-3660
-6161
9451
-1740
3670
-7447
-6266
-7347
-7345
-4482
-9937
408
6041
-4943
-9787
-8883
-2671
-4488
8550
9982
3232
-5542
5389
-6876
1755
1537
-2862
1486
1394
9182
-9099
6367
3706
-9576
4643
-8718
5261
-9239
8082
-1754
-9311
-8692
-7381
-6519
7230
4700
-5289
-6418
6197
6384
1385
-5905
-8498
-959
-6600
7711
5245
-666
-5077
8981
7280
-9566
-325
-8642
5283
7168
-2223
289
3682
-8641
3661
-1495
3069
5655
-4673
9568
2930
-6609
3254
-4416
1326
2043
-5753
2189
6810
-7669
294
6987
-8302
9393
4182
-3190
-3160
-2880
7764
-2340
3277
1650
6492
-7797
9832
4791
8649
8586
7968
-9097
-1753
-9643
-9770
6753
8402
8718
-530
3322
5465
3724
-2190
5228
1141
-2248
2725
-1221
4021
6291
-2640
5079
-487
-4764
1387
1992
-8053
9294
6583
3680
3424
-4680
3457
-571
-3251
4620
-2639
-3039
3565
3523
-776
-3409
4787
-903
4290
3269
-2245
-7074
-3182
-1638
9965
6881
8103
-4750
-4779
-6867
5562
9243
-1823
-4141
-8028
8862
-1352
-8904
8143
-9510
3636
-6163
4150
9895
-6153
-4209
-3477
-3580
4374
8599
-1904
-1031
-4718
-5071
-330
-240
9889
-7161
-2258
3370
-5258
683
6798
1592
3385
2228
3729
82
-2405
4624
-4462
-3311
-4737
-5656
3346
6881
4838
-894
-2065
-4926
4716
6317
7483
482
-1979
8848
-7697
-3535
-8875
7319
5707
-8656
1564
-4669
-6808
8582
-4896
4947
618
5398
-4816
3762
5560
-7846
9031
-7768
602
808
-2270
-3083
-460
3419
-9252
-9626
885
-3452
-9964
-2838
8150
5332
4850
103
-3899
8186
4070
-8749
6164
-9808
-4407
-1397
4249
7248
9828
-1031
3818
-5143
4689
-386
4340
-3002
-7350
-7473
4112
-6225
-2499
-88
-1372
-2049
-2787
-3645
7975
-1643
-3511
5579
-9753
6851
4122
3611
-5970
1014
-4465
-2409
-4925
-7116
-4294
9786
-21
9377
-99
-7732
-4119
-1252
285
-4775
-9003
3684
-1507
-1296
7473
5838
8484
-9778
4415
204
8823
2925
8183
8574
-3952
3284
2731
1727
-4715
-667
-5102
-8910
-4017
1338
7577
-3624
1544
9957
-2845
825
-1314
4604
2928
-5194
7993
-3412
-9993
-7986
2299
9290
-1750
-1619
7002
-5578
1690
2423
-6730
3583
-3060
-923
7471
-1127
5613
6401
-5334
-6533
2293
-5433
-6354
-5767
3121
-3513
859
93
-7707
7580
3211
-8535
9483
-2390
-6820
9128
-7464
2586
-2133
7014
-6830
4789
-3006
-6191
-5751
-873
-2309
-4809
-6051
560
7754
-6076
-3346
-5366
-1816
9929
-9301
6062
8558
8445
1543
3331
2069
-4655
7470
1998
-1571
8490
-6993
-5486
4457
5172
4694
3355
-8695
3784
6107
7197
-7238
8157
6135
2042
-1794
-1799
1200
4340
-7696
-6232
-4400
844
-5105
-4349
-1247
5246
-5264
7703
5352
-7666
-9028
5500
3991
-5436
7509
8138
7443
5376
5374
9859
8602
-3497
-5506
7913
5488
3093
-3768
-7606
-6098
330
-5504
-7574
9426
4347
3317
5364
8404
-1954
-7639
1230
-9049
-3981
-8809
8052
-4892
-3128
1944
4698
-1478
-1933
5509
-1096
9141
-4683
-6792
-2083
-3246
-2799
3503
2519
1832
9935
-3669
-9089
-982
5130
975
-9902
-1761
3895
-1286
1467
9035
-6993
3150
-1081
2560
5513
9163
-7061
-2449
-1089
8581
100
7494
6239
6216
-3720
-6073
3484
9697
3720
-6594
8242
-7937
380
4188
-5810
3825
5870
-9469
-6766
-827
-1892
2910
5516
-9660
-3155
8704
-2443
3675
-5279
9443
7623
898
-8952
-2758
3218
-2748
6919
5640
9615
4859
-5204
-4993
-5660
8198
-7949
5977
-2748
-751
-2439
-6241
6711
3546
-3939
5131
-6480
-307
5253
2099
7699
-958
-4444
1648
6768
9610
895
9617
-5225
-8287
3918
-1988
4359
2663
8654
-1016
-2811
-682
248
1194
7851
-2876
-1329
7327
-1462
-1230
-1161
2884
5432
-9125
9368
8578
-8768
-1546
5865
4506
-9267
-1356
-8304
-1981
7648
875
7796
833
9175
-6792
6834
-690
-1811
7815
-9006
-1114
-106
-5939
3662
-4697
-1739
1085
-3794
-1472
-5450
-4846
-1095
-9546
-5403
422
997
5029
-5035
122
1507
-8289
-1436
8961
5405
8775
414
631
9957
-9651
-3041
-2337
-2684
2081
8896
-777
-3571
158
3280
-9334
6642
-6028
-9077
8886
-8888
-7226
2004
7681
1456
406
-4061
7960
-2763
299
6473
-5862
7461
1653
3992
2698
-6728
6673
8037
-2257
-6343
-9992
3585
-3097
6146
2346
9116
-4286
5904
-5835
1006
8476
2418
-3145
572
1850
57
-5570
-2936
-2561
8041
6677
-9125
9445
3774
-3344
5741
6648
-1594
-635
-5703
8159
3058
-3035
-1580
4689
-3978
-3628
2987
8231
6067
-5229
-6518
-1430
8180
-2822
3608
4969
1105
8797
-1174
-4300
-9347
-6328
552
-2209
8965
-8766
8658
-7133
-4623
4644
-9573
4754
-1591
5588
6424
6293
-9526
4341
-2069
-6249
-2748
471
-443
-3377
-1782
-8554
4980
-361
2569
9798
-5745
6576
-3679
-1481
5556
-3721
-6700
1243
-4597
5365
-99
4323
-437
-4943
-2857
-1303
-9705
-1337
4861
-32
-4405
4847
8329
-8002
-68
3348
-5431
585
3069
5742
-7046
-3999
-2060
5833
-1617
606
-3804
8611
8895
-160
4436
7741
9214
-1353
3452
-4955
-453
4942
1347
1926
-7842
4469
-3360
5044
-3690
2894
-5643
979
1288
-3607
9237
-7402
3818
982
-8516
-8557
-2065
9292
5377
-3025
-1365
-3609
-5156
-5429
-2090
5896
1231
-6606
8016
-2214
-5830
4649
-9377
7438
2512
1679
1511
1740
-9881
-8427
-3373
-3092
-3303
-437
9711
7393
9455
-2487
-9059
-4227
-2256
-8438
1780
-3151
7766
-8789
-1395
-3117
-531
9150
-2048
-7468
2405
-8353
8278
6231
-7198
6296
-727
-6263
-7969
-2164
7081
9128
-5115
-6804
-6773
6405
2382
-4966
-7518
4642
-5986
9709
-3931
5147
-5049
-8487
-4165
6087
6253
6566
-3062
3843
5742
-3293
189
-6961
-5581
-7691
3264
-1129
-1340
-896
-8735
-5718
-2382
5097
1681
7998
-5193
4508
-5037
4128
7652
4889
3304
-393
7133
-3546
4097
951
-10000
4960
3796
-8682
-4712
2182
9096
-9915
9676
-1910
-767
4861
-5800
-9717
4861
-728
5291
6851
135
9638
-2060
-5683
8085
2256
-4436
-4313
-6934
2763
7757
-5163
-2412
-7870
5526
2125
-4940
-3017
-2450
2191
8429
-1876
6086
-554
-4533
4540
-2744
-7157
8597
5548
1601
8168
-7072
-2520
9548
1159
-7119
6660
9149
-872
8135
8339
-6099
-9181
8443
4221
-6979
3702
1895
5078
-4695
-3077
2718
-4029
-6399
-8984
-942
6453
2294
8942
4604
-7952
-1126
1473
6054
5892
-7177
4188
-7580
-7248
2426
5837
-1792
-172
-7324
-717
3560
-9668
4294
8061
-3168
-6053
-5524
5745
-9866
-3226
-8344
-8077
8577
3868
6466
7239
1657
-6920
4781
-1987
-3294
204
-5600
-1509
-8147
-8387
-7617
47
-2397
-9501
-832
-390
7908
-170
-5102
-3858
2968
-4723
95
4021
-908
-2907
7259
-1826
-9140
-7202
-1562
-122
-3050
-1270
-7802
-7179
-8248
2031
-7522
-3589
6128
3041
9536
8316
3635
2362
-7884
7596
9737
-5133
4458
-4627
5363
2541
556
9935
-5844
9041
-2773
7277
-5884
-5887
-1504
4929
-8636
5047
-1759
-210
3054
-4801
-4542
9225
8430
-32
2937
466
-6621
-9091
843
1132
-6245
3319
6240
-1406
-4544
-2800
-8088
-6368
-6294
6220
7640
627
8018
2975
5738
623
2447
1879
-4054
8293
152
-3707
-7672
3436
1740
-8595
6999
5421
-124
-7851
5406
-8995
197
7565
-3231
-1213
-5121
-9966
2211
-6802
6778
-7692
7224
3805
1350
3260
20
6832
-2885
-3215
2989
3594
-7167
5561
4017
2747
-3846
3831
9437
2452
1208
4225
-1220
7594
7799
-8562
5832
2306
-8022
-5478
6987
-8478
8407
-7336
2679
-3137
-2281
4849
14
-813
-1665
5627
-1603
-4232
3794
-5208
4007
878
-4545
8635
8015
-4817
562
-8064
-4196
8331
2330
-6349
-4725
8884
-7537
-3183
-5543
-7657
-5526
-5854
1124
3838
-7504
2207
7757
-1284
-3021
-7527
8809
5215
-3526
6563
7917
4499
-123
2962
3823
-3402
-1176
4218
-8551
-5507
-4841
-5938
-166
7115
248
9306
3900
-1152
-3982
-8888
9684
8648
-2292
2792
2463
3892
5074
4986
-7093
-3290
7037
-4284
-2645
-1571
-4640
5794
-5439
8262
-5686
6470
-5379
-1384
-2654
2464
5159
-122
-5244
-5292
-7420
8123
-8490
2256
-6754
-1990
2924
3387
8531
-5260
8312
-5410
5346
-8194
3303
2323
-6090
-5036
-2018
949
-3061
591
-1543
-7983
-5490
3019
-6931
5902
-2464
5949
-2117
-117
2197
-2682
-232
1268
-6533
-6490
1651
-3748
-7199
1629
-8570
1798
9098
-1956
-1820
-8920
-7093
9638
7684
6862
-8034
-1591
9043
-7330
-4845
-7677
-1383
-5063
5873
-4890
-2262
4082
7900
-5906
-4295
-234
7973
6920
-4755
8593
-8657
6147
7433
-1856
-4450
-1747
5021
-6240
-4752
8015
-2294
2500
8496
566
-6349
-6047
-539
6822
-1675
-6799
-3242
9870
-7206
-2484
5875
1324
-5063
-2981
5735
-1029
-5620
-9063
3315
7798
6635
3804
2315
6145
4425
5096
2985
2899
3266
5345
4898
-8758
-4672
-4661
9082
-9060
4411
6216
-5138
-1879
-6733
1049
8327
9512
-8774
1542
4757
-2447
5441
-6239
-34
-7907
-7638
2893
6878
276
6087
870
-6520
9719
9708
-2325
-2790
5850
-1084
4199
7046
3373
6864
2717
3780
2435
2721
7763
5023
-6401
-9306
1656
-8790
-5006
3416
261
-4021
752
9543
-454
-1597
-389
-3372
5770
-1953
5858
-3800
-6589
-1420
3597
8572
-5819
-948
-8447
-4306
-6783
-8671
9860
-2978
-290
7243
374
5697
1881
-1446
4916
1559
9745
-7339
-731
-1331
-8944
-6081
4964
-893
9320
-3553
-8150
6115
-5017
6982
-5427
-8022
-2458
6732
-2493
-1154
4195
-7914
8275
-3271
1635
-1988
-9183
-3139
152
-6156
4640
3543
-9344
-58
1075
-5597
7035
1648
-732
-4960
9302
1347
2789
4562
-6669
-5154
-625
1867
-9316
-6689
6554
6451
661
4775
-7435
5834
-8442
2324
6184
-5635
-3975
4284
-6434
-6156
3359
3448
7622
-8031
7585
-6286
-4250
-1587
-5220
7364
9277
-1041
3242
-3768
317
-3117
3272
-721
2838
-7707
-5278
4377
-2219
-8398
-680
2796
3559
849
4921
2949
6380
-4373
6064
9801
-850
1499
4965
-6101
-2905
-9257
7958
-8254
1522
4815
2859
5093
4670
-2433
3498
-142
8251
6073
-9576
-6174
9508
2143
9245
7789
-2115
-7963
9130
-4292
5049
1050
-5223
-2512
8522
1740
-7603
-6229
9048
-4409
6993
6638
-8710
-4569
5428
-9494
3558
-4256
-6171
-3001
6606
-381
1994
-568
-2373
-5459
9894
7361
-410
-5456
8838
2365
-6524
3448
4310
-9003
1883
-8037
-1671
-4662
-3339
-1037
2421
8945
9386
-3778
-951
1371
-4498
-6573
9069
3670
-397
-8266
-6057
-9313
6653
-7596
-6285
834
3773
-7952
4732
-211
1192
-6515
8748
836
4757
-7709
-7920
8440
4537
551
-58
-5250
-121
5545
8738
2966
862
-4815
-651
-8302
2187
342
5668
4451
580
9900
2116
7704
7950
9583
-8899
-5810
8115
-8384
6326
1690
-2046
9467
-6961
-3600
9547
-4683
-6889
-8652
3418
-2317
-3317
-328
-4725
-1411
5277
-1491
8341
-42
-8902
4169
8053
-1076
-2762
-6746
-1597
3177
9642
-3201
1969
4492
-4503
-5855
4968
-8283
-4695
5178
9371
-9108
5954
7952
-9348
8197
9424
3422
6379
1968
-2081
6207
9445
197
7924
-5175
-82
2771
-9863
-2133
-4113
-1037
479
5378
1654
-5598
6297
-1248
-121
6631
-5203
4385
8704
-6896
-2326
5152
1687
3582
-2325
2627
4464
2655
4692
1952
3833
-8263
-5255
-8466
4090
-8225
8132
6455
-5129
-2842
2146
7018
-5231
6462
-6454
3957
6411
-2343
5374
-3042
3154
3952
2878
-2607
8473
-339
-4422
9723
-9865
-9519
-6852
-3229
-5306
-5838
-2137
6886
330
-954
-8000
5716
9622
4592
4137
1361
-2856
-5099
893
-5408
4702
-5791
-3383
857
-9172
7774
-1921
-370
3907
-224
2562
-5485
-2545
3962
-1241
-3025
-2948
-4203
-6391
-1792
-9405
3058
2606
262
-202
-9567
-5988
-8331
7487
-8776
2767
4377
4968
6527
1740
5493
7878
-6587
-6771
2725
7375
-998
8836
-3513
1060
2168
7092
-7728
-9563
-4468
-6718
7253
2360
-7716
-1663
9784
4886
7945
-4539
-9736
-9940
-8071
-5602
-7469
6178
-6101
-9637
6902
-1635
-6002
8462
-4291
1853
-2178
-8211
-9867
-4676
-4288
1638
-2388
1834
-1097
7477
3594
-6968
3533
-6311
3921
-6803
7969
7942
-6822
-8326
-8439
8577
-9875
340
512
2710
-87
8872
6361
9621
-1855
5518
2455
9794
-3608
1005
-9621
-7374
7760
-5287
-6352
2395
6148
-1957
-1473
727
2831
-3888
2892
5317
2180
1839
-1052
-4663
-8484
6864
3919
-9493
-6582
-6313
-5180
814
1944
8014
6435
-602
3033
3974
-5741
-6938
1
2737
4146
3188
-6940
9972
7780
-741
-318
-1841
-5387
-9500
-6292
-746
2912
317
-4906
2641
3504
-5995
1867
-6785
-1078
-4837
-6162
5605
-9514
7470
-4628
-2216
4683
-2340
-5516
2909
-5696
2447
-1780
9637
3601
-6216
8706
-7136
9153
-4373
3493
8405
1546
-1651
-4252
-4535
-9632
4318
-4397
-4120
6681
-6020
7420
7081
-2331
-9551
9983
8711
4282
-2938
-3182
-8337
-2872
-4871
7214
-6450
4025
-5537
-4706
-9566
-8820
6641
-1147
-4127
-2084
1888
-5222
-1681
-8737
8482
2201
3620
8658
-3492
9068
6869
4292
-7583
-4621
-9388
-1912
-3041
-7253
9489
-8960
-5725
1778
6982
-4793
-2897
6657
-8673
7076
215
-8031
7933
7449
-8405
3761
-2604
-9481
-7750
-2941
-7826
-2681
-7698
1670
-2565
6688
6752
-1032
1564
-4293
4728
7141
-6994
-6030
7184
-1014
9301
-1583
-9714
1276
-4601
-825
-9005
4582
5064
9400
-1062
-6842
-9110
-5814
-6612
-7266
6995
-8625
3001
-261
2732
-5941
-1646
6941
6531
-415
8209
-6393
4410
409
-2813
-3966
799
7524
-9359
-206
3245
2394
6252
5536
-8201
4452
9261
9839
-1631
-7605
-8303
2791
844
9037
8044
-4836
-4696
4562
-9109
-2686
-1321
-6872
4325
5310
-7248
-9542
9181
-4089
7462
-7370
-4792
-5347
-6358
5854
-4861
-7427
1592
1196
242
2794
3555
-2023
-5765
3257
-2693
-185
-9651
-158
-3620
7425
1253
-2481
-1442
-3552
-1720
-4450
-1203
-1800
2255
1963
-1104
-7524
7392
-2174
-3802
-7810
-8087
609
5550
-7683
-4623
-5501
3055
-175
-3869
-7812
-9348
4894
-4566
8893
-3954
-2652
6786
-5437
3878
8869
-2412
-9767
4871
-6845
-7720
2139
7122
-8467
-6351
1484
806
8403
-245
-1488
-5932
-9443
-8013
-3489
-4737
9389
1403
9722
3702
1224
4856
3008
5981
-8780
2312
9327
-4401
-3047
-1382
2523
-402
-3714
-5559
-6780
-2143
7748
-7516
-2409
7380
-6440
6359
7518
-7133
-7776
5098
4360
2094
-1220
1162
-7352
-829
-4018
7346
4088
-2759
2022
571
3570
5626
-4710
5661
-7511
8589
-1173
2999
1309
-5466
-5441
-9843
-6284
-6158
822
-8685
9463
-3890
-260
-4815
-856
-3272
413
-6268
-7884
-1786
-1544
-5371
-5358
-8519
5077
8498
-9002
-8911
2749
-2132
7375
-3397
-397
-418
8186
-2850
7092
-6571
6344
2758
9173
-9683
-4635
1895
-8183
4738
-9620
-1359
-3752
1504
3115
-230
-8880
-33
6948
-1050
9798
1482
-6828
1313
9151
-1857
5333
-1511
-688
-1270
7310
3652
-7100
9300
-7698
8251
3306
6211
3224
-5121
-3817
-9029
1236
-318
5982
-6310
530
-9501
-8822
-7736
6764
3284
3087
-2953
-1447
-9025
4287
5873
-3127
1046
-8126
7108
7009
-8981
9967
-8208
-5949
8956
-1776
-485
401
-3726
2562
9529
9580
1549
9276
9482
-1912
6894
-6995
-7472
4345
-4558
4343
9539
8811
-1982
4003
1377
5550
5481
6451
-791
-7912
1516
9137
4010
-8396
-3703
-4792
683
9104
3108
-2201
2301
-6841
-572
-7856
6799
-741
3182
5901
4413
8970
3312
7560
-5816
-4812
-1148
-4893
4060
-7336
-5524
737
9800
-9212
6217
-3244
1267
4689
2588
-1829
-130
-6438
-3473
7874
-561
6656
-1114
5326
-3661
3052
-3749
8752
256
7643
-8570
4821
-957
7075
25
9559
1480
6748
-9683
-8586
3275
-2573
-6483
-8053
-4358
-1434
6077
-4350
-1284
-4155
4177
466
7638
-923
-1085
-361
7911
1441
-516
-3951
-9778
-6197
-5946
-2108
-3521
-5855
-8045
-9969
-3548
-8647
-397
7154
-2486
-454
-497
7202
5758
8760
1900
3103
4751
-1000
9299
-316
-5754
-5348
6768
-2592
868
-7078
9221
10
6000
1513
2479
-2973
-9263
4649
-351
-4338
-3665
-2497
-9951
9633
-1858
-4318
2679
-7827
3281
-1691
5345
9605
-7047
-9932
-8886
-2641
-4144
-774
-3260
5391
1596
4763
-5491
-6970
6951
-4447
2902
-8959
-3207
7877
-5550
-6777
6988
-6291
-5837
1244
-7309
-4889
-4517
7417
-9427
-7841
-2564
-5143
8379
7729
-83
8019
8456
4018
-291
-1001
441
-8357
-4444
4692
-8117
-4500
-5842
-6499
-2614
-9486
-3905
922
3313
-9861
4592
5544
9061
7677
-6231
-496
-8096
3111
-1360
6924
411
-318
5161
1428
7552
-2043
-7864
5682
-7380
3721
-3458
3271
8879
2645
2307
555
3676
9255
1566
6111
-4965
2944
-5616
-1480
6277
-4375
-1473
-8173
9744
-3868
9939
-4257
-177
6783
2838
-5334
4891
3151
-1549
8507
-3649
8909
-9462
-509
-918
-4171
5758
659
-9077
4736
6373
4003
-5100
-876
1748
4584
-2838
1332
-1585
8406
-8492
-3963
-4088
7322
7252
-3009
-6583
9318
3880
-5795
-5734
-7318
2924
-4980
177
-6199
2825
6968
9496
9661
-8763
-9304
-3184
-9435
-1389
6323
3841
3485
8336
1760
2769
-2004
-4771
-1188
-6028
7470
-6993
-528
533
-6229
5177
7887
9962
8643
-5217
-7898
5444
1400
6517
8730
-6812
-1543
-3661
9339
2883
9473
-1160
-6909
-488
-9930
1813
4118
4436
5564
6839
-4876
299
3297
-2102
-6885
-937
3125
5766
-5624
8470
-3762
-2913
-3079
-5487
-2269
5407
-115
-7482
3950
9342
-485
7932
256
-9184
-8251
9682
-9243
5190
-4732
1819
8592
-8674
3234
-5556
-1209
-3006
1176
-1286
-5388
-6718
-2490
3756
650
4279
-2356
3934
-415
1144
8095
-1915
3427
1555
-1907
8390
6886
-9565
-6187
-4182
5578
4524
4660
-4222
1061
-2369
-6876
-3037
-906
7243
-6422
-1969
-4306
8259
7024
-1788
-3262
-4814
-8390
4547
4979
815
2930
-8590
-4871
596
7825
-7244
-6133
128
-5797
9051
3868
9382
8446
4316
-1636
3874
7487
-6860
2566
-3577
4619
-7714
438
5270
1293
-4369
5091
-5166
-7152
-1716
772
207
3268
979
8881
-1201
-1931
-3695
7075
-9459
-5323
639
-4674
-9320
-7766
751
-3225
-7020
2372
9237
236
-4922
-7522
-8301
-2905
956
5756
1360
-4269
615
5713
6064
3398
7873
8603
828
4427
-2882
-2273
720
119
7134
592
-7857
-9245
7841
-5226
7768
9734
1465
-8919
7796
3624
5994
6922
5666
-1608
-5040
-6189
-7984
6111
9315
-6639
3541
7167
5236
-2037
9440
-2502
-4242
9503
4904
-94
4226
4616
-4137
-2163
-7685
-6095
-4194
8733
8561
9688
1662
4876
-7150
-2629
2280
2629
7712
4770
-4630
3412
-2605
-7930
-416
8107
