1005
4104
6015
343
674
4136
1791
7622
6547
385
9257
6602
3907
595
2466
1670
4935
4438
2082
4946
1052
8517
6753
2430
7260
4648
1806
5285
5552
877
3585
7510
6200
6541
8066
3496
966
4248
734
5229
8574
9769
3626
3209
4042
6142
8577
1532
3831
5535
3167
3017
3031
99
9969
2077
1328
8392
8406
8251
4034
8156
3180
1080
3251
4856
4801
5051
3689
4889
9206
3597
6970
9858
4354
2253
6244
9785
2190
8248
3268
8880
9179
3645
140
6129
4912
6103
9044
8722
5917
6156
9513
6418
2691
539
6727
3377
5556
2682
3595
973
7886
3569
5196
8807
7271
6087
4637
5970
2255
7319
2479
9086
1389
4072
8568
7211
9360
1911
3179
4950
1522
3485
4223
4369
817
8438
6406
5077
579
2746
9230
8806
5958
5914
3456
5146
8818
9278
4361
9606
5765
4233
3770
9940
5822
2691
7066
6185
642
3773
7737
5857
2675
840
3232
572
3838
1258
7837
815
603
8223
7384
2937
4616
7951
1839
5035
2311
3864
5675
151
605
5328
9829
8951
6760
2751
8037
1096
9950
9623
9692
3364
4056
2832
4985
2651
7617
8560
5054
5113
2678
1863
1462
1620
1873
7142
9601
9932
2500
621
9496
8913
3173
1402
7156
7681
1847
7409
4299
6711
6530
6660
444
3263
3538
300
7972
5017
9950
7954
1462
6905
1508
3984
3183
182
872
6388
7631
1254
8689
6213
8604
9923
3885
4777
1405
3197
2488
9640
7885
1100
3681
6403
1352
5441
2692
2061
7354
3909
8200
3666
9043
9683
1466
2245
7486
7228
5328
9710
2508
5030
4438
9268
5209
7701
3101
5803
5328
560
4378
1805
9331
3721
3573
7671
9810
7436
4195
9797
139
9325
5794
3068
2963
9927
2646
5148
4093
8851
5008
5339
9288
9492
7042
8829
5849
2990
5342
4694
5161
7031
4708
9986
2799
8301
2207
2755
4986
8021
7463
5525
7392
2228
9144
5882
8920
8141
6384
2663
7296
2810
6048
6487
469
7971
3817
1087
6534
9462
6267
7448
9042
7332
4353
1531
9701
8758
3575
266
17
6181
9772
9934
1570
9976
9625
9798
9326
3252
2312
9017
7991
730
8318
382
1620
4585
4053
813
9019
8496
7371
2488
8879
8822
4713
9068
4585
7799
245
9616
478
531
4701
8307
554
887
5740
4060
4037
8626
735
3910
2840
9713
4133
5890
4850
7589
353
6375
2633
9515
310
5905
2682
2112
8449
6722
6822
6656
6017
3520
4897
6376
9966
7701
1627
6855
1468
4846
526
96
6260
3157
914
3488
9401
7230
2684
3964
934
5898
6852
1378
7052
9498
7168
191
6401
960
5766
5211
6941
3155
2253
8647
9700
1488
186
717
3297
2491
1081
2581
9978
273
7758
9861
2364
5600
2912
3282
6943
3838
6361
4759
2225
9307
2298
6538
8324
895
9697
6881
7768
6840
5542
1350
590
8842
6376
1339
4368
4214
674
7621
3002
5966
3151
7474
1161
4562
5216
1458
3339
7123
6367
2910
8557
2177
6047
7202
7531
5594
1166
5198
1393
6334
1265
9476
5692
16
8208
6468
8967
1350
7750
1675
2684
4333
6534
8024
7201
4674
1261
2573
8108
2182
1448
7817
4220
6905
1499
2450
4149
6164
644
6317
2267
3209
348
5425
7725
7339
1958
8500
3930
4200
7090
6836
1334
3870
9881
527
9216
1
1544
2935
4048
8494
5745
6840
5625
4038
63
6905
7754
1878
5879
3584
1642
8412
6591
348
4508
9092
1877
4880
1570
4015
19
3360
613
8648
5317
2868
5385
1579
2694
2271
693
7355
3687
5744
6097
3663
7733
4134
6356
8959
7368
7089
8881
3835
9295
9825
9927
9255
6312
6464
4867
8565
24
9019
9427
6392
5414
1786
814
2722
4062
8586
569
4177
8580
5144
69
9570
6164
7789
9201
7850
1326
4178
5882
7134
2676
4396
8634
9871
1403
3512
3329
3303
1304
8854
8915
9519
9307
1616
7302
3636
6854
8275
4731
6070
7622
539
667
1176
6399
5895
1720
7396
4335
6780
980
5906
8823
9665
6314
1173
4496
7104
348
9686
7768
326
4777
8050
2844
5331
2080
2844
4945
8010
4464
5710
4245
9450
3532
2670
3484
9324
382
6506
3767
3190
994
5735
6106
4854
7593
3077
2801
9484
7258
5976
6354
4750
9055
7446
4323
940
5126
2608
4522
127
4127
5376
2552
2622
8741
2775
2007
3877
9025
5619
7366
2280
9554
3449
1900
2939
2436
8025
3331
9094
3493
6791
1608
2666
5191
4783
52
5415
5824
4775
4100
6032
3178
1025
9799
3550
6510
7259
1116
2894
1111
6299
1755
6753
699
1017
4647
8596
3335
3802
5607
8852
9164
1678
4215
943
6384
8963
2247
9256
6792
4687
4252
3997
3472
7478
4161
5503
4930
3090
223
8075
8394
1983
2536
1403
7987
9347
2717
4085
7770
4163
6568
2247
9039
2015
7004
9707
1857
6739
192
2996
9063
4945
7191
7543
9523
2975
7467
2693
1397
9973
1424
6340
9202
692
4309
2247
5255
4842
3313
2422
9108
3078
1512
3279
6421
6032
5553
4309
4226
4219
1166
3211
8101
6813
9200
5336
7470
323
3324
3602
4534
8950
7593
2105
2797
495
3904
5471
4816
1651
2592
8852
3367
9198
2929
226
2725
7198
5284
2254
5849
2605
6306
8469
3010
8521
9424
7296
7627
5889
237
3981
7780
9520
73
6738
4655
538
3473
9671
1984
3646
9779
5430
4192
9101
5246
3229
1251
7243
1883
2950
1005
9876
2997
8483
4314
5088
7490
6425
9281
3373
8581
9053
3693
3380
2481
6435
6233
1054
2912
1624
4209
1556
7030
6457
9620
7584
9863
3660
3878
2283
9762
8143
808
7264
8397
5864
5444
890
4420
4053
1360
6962
3144
4279
753
539
3543
7991
6797
4517
5446
445
5524
5822
6303
9285
2164
3635
6527
6119
4556
8732
7312
2503
1514
8662
5542
1872
1451
9607
9970
8108
5292
9762
3425
6346
2602
3273
1927
975
221
8427
2603
4831
8428
8029
2877
6869
8091
3663
4900
4661
61
197
6026
8191
1785
4574
6216
1989
5825
1228
2382
8956
2698
1078
852
1120
8766
6098
8264
7264
8546
6672
9313
359
1878
808
6079
9993
8264
4979
5003
9197
193
8078
9958
6194
9476
8399
5165
8988
9435
3900
213
5651
3162
261
3572
5059
5753
6186
2714
6387
1550
2821
9398
6499
2417
4089
2328
6003
3867
4757
970
7329
2938
269
6211
3494
5772
381
4640
756
2966
1720
19
6425
986
6034
3981
1868
4030
5035
1197
4609
6460
9177
8230
8294
8579
5355
5725
642
6337
3033
1406
3749
1309
5098
3561
3796
1469
8909
7444
1718
2037
2421
321
276
9469
1176
2992
359
3253
7098
9329
8769
462
4405
5962
447
8772
8666
2902
7374
2410
2838
6298
1622
6316
722
6247
5607
6427
4241
5537
912
6650
7210
1802
7925
8348
4691
1974
7450
3931
5543
740
3506
1508
3931
8488
4508
7541
1890
9226
2311
7965
6879
8103
8052
8523
6050
8902
7128
1904
7683
6548
134
7934
5030
4316
8738
1840
607
1936
6933
6676
5053
6076
2616
5972
7737
9374
4114
728
8640
384
7041
2992
3632
5493
4975
9012
2771
751
997
9907
4737
507
6223
9594
8545
5129
1905
6846
8476
3325
6616
3744
2794
6985
6246
4805
1430
8900
9187
9807
4244
9603
3494
386
1460
7450
8098
564
8897
3037
4985
8542
9596
9715
3756
6440
3455
564
6922
8133
8144
183
8089
4130
6894
6345
6794
4547
6492
3665
3136
1306
6009
5624
825
1820
6813
7038
8293
6745
5776
4184
1410
1142
2870
489
3893
2886
436
2332
4838
4389
7600
4627
8032
1709
1164
1135
7358
6051
677
4423
7713
6105
7970
4083
2844
68
1568
7789
7362
2849
1386
883
4451
204
3796
3045
7340
8761
7437
9836
5961
6901
3220
1432
8699
2523
3109
4389
2102
4164
8608
2544
808
3685
4369
2451
8844
2449
8053
9307
6726
4607
1186
2402
6175
6574
5161
8864
7042
5838
3276
6326
8516
6098
1004
5564
4901
9473
1203
555
6666
6321
2039
1656
4696
4909
7854
6105
3957
3242
5699
436
8684
2493
9516
2815
5225
3186
3481
3827
6940
6522
5534
9547
1617
1846
7095
3649
3284
5509
440
1225
5817
5039
3495
7586
5987
1609
2387
6393
1892
8127
328
9735
9561
3265
1375
6337
3902
8848
9480
3653
3971
194
9513
8578
3296
351
5278
9006
6266
7620
3643
7252
5016
7723
1496
2023
7602
364
7349
8514
4609
9034
4798
6592
1694
592
4666
7663
2523
8179
7388
3537
9588
6344
8081
1428
7078
5904
2829
3162
1309
5807
3005
5471
114
3722
9589
9539
4332
7546
8677
6230
5646
2423
4232
5554
6709
2689
2942
475
2432
1448
7248
6100
6858
6728
163
4927
7897
4982
4319
1241
3507
8124
7689
4633
3935
7374
3947
2034
89
2382
1622
5767
6756
7219
4238
515
3776
8812
3192
4766
2367
5178
805
5274
7533
9046
9085
5235
4880
2829
7940
8706
4388
4939
3211
8729
5246
2577
6501
8645
7865
9059
9731
9654
6951
1036
7449
5919
4683
422
4878
3996
7752
2743
3843
4518
9739
9986
2909
9063
4936
2447
8930
9793
6835
6244
6528
9976
5434
1333
5183
6738
3618
9126
4555
1660
2086
6114
8847
3544
347
2244
8491
9129
3472
9114
7866
666
4494
7676
6972
7353
1721
6528
9233
1191
114
1520
8363
1415
7674
8401
3111
5095
6334
5419
7547
6881
4526
2980
1876
4492
8676
2810
3755
6090
3814
6243
9320
1809
9676
988
7261
8600
1668
6629
7316
8587
487
3258
715
379
6695
8534
6703
950
723
7835
2471
2399
6649
4869
5211
2527
4564
5847
8552
6078
3870
6281
1647
6509
1705
1525
1407
9860
391
760
551
2622
8224
490
9879
6940
9091
533
6543
7306
5371
6240
7666
142
7240
9117
9864
5533
2884
6459
8440
4023
8532
7748
1655
2182
9613
834
2417
933
1380
9895
5220
8599
6046
365
523
3955
1708
1023
9610
5077
9613
8133
139
8891
2765
5119
1048
6873
1370
6086
2549
2366
7283
6912
7192
3504
9078
3954
7527
8406
6706
5935
615
4988
7828
5488
9813
6951
3766
1154
1806
4729
3889
5173
7751
5042
2339
1564
2710
2517
1021
4254
3314
7969
551
7777
9719
7104
8027
6449
4741
497
8942
4233
8353
7174
995
2235
1203
9110
5410
5371
7802
2546
2775
9555
9708
6274
7488
3706
6596
3478
3223
9168
1646
7036
1915
6139
9474
5306
7836
7747
5201
6552
5034
4307
3646
3837
6799
3729
9877
6367
3957
2531
6943
1404
2173
2563
1419
20
1681
9697
8569
1686
9190
8512
1784
4610
2848
7957
7147
4465
7184
4914
6968
5802
5701
7714
8604
9060
3882
3071
748
768
8620
5255
3521
9797
4687
307
9360
5271
3248
1621
711
698
7693
8717
1145
4622
8970
8099
953
1123
8417
6310
7661
1940
158
8532
615
2042
6678
4392
8361
2470
8975
3165
7447
3813
275
3046
5893
3631
3725
6532
3826
8907
2497
3788
3625
3945
5918
1026
8303
2707
1542
2776
3693
7
2601
262
9406
2226
1317
9739
5582
6852
5233
6657
149
4530
9910
4110
925
2919
9949
3902
2874
4279
6808
9214
5071
8579
5537
2564
2519
5999
3263
2803
1011
8001
5921
7428
6046
6326
2803
203
4393
6586
5724
4079
9391
2098
4336
5511
1887
8217
5963
1662
6471
2628
4510
1504
8546
8656
4654
2254
9395
583
2665
7996
6776
9564
5497
7032
3020
4001
4587
2193
307
7982
5180
6897
1901
832
7817
4383
429
6410
9756
5612
7141
7181
7520
700
5855
6978
8559
7594
6944
4818
5389
1518
6137
7298
1335
9585
6026
2599
5731
4558
1416
7910
7919
3104
2645
7562
4196
5471
4384
1803
9851
3639
1776
139
486
1184
9915
2066
8710
8710
8764
6921
3109
2446
847
5675
3413
5496
9291
7243
9752
8987
5099
5063
8628
4639
3292
4081
8894
9
997
4896
512
5075
8793
8602
1649
4767
1106
8720
182
5379
4865
2298
9925
5592
2229
8995
460
9662
3702
2649
9019
1817
9997
6799
5457
9419
3914
242
8142
8199
4048
6337
3721
5960
1964
6601
946
4679
1487
8530
5804
1770
9435
6881
2295
9932
3941
1546
7100
7050
818
4542
4811
5908
6049
7283
6323
1128
4936
4398
5400
7209
955
3680
3437
5640
7189
1306
1101
2922
4937
2755
6391
8661
4456
374
599
6168
6673
4682
9167
2784
8913
4562
7223
1419
4626
4457
5633
8490
2559
9315
2342
6461
3395
9398
4161
1870
2048
4836
1684
3101
1918
8969
8038
538
4742
3343
8196
6200
4822
7378
4163
5442
4902
7987
6671
5174
3866
5938
3024
2789
5966
5896
5418
4386
3326
1138
1833
5068
8662
4585
5747
2627
4897
7197
1040
3789
9680
9188
7866
3929
3456
309
278
7798
1460
9746
2822
4134
1917
6208
645
7653
1049
4797
3161
5133
3727
7005
8977
6210
6749
8941
7999
3813
6572
1115
1408
4452
4831
1668
8148
137
7553
5206
5848
1225
6450
6076
3671
3635
6083
2589
7425
1526
8972
57
5177
9511
4597
1513
2331
9058
9803
2319
2533
2716
58
6337
5888
9408
2835
8504
6844
614
1737
4675
2140
9934
7104
6197
4832
4235
6630
9476
1260
2035
2996
8585
8849
1758
1196
9489
5963
1555
7441
3339
976
9721
3744
1206
5144
1864
6189
9032
7780
5491
2071
7619
9817
3544
3636
6901
2391
7319
5433
6793
6145
5047
4601
7031
4782
5793
7381
2041
6569
3529
2603
6329
6785
5937
3670
4199
8674
6134
6867
2929
8663
2771
5072
9918
1133
5115
8746
1852
8330
8889
3344
3769
7608
2765
7206
5080
3689
4250
8338
5139
1584
8468
7501
5761
236
8208
5382
6833
7682
347
4513
1649
6004
3743
7967
4027
2096
7571
7504
1482
859
8949
9656
780
2176
652
980
8444
2453
5154
2210
3403
7493
8194
5943
9389
5691
6421
7531
8548
636
8746
1448
5274
9644
6853
4875
5860
2693
4768
8383
1226
4877
4602
15
3378
1219
9312
8898
2824
2936
3016
6502
4480
584
3405
7700
188
9811
4296
673
3375
413
5211
7851
3611
8360
2994
5059
2531
4806
6120
556
5991
1040
6305
513
1751
4556
9150
4539
7848
9688
8898
1758
4100
6784
8966
6658
8725
1576
6922
8301
2561
3034
1089
6714
4845
4823
4206
5928
1555
9612
8932
9890
5147
6923
6206
3281
2626
8719
3267
9616
3015
9639
7406
1716
421
2326
8075
7353
7344
3494
3195
8738
8014
2819
919
8790
3941
3676
2533
6224
9092
5730
9676
775
6559
62
9638
6459
692
2174
8560
3782
9657
2711
6257
2814
6846
5627
3720
4681
6139
9794
9460
5713
6443
5569
2246
3511
601
121
4218
8819
1106
4698
5027
3200
1592
840
723
5558
3315
5801
9449
7840
3605
5444
2341
2420
21
4529
7211
186
8418
5376
6945
7260
9415
1692
9075
1406
9493
3549
2318
312
1990
1609
2183
7512
4445
9770
2138
1071
1075
5790
6741
8527
6702
2823
3717
1545
2846
3530
8661
8447
2652
1080
4024
3432
1622
264
5550
7155
6015
5565
8554
66
592
3107
950
6783
3918
399
7987
7359
7149
7153
3123
5648
1724
7026
103
8611
3937
1427
7679
691
9469
1814
5370
2632
1902
7204
3735
3329
860
160
2196
8221
5276
1155
925
4462
5230
3397
8828
4030
192
9800
7271
4504
7356
4888
9445
6825
1400
3347
4406
2272
9987
4877
8420
362
4859
5979
1821
3798
3987
2122
3121
723
5245
9602
6045
8810
7294
6925
6896
22
5915
5045
5923
3725
263
1213
2979
1201
7223
6024
5261
5356
5451
2094
4700
7992
2764
5919
7978
8743
7696
3576
3049
6045
790
182
9042
1635
3510
3333
4693
8559
1431
9605
4385
2745
7512
6092
9374
7894
9579
5247
2365
5679
441
3305
9684
1734
5360
112
2719
9154
9268
6191
6021
6811
8788
2382
7858
5987
8390
2624
5001
5309
4014
1907
4424
9217
5546
1997
330
545
3389
7162
5284
9524
3864
2155
3669
1577
6800
3134
4133
2061
9506
7397
9393
3085
142
463
5889
7672
2207
9667
9749
3486
7982
3169
7748
6825
7150
8272
1550
6772
3237
4094
5619
3352
7921
8106
7484
9048
5597
576
8005
4089
1285
5268
5431
6284
7584
4801
1689
3234
7198
3966
1820
8630
965
4483
561
6277
4784
6202
9546
2579
6688
6121
7703
4127
4126
3743
1665
5631
802
9914
4827
9152
7685
8453
5019
6847
9152
4832
6245
9897
7085
5681
3986
1325
2896
4644
9132
1100
2938
3586
4499
6475
8796
8767
2168
6109
2618
237
3571
4290
9712
3690
1969
3717
2345
6592
3098
2240
387
1743
7261
8260
5614
2582
5689
1813
6302
9291
7129
6725
6645
1456
872
4760
5255
1296
7525
5935
4908
3802
6760
505
749
1897
6962
2507
8334
3465
9754
4518
4206
310
9700
750
9700
1004
158
9201
7377
5166
6664
8725
2202
5383
8783
4985
2614
2915
7146
2881
3131
7143
2489
8328
1853
1774
8742
7000
6530
9466
6614
3509
1339
7824
9015
6948
1403
3284
6760
2938
5779
2557
5118
1420
9159
5923
9702
6029
330
7050
5940
3640
7662
444
5366
2645
3112
6262
7414
7786
2916
2632
1872
2541
4774
2933
3545
7974
2882
8354
2040
6022
8539
5257
8041
307
4359
3578
8702
9863
7581
3267
4556
7310
5823
2313
5516
9566
4045
3103
9416
111
3061
955
5439
5399
856
7115
6864
8888
5059
6382
276
1601
4499
3898
2679
9069
882
8030
8828
4184
7576
6821
3403
4081
8807
3386
6302
866
9458
3129
1897
4632
5155
235
845
3607
5970
5421
5642
7036
3487
3634
8912
4613
9657
2730
7021
730
3809
7478
1229
2681
3681
7564
564
3268
2311
3287
9818
1109
5576
7495
8694
1255
2515
7997
8540
64
5360
8447
5237
5990
4763
4991
8906
9475
2733
9968
870
7823
8599
4706
3945
7802
3416
2494
4199
5022
9359
3649
6327
5586
8842
9001
3873
7831
5939
3930
3863
1055
5298
420
7150
198
7124
2867
3263
780
9885
8358
9984
1345
2695
2390
9637
8923
9445
2508
4193
3696
3173
9672
3784
7492
6907
9910
5553
4007
3654
1904
2699
219
7343
4076
257
4020
7492
734
7400
3694
3872
8943
8023
2580
8839
8180
1250
8420
9188
1839
4268
1785
4783
4178
9902
1368
746
4607
9692
4626
7629
1739
2446
4321
2624
4313
1241
7461
1396
3193
977
1458
6398
456
8672
6105
4650
1495
2908
1409
1194
4476
5979
1810
8328
4387
3328
1081
8276
4773
1010
1260
5476
3810
9130
4307
6653
8822
3621
2707
2756
73
7264
4393
8789
8117
6279
2074
676
1549
1461
902
2750
2891
5342
1624
8677
1418
2816
8360
267
3980
2408
2712
678
7168
1232
1742
2536
8559
7951
1020
7155
1626
6799
219
7450
3902
7208
7686
7446
9594
3667
8561
5287
2770
799
6428
9436
60
4418
327
4918
5686
8168
1376
4070
3852
3872
6611
2632
4858
765
4670
289
6077
527
8258
3764
3508
599
3986
7977
8318
1537
7382
9444
803
4085
9228
2762
8045
7926
5942
7537
8955
162
4935
6182
213
6179
9988
4742
6674
8549
9407
3997
9888
3508
9757
7254
3325
8409
8657
7767
7831
2110
2688
9390
4647
8465
1146
7370
2780
6366
9885
1295
3124
9194
7889
9130
5740
3374
496
9549
1361
1788
9765
2501
3662
230
4171
7323
3716
5988
4853
3084
4862
485
1230
5084
6025
1274
526
9691
9079
4856
5738
8685
321
9823
9025
1057
1043
7462
4343
4752
4778
3440
6156
980
734
738
5471
4198
3728
7669
9069
1703
7244
7994
4824
7257
9187
1178
6663
6512
5039
7132
5582
10
4133
8018
8348
5967
8223
5566
9574
1733
7343
3319
5199
4056
1995
5660
2277
5978
6826
2865
7916
1006
8420
211
4803
9380
9796
5478
2222
9
6217
141
9438
6562
3456
6306
2839
4449
7420
8828
7677
4590
2076
7807
3277
3068
2848
3383
3354
2993
1132
5505
2814
6564
9066
2772
4857
6706
3725
9329
2889
2320
2811
7127
2706
2002
5706
3817
5551
5753
6518
4866
3807
4204
7224
8966
9
766
3590
7156
8742
9296
4850
5330
7337
6101
6567
8430
9626
9830
1550
5883
3226
1093
2008
3552
1276
4229
6190
1221
5393
148
6670
9641
9083
6710
6690
8625
1865
9471
3054
6151
5924
4545
814
3846
2291
5684
6998
5237
2201
9370
3710
7685
4889
8143
5101
326
6189
1991
8573
3289
5179
3396
8728
4144
3919
82
583
8584
9491
1883
8673
1829
9494
7013
110
2840
5560
4067
9050
1730
2188
359
6141
8253
2643
1490
6583
707
6270
5641
8210
6523
3225
7222
4645
3636
8080
5068
4552
1224
5487
9857
4025
4745
4037
5471
7295
9499
5497
7508
3341
9613
7358
5696
836
765
1983
913
1043
987
4007
8465
1184
3599
7451
2917
6631
2291
1224
73
9050
6682
1659
242
6080
4314
6702
2768
559
6427
5582
5850
6977
4368
3248
9941
7610
3996
8440
213
1314
1439
3043
5464
3798
3907
1999
6133
892
3217
8060
4463
2065
5667
8795
6708
7735
1516
5310
8203
2060
3881
8947
6421
6659
2775
1697
5867
5824
7623
1710
7572
8976
1609
2236
3504
3206
6663
1456
6865
8185
7004
2956
8004
4178
2453
2162
6846
7363
2740
1940
6241
3092
5957
9899
7794
8773
3652
8281
4272
4392
3954
3870
4156
4246
8244
1014
8407
9441
4240
8848
608
7458
4530
9775
8745
3318
4970
8674
3011
2681
7209
122
695
7822
105
8595
5699
1672
6510
5247
5302
3229
2784
6822
5624
2074
4311
6283
6524
5274
8583
5316
4977
8674
5327
263
1595
6537
7780
6772
71
9063
3647
2172
1444
3639
7329
4676
43
2374
8971
9526
3570
504
7369
7592
8861
5902
4266
404
3198
6164
909
5605
1847
5390
2347
9562
3883
3760
9674
9172
5740
1121
8965
9545
8481
6379
7213
2506
4876
3249
984
6305
9980
4685
7078
2052
5697
901
7729
2428
7974
3521
4381
3684
1709
581
1172
1271
3598
281
6236
5422
8407
2200
2826
2997
4479
8982
2894
1268
8754
1764
4149
3541
7736
3511
1769
1785
5555
4319
8918
2439
3018
1924
6912
5462
9572
1008
3928
5099
3968
4881
8690
5091
3252
9822
8161
7925
764
4927
567
5727
9628
2908
4577
687
1722
1259
7621
7291
8482
6364
627
4100
7619
4016
582
4670
7233
3817
1480
4909
635
1794
5159
631
7114
6486
7974
2177
1043
7648
3067
8615
9752
6970
1506
141
4077
7928
9207
1702
7555
8621
7666
9686
8767
1811
9600
59
2379
1100
3295
1951
3561
2119
7043
1052
1131
6125
6199
6425
1276
1827
4474
132
8255
711
3802
4604
9778
9017
8177
2002
7237
1302
5825
2972
2158
6707
7243
8012
4196
4431
1699
4360
1352
9146
1530
5163
3038
9455
556
2212
6088
9933
750
4800
8941
7553
431
4563
7088
3776
7311
662
7558
2843
1263
4764
6835
3382
9905
4022
1849
989
5878
3755
3379
7133
4404
6769
6101
143
4342
3212
1324
3977
6840
9363
1062
6831
7209
6500
5983
6497
403
2521
2928
5702
8714
342
89
7147
5083
615
9670
9919
770
2978
6119
2845
7795
1915
3475
6918
1252
1437
3153
9111
9566
3674
3545
6867
181
3068
5447
692
8935
1311
6875
7899
8150
8250
8776
3392
4116
5859
6745
371
9378
576
4228
8506
8509
5286
7027
7167
8683
2560
6232
5803
5429
8077
2572
9022
3997
8402
1438
6269
6798
1729
9263
425
6772
3798
1284
3300
2615
4870
777
4425
886
9538
9463
3802
6047
6443
5402
8409
3858
6457
6792
3484
7524
8288
9238
8916
1789
5191
9053
9140
1783
2850
9783
5532
1588
7250
661
2309
8266
282
510
5566
5987
5098
5897
2379
7758
2530
264
1324
1827
24
7582
1019
4962
6636
9247
4476
5531
7276
9451
9233
6150
3621
9019
3426
2868
977
642
8488
9100
1060
3018
6980
6282
6927
1945
9645
840
2265
2064
9124
4598
8196
9301
2001
4433
5770
9224
3147
507
9986
9615
9026
6844
4352
685
6432
8997
507
3177
8754
5259
3492
9179
9228
4271
3550
1903
1455
3684
7397
6916
176
8634
4703
2537
2184
6899
4412
3376
7491
6301
5899
3172
1207
4618
6473
6691
3514
6400
1817
9382
7903
9184
8933
9759
2255
5742
5567
7997
278
3794
9932
2612
2712
1142
4230
505
2743
5835
2126
1329
7246
9391
2814
412
7219
6565
8621
5139
8404
7191
2984
1389
853
4584
3723
3765
2506
5992
8431
7406
1638
5275
4641
4231
9531
840
1576
8894
6125
2688
6626
7277
7071
3106
5747
8895
551
9524
5484
8844
344
916
1749
1030
5049
8081
2236
1729
3154
6572
4176
1822
6304
4885
1579
7839
2890
3993
3844
6908
4076
2037
6269
6337
1842
3774
7400
8683
2950
9946
54
1011
7702
9024
8342
317
5640
6881
1073
4925
6362
947
4246
8733
4147
3409
8544
3235
5580
4675
1824
6170
4306
6153
2002
7997
4358
9840
4017
6940
9045
3401
1148
3213
293
8387
3027
2922
724
6023
4477
4401
7433
6769
2400
4127
1623
6904
8675
244
8297
4760
9701
3757
7151
8440
8855
4442
9082
5376
645
834
9610
8957
2335
8509
3754
9047
1861
9886
2341
5727
3088
2790
1804
7044
7138
59
8551
230
4382
1368
9269
8470
2614
739
1524
4122
4497
595
6003
1181
9744
6067
2724
1664
9598
5744
6442
3292
8990
9056
4988
3275
239
7191
2441
161
6267
3202
1744
2411
8239
6786
2246
2838
3217
7291
8815
9306
3526
5261
802
5487
7031
1240
1380
1072
510
23
7454
2249
7519
8560
6252
8940
229
1551
1437
3091
6956
981
2220
5869
187
6888
9272
1050
5292
1957
2466
6886
3528
4607
2917
469
9694
2000
2127
7155
6668
7446
7273
2815
9915
5644
3773
1783
3967
4031
4098
7058
9483
6072
729
4958
8589
8982
8680
8641
8405
1173
4633
8938
9573
4156
709
6991
9223
5067
3367
2324
5130
3213
807
7286
5374
9369
1874
4488
4672
7088
6771
768
78
4412
9949
9604
5619
8260
568
1697
2184
4060
7712
4147
8916
7306
3662
950
1776
3331
5428
5975
5311
4534
9126
3408
6970
8664
3312
4219
6372
5866
3920
1201
1959
1928
4554
9838
9365
8917
3791
608
9061
5571
4476
2920
5766
5449
7409
569
1839
8643
2653
6165
1403
868
7590
2576
4124
934
543
5755
4653
32
8334
1154
357
588
6122
6564
5931
6319
3560
9513
7177
7648
6363
459
5940
3749
1715
8769
6046
8326
9051
7733
4844
3316
27
5779
3438
1490
6054
4084
3944
3303
58
5771
8500
1900
2063
279
9423
6204
4929
7337
4272
4646
7021
4310
6096
9194
6953
9677
7113
2755
2998
1339
4102
4475
6227
2070
2128
53
5472
3070
2414
5552
4975
698
6277
6494
3405
2441
1625
3690
4256
48
6057
2536
237
4959
3560
4020
7286
6223
993
5927
9848
5029
4122
9929
5877
315
6231
5845
6276
3458
9890
1753
2021
1895
4947
1598
5172
8
7469
5353
6322
3367
3447
7052
4795
4191
2690
4
4338
9586
7077
4325
5008
8512
8083
1233
1569
8884
1282
8548
1250
7328
3509
8111
4846
8708
3263
8251
3004
3012
6289
91
8855
3789
4400
6768
5096
4854
5545
6711
594
6686
2981
1484
5290
5924
3263
3453
2340
5457
2675
4443
3509
7377
5725
1852
5789
9542
7810
1699
3574
5001
9942
9374
6854
8412
5191
7646
8875
3814
8530
4330
5174
7822
6810
5942
9941
9890
5537
5056
2432
4368
4133
1715
3006
926
6476
7662
4234
6081
8700
7558
668
5384
6111
4951
2243
9493
2493
9188
5089
1529
6325
7335
3653
2843
4839
2497
7827
1178
4831
3339
5344
1917
9874
1812
6530
4441
3207
8471
4569
3573
1003
6361
2400
5833
1375
2129
3113
6555
9902
3322
1484
1921
7114
1774
7265
9630
1208
7875
6521
1889
3554
7098
5397
7906
9119
2250
3310
3051
1988
9985
3223
7705
9632
399
7825
5500
5105
208
1453
2233
5234
2136
9341
8724
3255
7363
4456
7861
47
7633
1303
5564
6771
1388
2020
1792
8348
5549
4876
8715
7522
8875
3142
1213
4122
1236
4530
6436
598
522
2226
2776
9966
9814
5786
7871
5625
6595
2876
1417
4108
2065
6439
6541
943
65
497
8365
414
2102
4098
2786
8409
19
2625
552
6093
3573
7385
4761
6244
9744
2670
7317
7863
8544
2317
5559
4078
507
9552
3712
946
1689
5088
7494
6608
2120
6222
592
4754
3680
267
2128
7453
9107
6991
3884
110
3285
1296
9806
7263
6414
8116
1998
8978
6209
8260
7179
4349
7197
1357
447
6488
9168
8336
3676
9182
3624
3379
8556
1910
6465
9665
7029
8099
2552
7974
8075
4566
9282
9337
3112
4126
5557
3328
5957
5165
8514
8693
2106
5485
4671
4378
8251
7620
7639
663
7431
3154
5930
6212
961
164
3766
513
9789
3141
8941
764
6675
5895
3617
6071
805
4585
1001
1019
9782
5677
3448
1491
6116
9574
5603
1985
9240
4517
3230
2341
6200
7614
1413
4000
6787
8316
6156
9555
3125
8306
2739
2718
3709
4914
6228
9461
5198
6027
3714
1790
1313
7568
1602
357
8693
4230
1613
9165
8230
9195
1703
2384
3886
2934
8562
5919
3386
6327
4728
7879
3992
9309
2370
1238
3576
8103
3333
7777
1306
9618
7318
1272
3305
8260
4248
8107
8648
6934
9761
1934
4295
4162
4913
4789
4943
7115
307
5620
1845
9572
3588
515
9972
2039
9145
3886
5246
5318
3455
7587
2584
9630
8842
4877
4181
8015
1402
5046
9094
6259
2879
2584
4745
2493
7287
7043
8193
58
2653
6203
9364
3160
5066
2436
6405
6260
2173
9110
6921
1776
118
9461
7166
7893
4535
3552
7912
7656
7470
6548
6150
9879
4982
7719
9712
7425
8902
4608
4883
3420
5981
4014
8105
3018
8263
7777
996
972
4116
1443
3503
4649
3577
9749
1540
9017
1152
3903
9957
1365
3660
6706
132
4087
5068
2259
1238
9537
9242
2512
4873
6298
419
7191
7095
8698
5641
5755
8425
4640
9939
4710
2651
2856
178
7683
4856
4737
2716
7070
7441
3032
7850
2791
4953
2258
4783
7913
3123
3473
8006
8967
4321
1629
2159
4440
1726
6529
8636
7852
8526
4984
5255
6
6793
2591
1623
8306
8643
1005
2560
9564
1409
9050
719
5274
6038
9964
5755
3270
2524
5995
9041
7605
3842
8985
2111
7383
569
9227
8791
1476
5919
8517
1902
9987
6453
8054
5897
7145
8290
3812
8474
3725
7057
2647
9442
1350
3047
5841
5141
182
8642
5840
9272
8191
4425
6061
1379
6893
2099
1324
7908
9214
2106
4179
1072
5421
1635
3260
1910
2578
2951
3751
8838
2827
8895
5832
7062
7567
8618
5046
8229
9246
5883
1041
3299
3233
9814
3557
3490
4632
7636
6010
4330
416
8419
4174
9292
7698
9115
2696
4114
4603
7247
875
3550
5743
8059
5051
4188
8880
4972
3843
1875
5503
466
9001
8241
8067
3426
2914
8746
9401
7076
7091
2615
8399
1124
6194
9795
3425
3255
9170
2638
5081
942
4143
259
8630
88
7435
9243
3801
392
162
9257
260
5667
5755
8549
1859
1043
6204
1562
6572
5813
4935
5391
6080
8416
4861
8375
7390
2628
4626
8275
5774
6349
2852
454
2878
2173
1633
7205
3304
9096
9170
8165
9913
4606
2055
1956
5351
4503
4999
7434
4804
4513
4311
5783
5678
9233
8433
5965
8884
3406
7215
5336
7940
233
878
7167
8473
4083
4569
6452
15
1875
9962
5719
83
9371
8959
4643
8430
463
7373
2176
8599
9854
3349
6312
251
6563
6268
3326
761
5858
9510
1199
5117
5923
9343
5956
5324
902
1151
850
8640
9937
5790
4809
1728
4517
8473
4776
3751
9563
8503
2949
2424
119
7083
781
2050
860
9475
6555
8290
5537
102
903
2409
3493
8745
617
9050
6354
4276
4289
3421
1879
7294
2973
8170
2638
5162
5355
2065
4998
6906
6170
573
6833
1769
3558
6890
9836
3724
8428
2846
6689
5326
7481
7293
8279
8986
9789
1372
8152
2527
6078
2766
3215
2638
4734
1947
9455
4461
2348
3911
8976
1114
8259
5464
9884
3124
6081
7966
9195
4179
7650
5476
1248
3074
7251
5619
6051
8560
144
5175
7660
4602
9685
5320
4451
3773
7598
2866
8366
7254
4326
6824
7147
1222
7221
8424
812
8039
7109
244
1848
4285
1176
8510
5034
1636
2810
6279
7305
3423
3296
1083
5267
3214
3689
3473
9611
3465
2809
1650
1452
1694
7409
3850
5057
4763
7370
5491
7022
7122
81
1866
6563
9288
6923
2384
4187
9502
386
1462
7829
9316
2041
8890
4788
1845
6185
9244
2754
439
7812
7994
3884
388
8106
5828
6038
5900
6201
5751
5676
633
4038
1767
1242
8964
4554
1660
3352
2393
835
4044
4474
4333
6094
3299
4567
8057
8330
1193
2061
7075
747
6348
2299
4066
5340
415
2171
7974
9319
9042
5430
9189
6436
3162
3648
2560
2567
973
7116
8846
4668
9208
7481
5221
2948
4198
2346
4161
5192
2432
4504
443
8946
6826
130
6595
4861
3398
5938
8610
4829
2453
597
7336
9713
6189
1424
2470
8041
2342
6408
6741
3709
6373
2417
5345
8317
4394
7887
1483
562
3522
9726
5617
4369
2441
7052
5866
1239
3220
6123
7430
3658
1222
8056
7380
2137
1527
9089
7597
2631
1573
6966
4803
2414
9821
7934
5502
8968
5552
7184
6376
717
5889
6782
3023
4662
5855
4314
7152
6597
9559
9267
5729
6421
167
403
5440
3461
172
9233
933
2751
2299
4520
6599
62
2206
3923
2653
500
3948
9995
2617
398
2145
8678
5131
955
7886
4735
4060
4309
609
2136
3048
4456
2818
6
4853
6250
6635
5318
5527
7512
3852
813
2046
4991
7327
6646
8406
238
9275
142
9129
1355
4719
9744
8909
9657
5024
9070
3879
3236
7198
8991
5485
4226
5841
7528
9322
335
3268
3566
6893
1646
397
3311
2094
9172
6863
6310
3484
4750
4018
3055
2345
6407
3133
4188
1872
253
7086
7748
5944
467
4323
3962
664
5818
3167
2607
8892
1475
3051
8893
4251
9264
191
4755
7154
9342
7967
5626
8615
8080
5271
6636
2516
8502
9829
2434
3368
3579
357
9638
8140
3937
58
3507
1933
1920
5189
8335
2481
4012
6870
9918
7614
5938
9199
3736
326
2582
9786
6106
1730
8885
1001
2832
3383
3961
7268
7227
6469
1664
3884
4333
178
6149
226
3599
9977
5666
846
1330
7500
6150
3938
9760
1637
7856
6051
4655
5119
3153
6518
8755
821
4573
7398
2944
7020
7567
6430
6480
9610
5170
5157
5022
614
2129
7002
4830
6165
194
8827
2357
3057
7187
3164
8142
800
4114
1672
1941
1364
8868
1211
3128
9764
9222
7330
1746
8942
9675
9350
2771
6393
4304
2468
4492
891
524
2053
8448
2891
1624
3923
3994
6048
2701
2247
2841
9955
3407
2309
4349
8746
6837
7072
1603
5592
1451
3230
9467
2583
3776
7745
1544
9101
4335
9703
4885
241
9267
5746
7839
4982
7334
1453
4662
3068
5038
8420
3393
6106
3085
2596
9234
1934
6891
5505
9632
2602
8057
9092
3372
6762
4290
9390
9335
537
9044
779
5717
7147
608
4668
4731
1567
9900
8072
6017
9866
8356
9238
402
7085
1066
608
6310
6760
4257
7575
8049
5480
9407
2701
3516
3242
1476
8756
9418
3651
7102
7147
5467
2245
832
2701
4512
174
9234
621
1140
5705
7692
2052
3992
3159
6107
2294
46
7458
2246
139
421
6926
7701
8509
265
3967
5675
2475
1630
7437
8282
3805
5373
9395
6991
1822
1320
1098
6836
7045
54
7814
7369
292
7522
6294
4176
9706
105
9108
6111
6510
4238
7534
3907
9637
9686
8833
586
9609
4728
8548
2531
5568
3898
3041
5427
7194
5330
3819
7037
6895
6701
1465
2384
1461
463
1032
5372
7266
4741
7663
9110
521
8664
355
3076
8495
4018
8864
7085
8273
1116
2336
3025
9580
4961
9211
8250
644
9411
9048
5783
3094
5084
9877
6626
7206
901
5447
1733
452
7249
836
8101
346
2718
9853
1489
9530
7679
3544
9513
3611
7492
3145
9207
2069
4464
7587
9816
833
8995
7991
2621
9652
3870
4810
4065
9518
4906
7471
6436
1603
1641
1780
5662
9163
7784
5784
9204
2768
9274
1231
1872
9067
3916
8031
4480
3798
60
4438
5258
8017
3300
9955
6193
4218
9092
6319
4639
817
926
7497
5283
1811
2850
9924
7159
9822
7461
8634
1857
9408
6113
6665
8377
2893
1156
6767
2209
2087
9932
9467
5782
8880
1473
9568
7348
9280
8929
9034
9229
8683
2251
1425
9130
6173
3752
7357
2805
160
7761
7547
3519
7820
7348
3030
2728
7519
736
1934
3406
4136
2387
4626
4850
8391
8623
5251
6694
4320
8840
5372
4779
7592
3349
2745
6911
8220
273
3767
9601
9575
4272
9681
9372
9338
7444
6750
8708
2786
7676
663
1821
6114
2578
6952
5025
4842
5248
5408
3884
7819
8381
9023
8239
3549
9427
393
7238
5068
3664
8245
4688
8225
314
9576
4117
6746
1114
324
1671
3699
7197
2368
1736
849
6892
6013
3040
9623
3991
334
6110
384
6257
8325
1929
2564
216
4350
8820
1345
895
2704
7658
8760
4895
3027
6584
2636
2904
2052
9955
8699
2119
3304
6260
8340
134
9963
8993
1672
3117
4601
4868
3179
1416
6113
8169
4445
3805
1070
5503
7615
2886
1286
8682
6057
9667
6791
9787
5201
2832
9432
9827
892
9601
8397
8896
9476
9829
5263
7159
8066
8230
2273
9123
5363
938
8412
5156
3549
8706
9271
7027
4104
9353
4905
620
7789
3043
4635
5809
9118
7448
9706
5104
4312
8011
3270
9729
6066
2475
1144
6830
4627
9043
5546
9467
128
5195
2012
9678
9431
4084
9715
5830
4440
4043
617
7935
2010
1813
7681
4265
6039
8542
3886
6046
880
3766
8015
3560
375
1027
6718
6701
811
5929
7835
7566
331
1712
8469
9878
2298
4791
6182
9488
559
6696
4310
298
5679
7433
7119
1535
8294
9430
6044
6436
2930
75
2631
7350
7308
7888
3908
4768
3679
23
2768
4323
1160
332
4526
2936
7281
5296
2551
5895
1676
4571
9607
1557
9758
8049
7132
7060
5851
5648
4947
1480
9868
2258
6077
3790
969
782
9167
782
394
6306
1749
7771
984
2902
6298
1719
4287
9469
7062
4507
1854
3772
2329
5741
2473
1812
9891
1897
3559
698
3357
4571
4712
5720
9310
528
9210
8533
338
3189
572
1378
5751
6955
7382
8020
9142
7093
8142
9959
6139
478
2746
6915
327
1355
2383
5019
6850
437
7632
4539
2987
783
8786
5628
6981
4507
9933
2032
4573
7338
5746
6832
4958
6624
7963
3677
3790
5395
8162
914
9472
9892
4637
4261
4101
4891
3552
2714
2689
3124
8282
6982
7377
2237
970
5911
4994
8400
6340
4769
8172
7661
7571
9637
3594
195
6245
6632
2744
1167
7184
224
5911
3027
3493
5391
4863
8694
6577
8002
9530
1019
2279
1956
1398
6795
2469
3532
9843
8875
4017
7900
8844
1990
8579
5150
9559
55
979
8259
4418
1368
9626
5789
2888
4720
5665
4481
1219
4991
5367
6258
4894
4643
8195
4351
5770
8999
1339
9490
4402
7725
5521
8393
8760
6655
5360
7137
4220
4020
2922
5336
3333
1561
2016
1639
9897
5878
9436
6977
2003
2933
3008
8584
3531
7792
279
1960
8176
8219
9521
541
1891
6893
5572
1483
9516
7910
8962
7455
87
3014
164
4125
2042
5180
6494
1856
3028
2819
4816
1055
6943
2294
3891
2317
5257
1940
3068
1453
3824
4527
6264
9878
6111
2755
2061
7000
18
3278
9005
8802
2031
1626
1978
9574
2866
1409
433
1020
216
3266
7230
3840
9977
4627
725
9611
3052
34
8683
106
4310
4238
1976
4309
2288
2892
8990
5803
9472
6590
8322
5702
8035
4702
4839
6889
9119
7969
9888
7197
5811
8275
1387
5202
7574
2585
8250
1529
6002
706
7775
9766
2121
9229
9976
6818
8763
1842
1060
5204
4698
8486
96
1621
2295
2007
5598
5679
246
3042
6579
4184
6741
7315
360
6553
6050
9135
7234
9106
8582
4180
4152
4395
1298
4507
5666
4068
8845
6514
6674
684
9273
5014
5844
1944
4573
9501
5864
8365
9669
101
2583
1110
3293
6350
2076
3274
3988
3803
6376
8766
1266
3574
1868
5736
5837
1674
1243
6583
7240
5551
9682
9316
1184
9020
1850
9117
2633
9109
5600
8395
8408
98
4792
8705
3339
5895
3831
7174
300
4686
3486
6459
3585
4266
6650
3997
3993
2401
7181
8671
8066
8014
8741
3050
4194
8889
2673
7090
4717
8526
6228
8000
3271
1078
7846
8921
6558
287
934
2525
1865
2694
6667
2327
8163
7535
4858
7342
5200
9451
8653
4317
9356
3815
8664
2297
8515
5034
8441
4834
8928
7110
825
1353
5854
9371
3532
641
5853
7850
7701
1170
5349
4540
6635
8058
7961
6860
4393
3294
9360
5787
1621
2323
2426
7538
896
1022
1104
9161
5954
9198
2444
2662
6741
7916
1380
511
8613
5297
2383
1855
7225
7040
8719
6947
279
4853
541
2131
8636
5768
7107
823
313
6396
8619
2374
8810
8316
1361
7668
1599
3449
1595
8958
3219
9413
1448
1333
8896
7661
955
3203
9165
5764
7705
7479
4661
4978
6709
7384
2346
6031
1267
7948
3742
1653
6885
4911
5262
486
5952
4181
4785
8759
3699
5369
6330
1879
3889
4528
4292
2840
5756
205
681
3865
1422
4405
367
9942
5844
6285
6643
7775
2254
3780
5184
1439
644
314
9058
9059
3177
5846
9384
7268
3881
4096
771
2365
3507
616
3910
8004
7031
9524
9144
1081
3744
7573
2200
9561
3412
7110
8810
4876
478
8541
9383
6591
182
8148
7974
3380
8881
6350
4956
4603
2543
293
7764
611
8020
9039
4568
3123
9167
5942
6377
1502
2169
1130
2123
4259
4044
1322
2023
106
7157
4192
6778
3961
4077
2325
4094
4840
554
3850
7301
1918
2205
1444
2850
9016
1332
8356
7306
6263
9528
8655
4614
876
9381
6825
4966
6647
3831
4302
9719
7187
8485
4328
4895
2208
5044
6997
2209
6117
2378
7993
2236
1020
8562
298
5481
9591
3368
7720
1672
6861
5927
4941
1559
2164
372
4208
6359
6847
1718
3081
834
4851
484
4325
6314
3341
4877
7910
6572
5334
451
4415
6062
7125
6759
3411
3067
9893
8494
3020
6432
8107
2922
9634
857
6389
7596
5101
3948
2243
1911
5304
1921
6556
7911
5844
2003
4874
1983
231
4566
403
34
1094
4526
8932
8847
4126
9701
9500
4497
812
3847
3378
681
7608
6018
2891
3136
4284
4232
6282
2759
2004
2734
3382
5280
4068
1142
3237
5678
2034
4642
1479
7990
8511
5243
8186
671
2949
6265
3971
1068
1973
4851
588
2096
6252
951
5344
3181
2935
3425
8769
9632
8433
7577
1171
2155
6952
2380
4478
7917
8185
3160
8633
6050
639
7372
143
8130
1669
1064
538
2410
8849
1904
701
4183
3151
8731
8381
6157
7354
6097
2993
5254
2738
2068
3247
9430
1799
1199
1855
3897
8708
3320
6975
4672
5945
5580
7445
7580
8494
5561
7583
9258
2137
9923
3580
2587
7996
987
6233
9023
8638
4583
7172
9940
6268
2838
920
9148
6072
1715
8778
8564
7484
1940
1120
9655
3183
8070
2947
5890
1205
2975
6603
9969
1648
9594
9598
231
3704
7913
9514
8233
8108
5659
6984
6684
3369
5998
4596
6771
4349
2685
4844
6275
3198
4677
9228
8095
2500
5344
5950
5514
1970
9006
6097
9727
4170
9842
6919
9224
4976
4330
8446
4188
1136
4560
284
1387
8111
7949
2961
7475
7093
2969
1972
7757
9089
4819
4559
1689
6213
3621
7534
3821
8266
1395
2100
2034
9677
8015
6216
1016
9399
2800
1438
5110
2223
4093
8680
409
6655
3927
4502
846
9220
3344
284
1122
9561
6733
5253
267
6468
6220
9533
8877
6148
5045
6921
4797
9940
9832
9830
8932
5117
431
5002
8497
4378
4739
786
2076
4694
5182
7506
2850
7084
8553
2909
8970
8293
6042
6379
7356
7059
8775
8548
8153
6235
5599
6246
19
3872
8106
9458
6834
1482
102
6147
6390
7663
5678
1086
3707
7211
2364
4433
9032
9629
5155
6874
322
6516
4300
6901
671
2502
7620
5687
8327
463
2874
1817
3645
6608
6677
7239
8038
8574
4752
2653
1805
3888
7534
3849
1282
7774
3490
9138
1478
7466
360
6438
6065
9830
7329
3268
4760
2472
1829
1952
1078
2860
3824
2501
9068
6644
8841
3553
125
9407
3653
3350
8101
5024
1840
7316
1820
5007
7751
1767
2990
651
8977
3799
86
8160
3629
9732
4035
1580
4108
5764
4055
8684
1759
2664
6602
9761
466
6479
4405
7226
7678
7739
5432
103
5263
7504
614
7422
4830
7538
533
2211
1756
8101
3932
9321
4565
8772
9545
3122
3883
1176
5250
6286
1747
7839
9836
6130
2178
55
2440
7391
1617
8260
6378
9068
2420
9974
1829
7564
98
4343
853
2882
9181
8939
2821
1574
9826
8919
6244
9999
651
3016
6153
5042
7763
2077
8992
629
6768
4135
4837
5543
2338
6382
245
4171
9286
3219
7630
8239
6184
8546
2558
8156
5190
4316
480
7125
5753
587
7183
7923
4301
8229
3380
2968
4373
4956
3111
1738
4861
8117
2170
9103
2087
4104
5782
6664
7357
6712
5547
1699
6871
3257
1405
363
2559
9398
1621
4700
4322
3941
665
5635
9856
4449
963
669
6340
4827
462
611
3325
6606
3750
4567
2138
5739
6571
7015
2825
49
8046
3805
5308
1575
5646
3491
6385
8759
625
8409
7574
5583
1385
9752
3537
4749
5161
6598
5703
2316
533
827
1378
9637
4965
2917
35
3854
3876
2557
3669
2132
5636
8151
9198
389
9522
2764
2331
7531
3040
7074
81
8784
2184
3186
5682
8140
7301
1344
9789
3709
4422
1582
6534
583
4154
4566
1625
8989
5314
967
1061
3855
7463
4326
8269
1557
1513
6504
4257
7582
3388
2897
9075
5984
4857
9890
4365
2481
5419
1816
1148
6116
5497
2134
1089
2463
988
7043
737
8081
3133
6915
58
929
3144
4693
246
6196
6246
5040
6548
6673
2318
2082
9056
4194
1164
9815
6370
3086
7620
2115
4080
121
7193
7333
2404
5908
1583
6505
2898
2211
7370
1077
2883
1524
3197
6972
7567
3376
8726
6463
9503
3805
6607
6757
6924
6580
7504
906
5833
6257
8466
7478
1018
996
8941
2357
7403
5572
1093
848
292
9600
1715
8257
4153
1887
8804
2397
3173
2779
4213
4500
6957
4801
4576
2000
8725
744
4991
1601
7742
9374
9422
5398
1481
8149
8825
6931
9644
7506
6746
1430
3327
1508
6793
7616
9958
7642
1252
3382
1326
1121
282
6790
629
2509
9691
8157
9291
7334
8879
1557
7679
1153
5452
3626
9990
9032
5657
8279
7741
4065
6113
5241
7550
2017
8661
2607
5497
4733
2905
3687
6154
3762
4003
7909
5947
7057
3175
6601
2741
5414
873
2579
8602
4591
2039
6442
5882
1731
3956
2200
5908
6246
111
1711
6467
3549
8124
1969
4066
6312
2880
3310
4931
2634
3483
2408
9504
8427
4084
6309
3530
6118
3828
2399
1159
4863
9881
1289
6601
9570
5655
7855
8939
1734
1183
4705
2235
6889
6442
5934
3993
4760
9986
567
1570
6237
4840
8419
1370
5194
1148
1771
3810
9496
658
8218
9155
9225
7511
8409
5522
6773
779
946
3099
8120
3163
6289
4580
4770
6123
4052
6124
5203
3056
4528
1646
3979
4095
584
2604
9316
3281
5676
3494
1735
9034
5921
944
7456
2154
7273
6834
2859
6851
762
3445
2141
3252
1885
493
9437
5675
7175
6741
5904
3807
6009
9668
5441
8844
3125
2212
5018
7727
3556
6921
1990
5054
7553
6131
6446
9741
451
8832
1570
3900
78
9227
1908
7600
5791
7213
5039
4529
4228
7741
9211
6220
613
6466
736
5108
2267
2132
9024
3871
7546
9083
3263
6938
2924
8131
425
4122
3904
3614
8000
738
3586
7235
1087
6523
3037
8343
4402
5643
880
5549
789
1477
7149
7866
7543
9190
9782
405
5441
6947
984
3889
5461
3001
1707
934
1108
4903
1814
5698
9460
5559
3942
5562
3033
5666
8128
7050
8428
3683
9543
7066
64
6378
1953
1094
5
5849
5562
6197
2523
6317
7057
1876
5953
8794
6330
7
9501
1190
2562
5915
8988
4810
39
7757
4369
19
6036
9122
765
6940
4338
6261
1856
8685
8682
4108
7965
5079
609
9960
4986
540
2146
5378
8555
1439
7125
5094
6127
1359
5092
2851
5096
1427
455
817
5175
4197
9864
1920
3740
9408
5676
3037
4995
869
1726
3285
5061
1774
7216
7386
3207
7964
141
5639
1551
2983
4864
333
7300
1707
778
1734
7162
2606
1185
7471
1287
2015
5736
1671
1065
3216
1928
8672
7989
368
4231
4981
8554
4441
1772
9059
822
6134
2856
9668
4029
4351
976
3367
1306
5462
2858
2039
4031
3171
5476
9082
364
9468
1485
4129
7752
1365
6826
8659
4901
4650
679
3428
8858
2838
6569
2780
9705
5480
2371
5221
6470
2796
9817
5365
1328
7431
9021
6026
7342
6899
8678
7705
2178
6108
4801
4755
7309
6487
2655
2782
6421
645
7696
1903
4586
8111
5433
1416
2090
9953
6880
2251
2683
3365
2028
2367
1257
68
9920
886
463
5394
9456
1437
2185
4833
8787
2895
7891
936
6356
8441
55
1817
3540
4835
97
3142
1270
7712
3160
3979
2839
5845
1301
8584
9820
7065
3512
2400
2050
573
6485
1777
2354
3074
9317
5679
2691
4154
9169
946
7563
83
5954
3156
8257
4749
8233
9210
5691
7269
6368
1490
7163
5887
4848
5749
3219
1454
9880
4806
7109
7895
6272
6629
7955
7321
741
5691
9201
5248
6252
1001
8168
4733
7607
7345
3130
8968
2249
1350
1266
898
1655
7582
8060
6253
7037
2006
9953
591
4896
3726
795
7514
2993
4275
3859
3456
5697
9786
1145
4253
7665
5897
9354
7643
8297
751
7400
5200
4647
2992
7589
6885
174
1691
1554
8915
1628
4045
3855
7834
9781
9423
4295
2587
4425
2683
1117
2118
2601
5222
4803
5388
317
1897
3816
4792
3511
9449
7737
2448
5158
6822
5269
9832
2045
311
2924
5987
2139
9458
9096
5335
5579
3504
7405
5800
6128
9772
1891
3544
924
7804
4798
4343
510
3419
4883
9203
873
4978
4438
5086
1775
1485
6274
4000
5949
5871
7694
7164
5787
5009
973
8237
3342
9987
1600
8695
444
923
3353
3428
5109
8447
7005
8458
496
6155
208
513
5159
9165
7815
8184
6690
8470
4372
9000
8224
5970
9266
9699
2802
6490
9607
5797
5173
413
1745
4829
1356
2559
3740
7123
126
3919
214
5561
9390
9188
2793
1336
8109
1436
5563
6854
1998
8449
8316
8334
4009
3262
3000
8752
4688
1284
5514
4110
8821
9105
6576
9383
5882
4387
34
8674
1217
1894
1159
4602
1945
7112
8649
8841
8783
2370
7952
8424
3622
7434
8424
161
2204
5692
6273
175
5086
6748
400
2988
3385
6750
4009
533
3469
8655
7225
3665
8016
4004
9948
9028
1842
4660
1412
2351
9632
5120
2155
5877
9390
737
1336
2076
3614
3146
7852
1753
681
6072
2402
5511
2489
1269
6717
2115
2451
5787
3951
668
5934
375
7232
9164
3507
3405
5694
1811
7397
9700
7124
423
5719
298
831
7727
5452
2196
87
9357
3412
1000
4348
617
9881
762
83
7252
3025
9550
8134
7323
28
6103
3275
4896
1043
8708
7084
8580
8283
6537
1787
5350
9635
2886
6102
2347
5350
2671
7987
726
6163
6414
2510
2110
1379
3610
5732
8340
4499
3833
3125
9399
5473
5388
147
5747
2941
1624
7477
911
8803
2731
5912
1877
7855
9449
4729
8629
6819
1499
8939
9144
5862
7360
8337
9385
5180
6206
7184
8641
5962
3701
6663
4830
7438
2432
2244
7113
4506
75
8713
5663
2662
8933
4669
5143
8398
9750
1160
978
1702
753
617
6538
474
5650
1017
5381
3275
8133
2039
5875
525
3253
1261
4050
5066
8362
5730
7133
3981
7635
8664
9341
1259
3277
7193
9412
9150
7644
1044
8457
1207
5296
7886
3569
3568
8576
7175
5359
9846
726
5222
6400
6949
7710
2018
4604
440
7056
5956
8519
8487
4943
6281
7047
1955
8994
5007
6413
2842
5224
2054
5882
1497
5308
5670
1210
555
9047
6837
9987
7499
3216
662
8858
2709
3804
6232
2994
6955
4195
6152
1967
5992
9211
4467
1156
2046
9850
9941
7006
9042
7958
6304
5835
8946
5710
3584
7170
1651
2748
1093
1304
1402
9624
6823
7071
9076
8276
3677
5483
3179
4704
3636
4314
4083
4472
6578
2972
3202
5494
5432
4741
3321
8470
7718
8570
1523
1712
5970
2587
6770
7458
990
2714
4863
9092
2866
5193
5141
3016
1958
8869
2592
7653
2352
8508
3797
853
7102
737
2656
6336
3113
3710
320
8639
2735
1498
6636
2237
916
3228
4212
6596
8018
7848
8157
1978
2078
4765
6777
6160
4360
7198
3752
5671
6929
3390
6672
6348
8854
4253
4055
7347
7264
9737
4746
7636
2281
2602
1017
2221
8745
8775
6193
4872
5376
7633
4104
6263
4088
7344
2680
3381
5860
3191
9774
6803
7138
9811
5737
4394
6603
1572
6510
5535
104
3730
9023
6190
3992
3683
2520
7843
4123
5587
2773
5903
2505
6455
5914
4355
4664
1977
6174
4105
7906
734
3422
5256
7747
445
7849
8415
880
7909
8240
7222
7070
9502
4236
3836
8990
9595
506
7264
8181
4356
3533
9890
4860
3264
7903
5077
4565
2287
291
6651
2223
3169
6457
2828
8141
1520
3142
7845
8337
5867
1841
7245
268
7803
1509
3282
9286
6153
8721
9411
2242
7324
9355
8528
5029
5562
843
298
9323
7871
3168
3802
6880
4622
4021
8945
9116
9678
215
639
2175
882
9292
8471
940
9039
2763
4163
65
3379
3679
1052
1010
6963
8230
5630
9563
6259
6580
7468
7491
3706
4769
7981
4326
339
7554
160
4205
6055
2122
2620
2237
197
3460
3595
2265
3933
5410
7743
2834
7351
3906
9718
3277
4000
8272
768
7285
3501
5895
7076
9856
638
8880
3855
7144
9386
3184
9005
4579
4860
2062
9696
5009
6955
4842
8416
8934
7335
5632
254
1608
909
2842
2510
9471
752
4761
7395
5666
4197
1996
2369
7127
9194
7871
8503
6420
2674
183
9594
6086
3831
8796
6961
9442
9025
1742
2143
4410
189
8183
6091
9481
6662
1830
8800
7129
1747
1889
9727
6469
3648
1609
5730
4379
2950
6028
4982
6754
8628
6138
6713
9249
2208
7885
1078
4796
253
59
6937
6113
2887
9694
10
3883
6567
3325
7798
2499
5479
7945
8510
2668
7933
6612
5765
2078
8433
43
6470
7104
3993
8022
5621
4466
2607
1990
5550
4250
2050
6947
6560
6261
8522
5003
6718
3982
7455
3520
3717
6552
4561
5549
6260
1218
4074
6920
8718
9441
8529
5117
6956
6464
5377
3681
2935
2286
7598
5818
445
443
6985
5833
6783
1990
5731
57
395
2674
7535
7174
1959
8069
2213
5268
5024
9189
9590
7696
3047
2049
9815
4328
5880
8564
5331
6050
9440
9100
6011
8850
6415
7787
8886
2482
3363
6503
1894
1569
4316
3393
305
704
7442
1631
343
5247
6317
71
8176
9611
9920
758
9507
5749
1639
3425
5388
6697
7608
5379
8780
3899
4854
8975
1705
366
4947
365
7419
7016
9911
7158
211
7595
8275
2119
4757
2497
8389
697
2404
53
6807
698
8093
9329
1346
2243
4823
1179
1067
36
8682
1969
4924
861
3996
6063
2849
6695
8423
2072
5786
9732
2987
3439
3987
6519
3101
7804
8736
9211
5269
132
8916
2651
4114
7363
5029
3338
593
534
2308
7060
6293
7932
2846
6986
7843
4895
1025
6676
8367
9839
4248
6088
7695
8934
3926
171
8649
9494
9559
239
8834
2103
3352
1467
5481
1878
908
2147
8548
579
8527
1430
4544
2349
7459
6357
753
6034
3937
268
1676
2045
996
3356
6918
130
1221
5571
4236
4294
1359
1658
2906
4167
941
7570
6040
8428
9626
7636
39
6658
9445
3294
3749
9213
9788
9877
3134
2256
5801
9776
7011
7772
5046
9966
1083
2878
5484
5296
4095
5347
5483
4990
9463
7482
1035
6794
1621
9886
3099
8964
2596
8558
389
4345
838
2135
6781
7020
4640
8042
3380
2531
6398
3746
6914
3287
3644
8740
4257
4396
3646
9364
8668
9980
2
5262
7187
2701
2734
8928
4133
137
8054
6018
481
9694
7118
3134
7579
9759
2965
6355
3054
9629
7442
1079
1630
4092
7498
4872
1316
4324
3521
1905
922
9482
9840
9787
6728
7337
7477
1184
8694
4256
4484
4618
5571
2231
3601
1086
6063
9159
2486
4715
4084
738
4168
47
7434
5395
8833
6025
7341
5758
5240
8763
5441
4958
5774
11
749
1873
2572
414
1830
2872
2787
9625
2901
5995
1132
4130
7292
953
8268
5800
1132
9306
4632
8836
1088
4557
6578
4328
5620
2115
902
2513
2988
3385
9606
1329
1743
4019
2416
7306
2313
9608
3854
3804
5832
581
9489
6297
5194
2217
7688
3684
7262
3284
6521
9762
7051
3425
4604
7712
2996
2954
2073
3799
6491
3808
2637
1931
9599
6372
9865
6095
761
5269
8968
3376
8158
2816
1363
9062
9892
3772
6061
5541
9136
3163
6473
4392
7966
4748
3946
2250
4680
2157
86
2694
8776
4098
2900
5932
8337
947
9674
7584
8896
9025
5790
9819
2251
5520
4858
5703
156
1490
2577
606
2393
5394
9007
5327
4693
6904
9596
5216
7650
4260
4828
2907
4968
6392
2735
7484
1578
6662
5396
8808
4915
474
4701
9940
5166
441
5625
9472
7168
2623
2945
7323
8425
3979
5667
5291
8376
5647
8304
3721
6090
3475
5803
8201
6155
3862
1134
6515
6472
9915
4676
5491
3973
412
310
5905
3115
2005
9394
8489
352
8560
5708
2340
6084
6649
5010
8174
6154
1146
1608
6712
8727
1374
1002
900
3735
6372
8471
7912
3991
4122
1312
3402
9033
7652
394
1307
451
7034
9563
701
7546
9524
6593
7906
710
7506
651
7166
156
11
4789
3130
2730
6704
6237
275
5424
9947
5518
8832
1390
1158
8805
3946
8930
9740
3761
5644
1726
2074
7421
6234
2713
6506
5085
7279
5470
333
7525
7863
5133
4712
1904
4634
7032
91
5278
5353
928
5395
932
4167
8457
8768
5351
4192
8589
1768
5184
5632
4009
5978
2837
8253
5519
6967
1314
9886
1481
4523
3372
2009
8486
5389
5052
3910
5978
4561
3672
5578
2656
6074
1247
2746
8079
8761
9720
8555
2716
14
2029
5206
9707
1474
9471
3635
4320
6052
1214
5495
5971
983
9828
7008
6492
3428
5706
4628
2558
3453
9250
8130
8559
80
7520
2901
1370
8221
7221
4360
3890
6862
8051
8563
5796
8427
1066
7213
9500
1299
8426
2618
1267
981
439
2179
40
635
7478
8196
1398
1315
8655
4908
7023
258
8925
3512
449
6941
9980
9269
9977
7886
8225
2884
6934
1337
8520
5971
830
2262
1323
2342
2054
5748
3461
5992
756
5006
7763
1551
4799
6246
9890
7491
32
842
9014
986
8636
4297
9635
4593
7493
5254
8464
2797
9206
4253
3669
8592
4735
8925
8330
46
1428
768
6
6423
228
1646
8632
9469
3918
4739
1601
9958
3004
4323
303
5833
581
6056
9609
6763
6391
8086
6783
8279
8042
3132
399
724
5757
9492
7329
8330
2882
2428
4124
5268
9881
9023
1058
8547
2058
8966
3574
2534
1049
7419
7275
6570
2539
1657
1945
883
9149
7443
263
1104
8808
1889
3251
9774
6223
9944
2022
2737
3661
7483
1474
2197
6471
4626
525
1961
2603
3127
4690
6993
8053
6138
3933
1593
7068
7824
6673
3649
5399
1431
1909
2533
3275
4053
1989
9119
814
2341
7275
6078
3181
7421
7783
2667
8799
9686
4410
7603
8008
8091
6701
2183
9921
2403
504
6785
1958
2798
9599
537
6982
5146
7549
6462
8709
4155
1762
5359
9727
3860
5933
1054
3018
6379
9893
8770
1029
2860
7869
3016
2725
335
214
4087
2475
9894
1086
6193
5362
3384
8963
6327
8027
7720
8725
8709
6033
7332
4425
8984
2058
8058
6107
908
2207
4366
2284
9699
7896
