4635
407
2796
9985
4334
237
2172
5360
9512
8874
9477
8690
3599
4046
1644
9840
1684
5306
825
7470
3177
4744
5213
9706
938
6039
7591
916
4345
6903
8365
9226
71
1779
1046
6972
3091
6291
1416
5210
5579
5325
8442
5081
5430
7974
1349
5690
6771
3542
901
1648
3251
2336
1259
3499
6261
5433
3045
4527
7696
4345
9822
4299
9982
5186
7779
1089
6556
9894
1139
6899
6868
6115
4629
99
7356
9776
4772
7939
8163
2225
8760
1775
5065
4193
935
7439
4487
6854
9053
6735
2924
6249
9099
692
124
7185
5170
4600
1209
7160
3239
7830
6528
8047
7413
575
9227
4660
4973
8980
2717
7922
8517
1359
1587
3765
7560
946
2342
15
7318
7359
8246
1445
1090
4431
1397
310
5304
7396
2803
1023
8030
6229
8158
4055
8707
2098
1510
7187
6738
8404
6547
1768
1732
8862
9099
3205
2035
7532
8995
7
693
1625
5438
9634
5780
3468
5977
8151
8099
1132
7425
1952
476
9160
1154
5734
2874
548
6254
8622
5161
1592
3328
8763
7223
5290
7548
5067
9908
5989
8457
780
2529
5079
7515
1353
8273
4349
3458
3058
9210
9279
5591
7622
607
5342
9427
9530
8787
7084
3185
7144
968
6080
9877
6625
9651
6352
8863
1937
4060
8711
466
7567
8817
6168
4490
6062
4740
2044
1509
3552
4227
7798
5709
2461
5709
1289
8778
6386
2180
9149
4064
6867
6337
7461
7763
3807
2139
1673
1927
8300
4202
3747
9763
1135
5959
955
3670
8404
192
4182
9498
8845
5089
581
206
6762
3780
2435
1413
7010
1968
3106
4765
9856
6602
3835
2360
4543
9298
5024
8225
5976
3238
5544
1903
7997
8605
3893
3262
815
5727
3849
2380
3611
1899
3089
2582
8565
3898
7044
9155
5480
9972
5560
4873
7192
8931
2755
7546
9281
2848
3851
3436
7459
2692
1333
2984
3622
8151
2828
6032
7551
3966
9055
2878
5986
7136
6698
6349
4396
2329
5873
7543
9676
8496
5317
8412
3349
356
1240
5463
5764
3695
9615
4529
1932
4971
7440
936
197
4153
9706
8911
6115
7497
7172
1362
3715
6003
465
4117
7532
8800
7716
6033
8436
6124
5511
1790
9566
8522
4939
621
427
1423
815
4977
3768
6858
539
6375
9725
1819
1375
8441
9668
3191
9247
7341
2295
9099
9471
5394
6613
3559
2451
492
578
9011
2701
6402
3070
1339
3336
6796
7098
6683
9120
742
6943
6065
8913
3527
8832
6726
7957
5051
1441
9892
9466
8439
6189
4347
9382
8438
7234
5754
2608
9412
9062
2584
6927
577
2649
7953
6498
2540
362
8589
1676
8257
3564
8591
4986
9711
4330
3215
9197
943
6151
8461
4706
7673
2626
1010
1741
2373
64
5994
5224
429
9821
763
3240
8821
6473
5038
6607
5892
6492
9652
5497
7880
8556
1546
4892
1788
403
128
7121
3092
4614
7854
2755
2411
9992
9519
6497
6126
8771
6134
7593
9842
1130
4128
4420
2978
5778
4634
6339
2139
8427
1912
6462
5002
6135
3379
1212
3067
1298
4275
856
6455
8833
6706
5998
8545
4479
3153
9706
2921
7378
8311
2823
9641
2326
6233
5297
9198
743
842
7523
8536
2898
2788
1953
6725
318
4486
1459
5508
5032
7265
7142
7635
5177
5888
7927
950
2222
2622
1864
88
1650
3016
8730
5392
2137
5005
9521
659
2543
3845
7171
1084
5392
436
3810
7859
2719
3066
6436
2897
8255
7910
5191
9110
2323
729
3452
4991
9479
1048
7593
6044
9088
3031
1743
2670
8017
8549
4040
7646
9775
2930
5368
962
322
7754
8907
6554
2562
6210
7169
2274
249
3843
4392
8539
6090
9824
9567
222
9496
4760
8955
8021
9873
4973
4505
4788
9906
95
4604
4301
6194
1578
5691
2388
2059
2539
2666
6390
5757
191
1656
2926
4300
7826
9387
7867
2680
7031
8073
2996
9835
1373
2014
349
1244
8362
6512
9778
8312
3253
5292
6724
1663
9827
2648
4523
7420
2856
8008
8904
1618
1975
1560
7078
1172
4874
1288
5932
4408
3374
9268
861
8762
8359
5415
5074
2284
4082
6458
5217
9183
3598
8340
1306
1600
5607
5911
3506
377
7023
8770
290
6934
9200
5877
8353
5434
8235
452
4598
1118
5388
4664
3544
8115
5304
2881
7834
9106
2139
8511
6718
263
3474
4131
9102
270
4981
2962
4655
743
489
2086
4330
7554
6206
1433
4557
1858
9920
8765
3408
2991
9382
5053
9464
928
718
957
3752
5993
2439
4131
9963
71
6583
7683
4431
6398
5837
131
3136
8864
7443
5966
2663
6103
8956
3232
2705
1818
109
2980
2601
4960
7689
8531
7723
3411
2518
2546
2509
6468
3277
3249
3894
4530
2832
7412
553
7721
1406
4007
827
1339
6653
1569
6058
6740
8851
1080
2979
9544
627
5169
6927
7574
6613
188
8700
1812
2947
3089
6593
7187
1478
7259
2304
905
6698
2668
7555
5040
2308
2000
3593
7413
2531
6818
290
7862
1170
5413
1144
5148
4500
2580
2285
5783
6666
5545
8950
407
3745
5370
3523
3071
2015
5742
1639
977
8865
9772
4246
2638
2370
7114
8524
5229
5151
6307
4919
9644
1145
2471
9999
5753
5713
6946
2752
23
9894
3841
2633
4520
2918
324
7508
7212
9520
8915
9753
4319
2806
6927
5186
9224
3015
624
4975
1928
75
4022
3904
2905
490
8454
9530
5408
2611
7770
7725
6486
2597
2025
6076
5750
9028
968
2142
9454
4566
1399
6563
8436
5017
913
3518
5920
6422
1294
3826
4471
4386
8785
1282
3170
3974
7722
5661
5710
5387
3299
8420
7320
4159
5805
581
7269
6851
3179
8732
6411
2400
2037
9665
9630
1400
8398
6847
6871
7400
5460
8332
8581
5055
9974
9519
4551
30
7938
9905
960
4651
5010
3667
5647
3258
5225
449
2425
4660
7519
5829
9843
6074
6605
5299
1372
1527
4444
2608
6835
3016
7153
7291
2472
6716
4015
2506
4338
5527
5465
3943
9589
911
7590
3366
1141
8804
384
557
1570
9832
637
3972
72
4378
1473
9685
2123
7844
288
44
3204
3366
5859
5616
1582
325
232
5056
8929
3295
4871
862
3588
8851
4151
7042
6082
3746
9441
4004
2113
9738
1718
2057
8669
5787
1483
7423
2795
6879
4334
5090
9104
7203
2100
6036
6368
8955
3887
544
1985
7763
9930
2011
3905
6602
4296
5984
5160
4792
6895
1433
6245
300
4644
5417
7702
2028
1227
955
2909
555
7075
4716
3743
7573
7601
9691
4945
6789
2127
5791
3762
335
6772
9042
8443
8513
9845
9555
8348
8255
8776
8919
779
3528
9260
5431
9118
1755
2426
8799
8942
1027
8625
8853
6829
4763
9232
8316
5163
3343
3040
240
6596
7395
9025
7740
8366
8596
917
8828
8806
7057
640
8900
1056
6412
6872
51
5354
5411
6677
3967
2873
2510
1982
2478
8915
467
2235
6918
9356
298
2307
1632
1714
9529
9320
9484
5832
3345
861
3418
8088
2544
2109
2149
6968
1436
4717
426
6741
3759
8883
3224
8094
7144
2745
7205
8284
3204
7880
962
8700
8962
3151
7461
9168
5532
3818
5075
6044
6877
4797
2112
7355
6913
1468
2331
9396
1698
6339
4681
3676
897
3242
2525
8146
3206
4591
8393
5709
9895
7867
4761
1129
8288
7023
9245
7715
3256
6002
5579
6210
1740
6344
1738
6002
5213
5927
6779
57
2913
5585
1092
1692
7021
7612
9515
7880
7058
4427
5034
6418
2040
4704
3820
7891
1808
6056
2671
5898
6019
3343
7057
870
5700
8952
5069
3521
391
7861
3787
3530
9553
7614
7268
148
5282
9000
5233
3190
8768
6049
1789
7883
7337
495
6286
1133
9446
8592
311
2280
5236
7305
1720
3186
9029
1046
8675
8318
4816
9035
3264
1619
4246
1509
8364
7058
5843
34
1417
1174
1512
3335
3820
3696
677
1605
4116
6907
9478
5288
1747
158
2001
7549
5735
5887
7732
7496
2225
9601
7377
3736
1567
8442
6173
751
9026
5022
1095
218
2570
9604
538
865
7721
9068
1375
2357
7677
9475
2180
8226
4558
7262
5704
3920
303
663
1516
8997
5728
6440
1992
2212
5015
8038
8830
4881
1340
9350
1526
6367
473
2969
6178
2191
4868
83
9274
3641
4434
4068
8518
6704
3432
1176
9128
3192
3162
4524
9304
394
4179
6302
1889
1241
3791
4915
4203
2175
4485
2531
8711
4274
9685
5815
4884
7060
7429
4130
3887
2291
9824
6674
3754
3756
6238
573
1472
7076
1989
4746
7299
7928
3146
3931
7794
1826
3811
6939
8422
71
8356
5957
9267
3000
8097
6338
8910
9453
7639
1208
3127
149
7299
6187
148
2392
689
2680
1335
2510
1474
8736
6032
5144
4019
8463
9718
6660
8500
826
6765
3575
3319
4608
2785
5501
7343
7884
8115
2234
8994
5002
4761
9821
8784
6211
4300
2666
9255
3446
3182
6382
856
8055
1083
3764
9660
4867
4990
4373
8221
5844
6148
2613
3131
6987
8837
7088
694
6929
7403
2330
4983
2593
7882
5451
9272
4289
3543
7281
8385
5397
7859
2832
1954
2319
9824
8475
6137
5678
1305
3686
5479
4386
7836
3088
7010
5004
5843
8373
4166
7040
9579
3835
1441
620
3188
4926
3639
2261
3373
4209
4948
515
3178
6271
4521
4037
3544
6924
8489
5712
8920
9581
9054
9576
84
470
385
2795
4570
2542
3735
5332
6031
7046
6653
7605
2495
1505
3910
1110
1129
7215
1417
6486
3682
7619
2046
1480
3200
8544
6145
6210
762
647
5737
1881
5009
8542
8937
3445
6291
5071
9348
1809
2373
2734
7455
3776
3370
7021
3205
8282
5952
3770
1329
3271
8599
6522
1630
7203
84
1843
9450
6010
8488
744
1049
740
139
7121
553
1434
1269
4514
923
6794
2887
6170
1962
9670
3726
1307
9405
7247
4590
8847
9995
2556
5300
5462
4422
1885
6008
595
4719
9879
9889
1577
4123
6230
6983
6647
4044
6598
2998
990
7328
1879
81
364
8043
1224
2815
556
4179
211
9442
5814
9557
1716
1420
8527
46
1899
7806
9324
5700
2109
1958
305
1530
1900
6006
47
3045
8350
9243
292
3125
3146
2578
3033
2780
1337
8063
8205
1283
2976
9366
5552
1161
4331
345
5414
8030
9332
628
4913
869
3252
3801
1274
1558
7447
6573
8385
8790
2254
3274
1965
2421
3529
9849
4622
8723
1578
6926
9025
3807
8471
6875
9586
1467
3255
7833
7722
4234
2712
2329
9515
8622
9172
6922
4950
9726
234
6252
7833
4957
7211
4598
1655
7647
7024
2587
2128
4493
4938
652
616
4730
9040
1543
5949
3098
5502
7611
1464
1821
1057
3488
9965
451
1948
2776
2168
4663
6189
6348
132
5309
8865
8051
5102
2026
5249
414
3575
7034
7337
6072
324
8787
2671
2086
8188
4147
2918
5885
9011
992
4590
5797
6234
2395
3367
2901
6015
8976
5370
1270
9877
4814
3521
400
3099
6116
4655
6995
1793
6518
9115
2736
6963
8274
6072
4124
2843
4623
7166
5795
7924
2150
4427
5123
1016
3155
6896
8518
3240
9891
5721
3179
106
7403
9524
4973
6121
5617
4916
7489
2787
4126
4060
570
1654
7517
2512
664
5295
2619
5313
4916
4127
7287
4791
8705
2988
5251
368
7654
7484
9880
866
9548
8857
667
1741
7054
9235
6124
788
2822
9601
6977
8734
1974
6866
3108
8442
8003
6678
5324
6860
7137
7588
7825
4048
8867
5005
5597
3226
2204
8237
8317
712
6646
3057
6846
3477
4236
3636
9364
1781
1490
3153
1064
9483
7273
7957
7129
9035
7545
8937
5324
3491
5372
622
7433
7602
9354
7657
1858
7867
4115
4181
7177
1108
4862
6703
9607
1371
1374
6820
872
6112
8980
823
325
5331
7697
1351
9815
7965
5301
5944
2522
9320
1052
2734
2568
736
1803
9675
7774
4624
7764
7783
1497
8730
8195
8864
394
7800
266
4947
5380
7590
3916
3836
6959
5269
8706
5774
9578
5165
74
1834
3890
250
3177
142
1022
8926
6294
7465
9219
376
5145
8668
369
1519
3103
6917
4657
5351
7461
6781
6546
9625
4666
5823
1489
7380
5188
9751
2258
7986
6898
6532
9054
7630
6110
13
5920
3923
7629
2146
7436
8271
1791
7720
5696
4545
4879
3199
9932
3112
2758
7835
1581
2799
2551
6884
8350
3875
8285
2927
570
4662
3746
6543
205
4536
762
2650
386
7762
7797
1255
85
8427
7150
9428
267
2138
9757
216
1216
8512
3876
3712
3819
1781
9702
1785
8362
9611
3200
5351
2839
1833
2614
3029
8964
7250
6516
1962
543
1339
342
9285
8447
5592
687
2630
6825
9130
6257
730
1311
2767
2684
3262
7385
6863
1745
6187
4388
7094
747
1378
5665
7757
6118
7331
5205
8675
8634
6400
2995
564
4232
6015
3408
2943
4269
5562
8775
7471
3276
4156
9851
4529
1523
8444
5111
4574
2648
5311
145
1830
2363
1161
9219
4621
1420
464
7033
2704
9959
5622
2519
9823
684
9085
9083
9276
4802
3581
8187
3766
4320
3289
1279
8359
6678
303
3309
4866
4549
4157
632
2568
4892
7876
6658
1337
865
7573
8423
43
7951
2361
9742
3398
1216
4073
5232
2621
2806
3350
7392
8829
680
4855
6266
1103
3517
7206
1558
2627
2712
1234
3564
4307
3217
6577
7082
2091
2563
3074
3552
8371
7459
4107
740
613
9161
2159
6375
6948
2537
4307
787
2023
2378
6202
3714
3365
6373
8426
4387
4790
3309
7891
1834
60
3027
6438
3678
847
6152
7260
6908
9624
883
7350
1295
2175
9552
759
1721
7451
4167
7428
5758
434
8814
2829
4380
9384
6688
1258
9916
4428
4932
66
1865
2678
8584
8878
7215
336
592
684
1987
1263
4725
2688
630
6604
8193
4855
2970
9092
9189
7012
7900
9291
1894
2201
2247
935
8592
7856
1199
988
2642
5648
1726
366
8670
7734
515
9503
7153
848
3185
2087
5275
2924
8784
8263
7979
2396
7650
6284
4266
4827
929
9322
1013
8849
2898
2897
5114
1461
6554
2787
7906
4021
8242
5261
1923
2072
7401
4420
7692
7506
7949
4670
3990
6629
6271
8825
2731
4614
8128
9272
4640
3919
5619
4941
7856
3974
2339
5951
761
3691
2271
2097
1038
2705
336
3260
5858
252
7644
242
4219
2949
5293
504
3695
6625
107
2011
5249
3049
3672
5725
4991
7250
7423
8617
9399
8223
9818
8310
5588
4432
9276
5759
4921
746
8597
3911
8265
4147
7906
5990
9240
7671
7271
5176
8607
119
2832
95
2848
8147
8498
3352
5090
3
5352
8971
9520
7250
2115
3298
7567
6516
3315
7863
4206
9159
3265
6096
3871
6704
9409
4231
3093
3904
3629
8738
8567
4829
9474
7967
4714
8178
4796
6625
4852
5541
477
3066
3139
3465
7526
6568
4523
9249
9243
8885
1394
7216
7184
2170
8314
5761
5915
4832
8452
2300
9241
6527
106
467
9741
8157
6765
8440
9252
2196
4224
450
8293
3026
2899
2702
6762
2310
8245
2328
745
9420
1918
1401
110
6931
8981
3990
2817
1973
9504
3308
3908
4223
6609
6202
2142
1892
1001
5761
8686
1116
2341
2729
108
8070
9548
2001
3516
147
2471
6175
3233
6351
9337
3773
3998
973
7459
9903
120
9544
3487
1645
1359
2063
2309
9539
595
9461
7547
6429
9682
734
8505
7531
9155
1327
5081
7620
3528
6465
3302
4115
6779
6803
7445
6657
3017
421
3053
9736
5892
1950
6205
1361
8170
1527
1954
8577
6436
6151
5008
4271
4910
6999
4055
9577
8224
3773
5898
6033
8970
5328
9179
487
5332
110
6667
2243
3358
2003
1298
3737
6343
5724
3947
9310
5025
613
6358
1930
1977
701
9006
3021
5845
8542
7632
7929
6142
2729
4185
581
4664
1457
9727
4834
9177
4249
3598
3292
1961
9898
4309
9404
1080
6746
8652
614
5076
2932
8984
5568
29
8721
3913
7286
3563
1251
7518
130
9489
5317
4452
1704
5722
4300
3585
7824
9885
2460
4520
8529
3525
3600
7585
6076
5053
847
2818
1139
9689
158
9348
6405
5937
3831
936
3344
1076
6579
3862
9956
6043
3201
6483
876
3206
758
6168
7934
3699
9374
5
9242
3357
3332
5897
2654
1477
1134
2684
9152
4665
4928
9160
2163
9390
8527
8665
3462
9760
4472
1783
1221
4031
7605
6881
2730
5165
5083
3489
5398
3616
2640
2612
1068
4765
517
8674
4632
1578
9672
370
5062
3642
4853
885
6633
488
9952
4586
1601
9710
4749
7269
476
2343
2416
1391
4612
4449
4585
3138
2189
8585
5447
4663
8275
1225
5075
6136
5928
892
8431
3668
4886
4845
9278
6348
7898
987
2634
4479
3981
5686
8977
3071
820
3349
8135
5841
2928
5177
8377
9545
628
9922
6328
2204
3483
6220
5192
7085
3842
616
1450
7609
1016
5897
692
5637
7305
8690
2581
3318
1989
1915
284
6067
1936
9682
6670
2302
6024
8608
9575
3995
4951
6889
5470
6568
3653
2237
2608
2714
8027
9637
1452
3592
761
7615
2668
6098
9686
2713
978
8877
9075
896
8644
4305
252
4698
8289
4517
9841
4363
1447
9650
8409
3819
5988
1607
8879
3447
8178
5511
2938
7799
8637
6206
7300
6682
815
7118
6403
2980
4806
2496
7316
639
2924
7749
405
8073
6104
9799
3605
1216
4159
3647
6169
5517
1493
9035
9525
4935
9850
1328
3694
3822
1261
1437
9209
1063
9636
5441
9247
1074
3956
132
2201
6907
3642
6929
9565
9442
4221
9224
5535
3580
8229
4376
3121
5536
8062
3879
9124
4010
5540
377
3743
8480
2211
7102
6719
9742
7495
3435
4233
6048
7217
1826
7380
3481
6140
4737
3195
8930
5928
5522
8918
9594
4232
5842
773
8896
7606
69
53
2104
1541
696
5796
7230
6367
7945
3384
5999
9099
8251
5546
1545
9530
4025
6941
8585
5802
5887
6314
4747
7047
514
5762
895
6384
799
6619
2901
5515
2614
7557
8035
167
1101
1865
525
4688
1488
4736
3350
7567
3119
985
5782
1869
205
9102
1519
7241
975
7850
7054
2028
8204
6546
63
5011
2340
1901
3299
518
4029
7896
2018
4853
2348
1393
9622
673
47
7720
4151
2772
7588
8609
8756
6977
6589
8147
6474
7827
6896
9205
1089
7216
4109
4819
3339
6799
8111
2013
2544
5931
3571
1244
4503
922
939
1523
975
7948
5769
3436
745
9424
3491
5685
8785
6619
3788
8072
969
7186
4466
7609
5098
2804
2330
6963
8804
2419
8470
5065
5724
9382
9861
8685
8654
6419
7181
5436
3265
8729
8821
981
3868
8587
6028
207
5588
2399
1553
5327
5455
2512
5492
7037
4006
4397
4044
4648
7744
4342
2539
2929
8215
2586
7246
7367
412
5512
152
9470
1011
4426
5501
4546
944
4751
3190
8666
3600
3361
6207
6187
7852
1536
9596
4366
4496
6569
1149
3962
6645
2870
1028
3678
9203
8746
9129
748
1967
6724
342
8345
363
2114
8983
7127
3881
6949
9585
1331
2250
141
2047
982
6201
7346
3544
2943
1078
2697
6243
7528
7386
3439
6105
6334
2407
5986
7410
1977
3276
6790
828
6463
6634
4799
5350
566
8643
6504
5234
9530
5557
7013
1954
7285
1479
1430
8793
6746
7795
6725
7316
569
4713
4728
3566
7962
1510
9620
1323
9061
7969
1710
220
3623
5330
9559
2648
2414
7264
5827
9436
8115
3649
269
6552
2361
7925
8186
1646
7998
4263
7231
2487
5600
546
8477
2226
6580
1198
7423
1058
1790
7619
708
9888
7173
9176
5128
6838
3474
5625
7987
1303
1174
2275
1325
811
947
3581
3297
1955
7068
297
7380
7499
203
9036
9934
6971
2973
114
1059
8089
6171
293
7307
4653
8572
6518
2191
7111
4806
748
1948
6244
3753
4656
5830
4156
4121
5345
7559
9668
7761
4005
8
693
7929
6132
916
9467
4135
6762
1885
7613
3996
8137
9403
7861
2192
2053
6792
2357
5347
524
8312
5744
6971
638
2615
472
4825
2367
3673
1088
9929
2849
7164
9003
1954
2999
376
6918
468
5248
2542
5979
3038
7122
8008
3101
7591
3535
4907
2486
5868
3141
6821
7233
9050
4120
298
9365
9987
9387
8945
6701
4982
9251
5501
9878
7185
2311
2290
3347
4133
3474
7028
6400
3785
9167
246
3530
2505
2741
9427
9690
4419
7757
266
7361
9436
1221
7241
9873
347
9825
5457
5436
8377
32
2567
9714
2633
2967
4396
6156
2329
812
3756
4079
2300
1351
6475
8526
3033
6746
7786
5471
7036
5066
7628
7830
34
8917
9601
2643
584
9932
8853
5233
5017
5519
5237
5359
1037
2528
1490
6736
7936
80
2537
8005
1019
2471
7828
334
6935
4815
8532
8091
8520
5900
8793
4114
1975
5162
2271
9629
8189
1679
619
8965
2240
2839
3900
726
1737
7483
2836
1979
5494
9914
5253
8389
3734
4156
6053
7939
5586
4486
1260
4644
2583
7672
1197
7305
8891
7936
6001
6587
6995
8324
5131
8123
9298
7388
9380
1533
4222
842
7642
9269
4586
9920
8636
9984
1973
9043
388
9197
6321
7695
3738
8677
5629
9576
319
84
4567
8430
1023
3147
8692
1889
4435
8049
8063
5586
8501
7531
7375
7869
867
2675
7720
3326
2250
7435
8184
3280
2007
9805
1035
5667
2638
7799
5501
5708
3752
2071
5214
4817
8603
9633
2293
3968
9063
4128
4301
5657
9127
2298
2637
720
1710
7921
7543
7730
2514
6994
5172
7556
458
6528
1375
7480
8592
3921
302
1626
8584
606
2482
8458
56
6828
7104
5996
3705
946
2018
4857
4600
6483
2484
269
1050
9318
2831
5040
7114
1329
3277
8129
272
3446
3335
7006
5462
1462
5568
7663
9387
2089
5830
6644
7423
5986
131
5620
3166
3991
8467
9013
3313
1834
3401
1530
953
2036
7269
1897
3200
3653
3533
3255
4084
2776
664
4847
4375
6524
4362
7290
7135
6672
6488
8342
2385
1054
4659
2453
2796
2859
4895
3033
931
3858
9651
8695
5412
7679
6189
9495
1361
7200
9195
3136
3155
4736
3587
735
1323
6314
2876
6200
9609
2898
7431
7302
5921
2478
1147
4416
4652
1185
5501
266
517
1197
7495
7314
1907
4808
6120
9400
1473
9211
8381
9538
3100
1088
3883
3186
1609
3429
3261
5367
881
6689
7223
6790
8642
6857
4093
5139
9636
4638
1429
9747
770
4165
6991
7876
6058
4651
9409
8479
5860
6705
6740
897
4549
9493
6115
2169
137
7252
9804
5454
2879
3710
6741
7992
7003
4429
1976
5622
8186
1066
1009
8584
2326
4051
2735
9666
8175
3380
1556
5675
3968
9079
6290
1122
9440
4674
8260
3690
3053
9404
5579
759
3914
4217
2538
2819
897
2682
5333
7475
5996
9747
4868
9430
5481
2404
4634
9781
6622
3906
8631
5755
6874
2087
2667
9958
9729
8319
5942
6427
270
6656
3876
1565
8285
7155
8382
507
8515
9574
7639
3505
7002
3488
317
2397
7638
9198
996
8173
5578
3180
6358
1699
7724
9318
5659
472
7866
2787
8175
1381
1056
1818
1063
5086
7660
3108
6137
8271
3631
1946
1855
4483
1177
5243
3242
4545
6335
779
7141
1892
3148
7561
8214
7781
5404
6203
2891
9141
549
6984
6830
4965
660
9495
5198
2923
1501
3593
1097
473
8929
8208
5555
4126
7343
5619
3995
4223
6925
1592
5712
6302
9099
2833
3698
18
5381
354
393
5578
6385
7030
6288
9358
1337
7229
7348
6796
7967
8338
9401
5065
9374
9663
2366
5508
5225
2613
9826
9869
5829
2472
2368
4228
764
3385
7770
4230
4184
5287
7509
6536
5515
1540
5482
1092
5043
7260
4843
7303
1981
6506
4520
4845
710
4578
4754
4740
6370
8781
5893
6429
5633
8743
459
8441
9292
9671
8338
8794
583
2688
2138
2578
3869
3375
9801
5610
8498
7865
7612
5954
4963
6398
9810
962
4125
5762
3801
4621
7392
9337
9283
3819
877
3001
8576
9607
1349
1740
8531
7116
2547
3444
7857
3437
9567
5351
672
5643
2312
3738
5831
536
5288
2586
3981
6111
4246
1476
4071
3616
9478
2112
967
9945
4050
4251
4557
484
8233
6406
5981
4818
7010
5418
8219
9370
8738
7115
3480
924
9020
62
1482
6431
7276
6873
8260
7122
6952
674
6063
4996
8726
7310
4709
3853
6297
992
5296
3160
126
5696
860
8934
8531
3097
8585
8376
4729
5578
2833
2212
1334
6808
7274
5442
9677
2448
3725
5381
2970
9008
7882
1748
7401
306
9572
2209
6242
6124
575
4588
465
2195
9753
8702
6024
8050
2370
7561
2994
2614
8719
8239
4588
888
6097
7349
9972
7099
2469
4241
9609
2325
3472
9728
196
6429
2607
1011
977
7797
2408
3856
8861
616
3704
8187
6594
883
562
4627
7763
2304
8539
7434
9956
2055
1801
3842
4178
6372
6116
6357
6511
6281
3996
2733
8392
8763
8955
8524
6320
6380
4633
7503
3100
7871
4185
3122
9649
5745
1728
4810
3375
3303
4871
5568
253
6058
5147
9195
1269
8497
8842
8371
4083
8582
6986
6005
7174
5520
2353
2598
8602
2142
6654
6478
9645
8267
8681
5637
7995
9162
1048
7224
2341
3888
7398
6925
2100
2301
5309
8067
6164
8244
1348
4462
2682
4527
2751
4043
9598
3477
8172
2423
6360
4509
121
2978
1041
6712
1456
4334
7179
9035
7527
907
7792
1834
4979
4174
5846
4951
5366
2665
6557
9933
627
9742
1081
5493
9039
4303
7310
267
2028
6515
8818
6336
2292
7858
7314
2992
9971
4822
7580
26
6238
337
759
4960
6603
8447
8352
4955
3850
3740
1506
7174
5763
9474
247
1488
3949
9372
591
9439
1097
7662
4419
6622
4501
9903
6827
321
4163
6662
4404
2621
3011
2891
4515
6071
5634
2474
2014
6304
7337
9002
5818
1943
1037
8428
9353
1284
8667
6694
2005
2033
8643
7408
5191
5087
3581
2390
4690
6788
7546
3408
3050
8675
6058
6281
3138
1285
1114
4805
6205
2981
3846
797
667
4428
8046
1563
3284
5255
2092
2227
1545
5299
5505
5542
1077
8428
6838
339
1184
2175
8193
7626
6947
7361
2243
3472
1213
8292
5022
7643
9337
543
8251
1680
9917
1087
9058
7703
2537
4191
3579
3640
5213
2139
8272
5092
2702
8610
3879
8051
9448
5922
7308
7179
1947
4887
1589
3188
3960
6933
5341
1166
2132
3598
8019
7059
925
6345
889
8450
4089
6922
5233
1632
6631
8815
7116
5169
9370
7436
2413
3497
7261
9816
9693
8277
34
940
4695
3650
9207
5294
3191
7283
1941
1169
9916
2783
1160
3691
8099
3635
798
1332
502
3142
6611
3887
141
291
528
131
9202
5614
425
6293
7874
1922
1605
1773
2887
4521
4088
5605
8892
1285
9901
9142
8877
3807
9663
9717
5320
1859
7709
5985
5142
6277
8034
1963
1792
9527
3771
6778
4390
9425
2134
6427
4006
7979
1169
8231
2625
358
188
7857
685
7827
4597
4265
498
1577
7258
7728
7200
2775
3726
9076
2007
2767
266
8883
9778
6996
3368
1124
7848
1395
7374
101
4138
2928
9911
5746
4578
3629
9811
4625
8192
4716
9541
5463
2219
6980
5041
2274
5909
4485
8700
2980
4768
505
3523
9397
3278
4435
9276
1039
1340
2888
8020
6286
5008
1419
9842
4675
5638
6971
4182
4531
6272
8844
62
9695
811
1788
2576
4879
5770
6166
7521
3861
7848
7320
2939
400
8010
1755
4108
2473
6255
2802
160
6221
3325
5825
8322
2132
6961
888
9001
5795
4223
9931
8519
1005
1741
548
1245
7693
8971
5273
7572
3312
329
4461
9822
4296
2416
6248
4700
136
570
9779
9052
3301
5789
7158
4034
4593
2807
5035
2926
1351
7387
7639
9170
2070
4931
7238
1725
6970
5590
4354
3890
7164
8128
8837
8335
1054
5919
9138
6157
5591
9887
2309
1096
5703
3337
1922
235
2686
266
6031
3369
4359
2045
4710
1354
760
543
5174
8029
7481
8388
952
2789
9553
1099
1710
6589
8971
2397
7004
3311
4375
9686
5521
2984
8694
7746
2010
6412
9672
4061
5285
7343
5865
4440
3309
6402
5282
3515
1963
6003
2721
5894
4680
144
4765
4290
5936
9993
4708
1069
2746
4812
1552
5906
8874
4319
3612
3129
4488
1757
8603
5825
3455
6798
2631
8983
606
2789
1930
8020
1528
9829
792
7021
6843
8321
8036
7944
4389
3048
2340
13
9883
3943
3145
2328
4654
5076
4110
4070
7124
8601
5875
2280
9581
2670
9967
5666
287
2758
903
9259
8935
4110
845
72
6272
1004
4776
5901
9539
9535
4817
3808
9085
9161
3558
2540
5903
3974
6643
5015
7534
3852
8017
3450
7680
2332
9625
1443
1701
6634
7941
9303
2066
1603
7832
9525
2047
1087
1350
4712
6051
5329
292
6881
3411
3139
7313
2802
8045
5844
6879
2005
1953
7188
6272
3834
2423
2081
7732
8689
5303
7677
9464
7123
2394
4942
1150
4663
5203
5260
3819
6737
3935
522
6314
600
2824
4498
3807
2135
8385
9922
9892
913
4088
2379
5240
6164
9419
3427
2548
5317
3813
99
9922
6407
4963
1052
236
4554
7286
7942
2781
1179
9563
8118
9016
9526
1023
7720
497
9658
3473
6590
8639
4184
1599
1845
6550
1375
4353
4297
9622
9492
9716
93
1520
8687
3139
7166
877
4157
1809
8530
779
8133
4541
793
6101
3587
8843
7576
8076
5660
7846
5414
1844
4459
2642
5386
9209
2378
1171
6905
533
6336
3574
444
6787
6914
7013
5066
1994
7860
4868
6235
1495
939
3093
1685
4658
3055
6214
4227
5088
5956
581
748
6685
638
6140
2665
971
7771
5828
4507
6708
9818
4302
6863
4946
5337
1128
7478
9695
444
715
391
9836
2364
4046
5577
9843
5951
1916
6150
3755
7781
3918
4407
744
3569
695
4345
2376
4994
3120
6260
9831
2072
8507
553
2434
735
9165
7214
9057
1719
9413
4603
914
5272
8568
9047
6282
8195
3364
8422
7294
8741
6623
6733
4022
8131
2380
698
5129
9866
7745
6102
6572
3601
9243
7395
1582
8924
5794
9546
6989
1589
384
2638
4627
8960
8851
7348
896
4316
1437
6035
5999
4462
7740
7051
8689
964
9753
3115
2598
4044
6547
6243
598
6586
6415
3142
8382
3914
1210
2776
5334
6202
7250
9964
8468
9345
5888
4833
1332
5644
8623
8885
2667
3380
3484
4215
3741
2896
6146
3002
6078
8497
2553
8030
3238
2563
1612
3940
6659
8732
1604
7376
4804
4839
7109
5732
7480
8825
6850
6115
8501
955
4464
1098
7067
8148
7830
520
3858
8420
3407
4549
7240
6948
2770
8704
4792
4424
1920
8758
2333
7880
6925
8886
8357
6145
926
4809
929
8849
3325
1230
4235
1960
609
5864
2016
1141
7845
3161
3028
6253
4128
1614
5806
2583
3307
4943
8819
7603
3112
9448
7041
9357
8887
5914
1822
6330
9830
6223
8615
7072
6790
5419
5236
8391
6518
1686
9586
9771
2000
1956
7667
5824
5393
8613
8101
5941
5046
2760
2411
8972
3712
1561
2041
1886
3576
8612
7220
3095
5735
2014
2165
3707
9431
8783
9770
7873
2260
7013
1843
456
5708
6652
8212
6286
9807
1028
3470
3619
8509
5198
4508
9602
5448
518
2380
3829
3074
9745
1345
7658
3146
2775
2105
7334
4989
4636
2279
104
9352
2654
5798
4155
4626
9366
8309
8852
4215
5939
8764
4078
1197
9485
1874
7710
5076
2680
3979
2170
1428
7837
8596
3631
8693
9043
3258
3141
9073
18
1302
1248
1627
1458
7601
232
7967
3432
2800
3715
4190
6472
1186
8137
1435
1953
3990
4141
4242
7593
3566
3305
8717
3515
1304
4453
939
6224
1525
1176
7908
6163
3004
7606
6432
5172
4042
8124
7274
6777
2254
8112
4318
4416
5333
867
2559
3034
414
4950
9186
4678
7684
2205
921
2944
7173
7798
128
3822
3810
2357
8795
4651
3710
7923
7226
917
2545
1680
5483
3494
1236
6849
4626
5424
3169
4147
4380
3036
356
3152
7273
7652
7754
7818
5930
1915
5712
2380
1180
7210
1778
4252
5540
4885
1994
5154
4932
1355
1948
5004
903
8459
385
1268
9827
3256
2216
9941
2977
1014
1026
3155
9703
9750
3811
2063
5035
2532
5499
2445
2082
6909
1617
7537
9404
9313
7121
2455
7594
7320
5138
7999
6049
1454
2766
2825
5659
8685
9999
8693
5016
1971
8712
3781
9720
2585
3875
9683
8279
9203
3225
7458
209
5243
5041
5764
3808
3198
1178
5344
7674
5240
8849
3602
5044
5553
5775
4187
6538
6817
4423
5379
6513
2773
1653
819
674
2384
4435
4605
5726
1093
6144
8154
8062
5497
5795
7340
1572
1541
1324
6223
7301
7118
3693
8210
9980
5048
5331
3109
6398
6668
231
6003
1281
3529
3585
4640
9303
584
8547
4897
7525
626
15
8388
5466
4062
1206
4571
5906
2459
1383
3896
7215
8160
6099
9176
7773
9577
6411
5959
6187
629
5922
1335
1152
4700
7207
7827
325
6780
1473
9084
8950
6031
983
5129
6586
1678
1054
5485
5351
1617
7365
5614
2302
5024
6892
2224
5800
3549
3040
9745
4682
3173
3452
5611
3291
3927
9187
9901
2535
1189
9554
7998
8450
8878
9392
7144
5098
1469
7552
6319
8085
773
1494
8964
8281
6373
7761
6758
8006
7683
5264
559
9642
7807
1477
4
7910
4604
4539
4291
6575
4329
7775
9447
6840
9973
7644
3610
5856
2582
7112
4305
9794
1797
8103
8400
7906
2814
7738
4052
3265
7192
5818
449
9281
2649
686
970
5987
724
3588
2301
8314
8227
7251
9293
5801
9008
8172
2020
7577
5707
3936
5936
160
5659
1029
2845
7333
5667
8207
202
4478
2148
5783
3584
5267
9996
4222
5155
8064
6332
8701
2857
9681
362
637
9405
737
978
6114
5825
5839
9853
7603
4737
71
9464
6151
6559
9818
5646
4634
6781
3014
9908
5742
2842
7991
642
2529
4698
8457
7366
6184
3019
9798
7074
7826
3589
5638
2993
9439
8575
5419
6525
5183
527
9276
9618
7723
1742
9947
9420
8882
9889
9820
3669
9190
5028
7743
4013
4140
1988
3658
6601
3565
8339
8557
7902
1397
4315
9214
2886
8317
9776
7242
8629
4682
3341
5128
1587
1343
7466
6255
2026
5965
6083
2429
2730
2322
6200
8109
6962
3383
8278
2616
3586
8022
2766
7954
2937
8071
9667
4245
5313
3737
6407
4267
2567
7840
9649
2041
5207
5342
5354
2250
7221
1127
6384
1988
7350
6432
7734
4234
4084
8646
1212
6409
5370
2228
8109
484
9487
8976
9366
667
1292
6522
26
3128
4145
7727
1407
2099
9529
4911
9528
1599
6270
1614
7517
1072
9164
1613
6518
5811
7043
5794
9588
6515
1540
32
6870
2669
7279
9521
2030
2701
8699
4834
7547
3249
2595
3509
2566
9373
312
23
5764
1831
1843
2228
923
2106
7583
1339
262
9646
7503
9461
2867
2416
3896
2740
695
6216
1541
7206
5054
912
8866
8285
5249
6158
4751
3145
1957
7497
4393
7129
8018
7175
3930
8301
5120
9860
474
919
7498
4791
2853
3319
9660
5049
5745
1835
6716
7130
1960
8364
3700
7218
9326
976
6869
8406
5253
6710
7717
2882
7910
1307
6595
1859
9524
1930
6031
6609
7388
1061
1832
9101
9527
7484
3540
5471
4064
6623
4976
3383
5891
9302
2320
2960
6666
8881
8485
9612
3908
8292
3054
1540
3830
3536
9023
9739
7029
8919
3381
8452
621
6307
2241
9285
3668
8505
6982
2138
8244
2911
8908
1032
6558
6836
7384
7544
3015
9373
2314
44
111
1760
4053
9568
7803
1324
1711
2870
916
3740
3743
8947
6687
5613
1245
5839
1358
2935
3389
2787
6838
1689
7874
9998
820
6763
1095
4939
320
9629
8459
335
4181
4117
963 
7
2671
7997
8316
3752
8006
8166
9773
9027
305
1904
1979
7309
7401
8318
1484
2672
2241
9000
1903
3141
6394
5204
2684
9159
9980
5211
2662
2299
5341
4744
638
4710
4946
3557
6953
1147
6803
5448
6919
7808
6144
6684
4198
629
4821
723
830
1096
5292
9152
9763
6962
4872
9766
2449
844
9013
2408
9473
3451
4616
5139
3480
2794
5055
4966
4278
3687
7090
3714
1440
9864
5616
7226
2145
238
1447
8271
6643
1259
9758
1303
4531
7915
7480
3902
4572
3791
9539
4213
5120
8572
5275
7476
474
7198
8215
9256
1308
5436
9179
9212
2538
2755
7321
2239
3335
3572
2623
2480
4709
4462
7549
5205
1440
3103
634
9701
4292
3507
1976
4877
3264
2313
2161
3882
4354
4260
5937
7908
8162
268
4160
6565
2223
2276
1603
4029
7858
9958
1534
4206
8685
7612
1910
6168
7665
7810
7913
1853
226
6094
2686
5895
6900
9410
1455
21
2551
2745
1018
9880
6422
743
4159
1907
435
5839
6860
9022
5313
9798
7340
1683
1299
347
6626
6632
165
1648
7039
5026
1124
2817
6575
1111
8654
6478
9012
9885
3785
7626
2022
5603
8827
1750
4256
7024
3027
5479
5789
2820
7093
9507
2639
741
3057
1535
5566
4870
9054
1974
7094
9492
6024
5631
7210
1304
5675
9975
7863
2691
6764
5700
255
2035
2660
2437
6884
1570
7831
7811
2663
3667
2761
8143
8068
4900
459
5083
8436
4305
3197
8729
9976
9088
6840
6912
5117
4275
5842
8630
6496
9246
7010
9837
6279
5774
1053
4918
1588
7586
6162
9778
2604
1699
696
6886
4111
4240
9470
8183
5853
3026
4770
2623
8971
5198
9172
2346
568
9431
1953
2194
1091
3933
2728
3894
3414
6490
2741
9493
8804
5311
3099
8073
3416
1986
8682
3098
987
6805
5727
5498
4086
8124
6617
8364
5855
9387
3573
3756
2005
9480
3109
8780
3751
4176
970
3240
3190
1489
6147
6259
5477
5494
6386
6691
1325
6518
9586
9313
8882
7455
3470
1376
8941
2512
3718
675
8785
5186
5996
315
2512
8330
1626
6151
9803
5662
7776
8268
649
9378
7055
390
1934
7975
2614
7413
6957
2764
3345
9829
3093
7261
676
5631
9765
5109
7529
626
8206
6252
7397
5967
4236
9781
5572
4763
460
3991
8300
9952
7770
5400
4146
5446
7286
1453
7972
9876
5847
8223
1886
3281
7104
2039
9154
3427
1175
4781
3017
2955
3177
6559
1279
3242
5753
5515
2651
8420
7159
8028
9105
7002
2186
274
5556
8282
6728
1199
8178
2863
8785
6949
2874
8733
6486
8104
1738
4462
4298
4596
485
5252
4768
2771
7054
3270
9565
4507
5835
6399
5581
6571
2354
4034
4594
7666
8034
7177
8056
5089
6212
8885
9983
5468
1143
1657
4213
1617
8154
3600
2750
214
9758
4352
8324
1825
8632
355
4472
8066
9942
2273
247
4106
7680
4980
8680
357
3186
6317
844
5383
2645
3247
1596
3856
1157
9773
3315
7671
6484
8441
1151
4323
7921
9523
5656
4651
2287
9184
6582
1269
4782
7067
8569
5912
4811
1776
8058
3163
1679
5123
7811
2071
2532
6575
561
9782
1583
336
6299
805
3969
126
1826
6283
3226
1741
3502
9171
7016
7928
2542
4195
4304
8008
5766
1973
4701
1269
5815
3211
9920
5288
5115
8053
3456
8056
5113
1779
1930
7355
3295
1598
635
4358
3332
9299
9052
3268
498
5367
8358
7401
9734
6567
662
7855
6473
9759
8265
9711
680
7516
2110
3063
5424
779
5728
6948
9439
7708
1786
2237
5166
9349
6617
5200
3408
2671
5547
9070
1995
9217
5754
7409
6344
693
7303
8590
2838
3263
9341
3386
2152
1364
7991
8290
3509
2639
2412
8911
6513
2740
3337
5049
3684
8750
500
4939
8801
9570
3367
1410
7913
8331
3060
6368
926
8884
2495
8035
6991
2063
7874
7898
9801
4964
5850
8080
5950
6416
7702
7649
7701
2192
9754
3432
898
9448
6659
798
3650
1138
5074
9702
4229
4711
8111
6824
4959
3207
5203
4323
3140
9637
1409
3336
3647
5438
3494
8156
2616
7434
7233
5970
3297
246
4141
6571
8672
3034
3224
9836
3340
2661
6621
180
2093
5858
4304
859
8485
5858
4354
3437
600
3586
3872
6785
499
46
5799
1560
4829
7442
5679
492
5476
2233
7127
4601
9980
5783
5266
8487
4340
2448
4629
7030
2104
223
1941
2155
8774
9576
1454
4880
6354
7779
5908
2084
7420
5762
2291
9220
5856
1957
661
175
5890
2335
4304
1303
5601
8676
4740
1595
3436
6323
7731
7665
9134
6947
7402
8078
890
1771
9239
2787
7295
3657
6636
8445
9472
3685
8683
8060
6817
1961
2216
2689
498
9045
3251
7201
1529
4373
9899
1903
2587
2384
5899
2690
429
1259
1678
7082
4490
9648
305
4709
3285
9876
5257
9259
7321
6481
9537
5882
9172
8169
99
993
7046
8728
6263
8968
9962
7012
6448
5991
8491
425
5489
8282
6033
8900
9001
420
553
1519
4724
4105
4226
5968
5537
3308
9057
6525
9663
4553
4964
838
1034
5648
9198
3061
4125
8564
3701
2542
231
8406
5359
2121
6655
3957
7946
7997
1945
6062
3293
2864
9771
7598
9416
6078
1129
1438
7268
7262
1350
3919
414
2978
3550
7292
7911
7391
7600
4707
1392
2039
3471
9140
2881
6650
8011
650
2126
6960
9144
8295
358
3932
4934
3681
2903
8115
8426
152
8990
6221
9868
4188
6979
5406
323
7941
5915
468
8566
7134
5040
6251
4177
3120
9130
4425
1837
874
873
3797
8502
8132
7486
4248
3960
4596
4154
6368
1528
2246
1227
9115
6075
6037
12
5017
7536
3743
9790
4734
7165
7899
4948
6622
4226
2380
3293
5421
6889
9277
5103
8482
1081
8405
5825
8829
6346
4651
6119
2642
3815
1672
3170
4085
1668
7403
2795
3087
2986
5458
7576
1830
8702
8645
7923
1617
7639
597
2423
1640
8730
8510
1611
9238
5153
5112
4532
507
6386
4447
992
6239
4372
8522
9766
7522
4682
7420
7079
7580
520
5374
8570
5265
4646
7031
311
1584
4787
2460
2196
3710
5921
5947
5693
7230
4601
7510
37
1816
9916
7377
8734
2544
6216
7316
3859
7118
7808
537
683
7097
6359
2601
2198
8367
3621
526
446
4184
4663
8528
470
6821
2107
1271
4609
2524
8981
2416
5648
2879
4726
8988
8825
7314
2690
5642
2036
1981
855
7650
7851
5626
8972
2907
9661
5296
4106
9311
1103
4695
9574
8822
2894
1518
282
5218
9814
9784
6592
489
3733
2114
5903
8252
8265
3823
6820
7537
2896
3165
174
2831
4954
7331
8808
549
8449
2910
9013
1265
4913
323
9723
9073
7891
9398
6379
3296
9187
5595
3214
7088
2694
914
622
5234
7678
648
4451
360
414
1266
2838
508
5448
8494
2211
7178
9639
9119
9776
6844
142
8351
6623
1895
2836
8621
4277
1456
5738
3483
9802
7712
4168
3904
1543
183
2284
7634
8641
1505
8384
3677
2859
8445
8849
7393
3974
7508
7558
9565
2149
9933
8845
8174
1616
4080
3675
1066
9021
4024
2163
7717
5493
7903
1887
9157
4915
769
2235
9861
6421
5218
5600
2363
2539
2698
3852
8224
2100
2453
996
5481
5370
817
3621
6184
5041
8590
4535
6292
2169
6312
5529
4129
6628
927
6551
2849
980
4637
6698
6299
5485
9781
1204
2307
1171
9731
2592
7982
21
9971
1796
9719
8536
3086
5230
5806
544
6612
6916
4040
4921
1663
4309
8588
2737
4007
6878
8454
9309
6394
7087
482
4068
3942
7667
7377
2260
5879
6690
1774
2527
414
6550
9566
9844
6660
8234
3582
6428
7801
4435
2150
8295
9095
8084
352
280
1411
5599
1458
4962
9603
1138
238
2290
1238
4576
387
5803
6496
7369
6042
1123
4020
2116
4807
9580
4426
4315
4630
3814
5403
6555
6114
6587
2311
5097
7652
8799
2810
6923
1883
5623
6552
1607
1135
1031
5890
1661
5126
2712
9641
2971
5177
5411
9646
3834
4457
7656
3708
6467
5064
5164
8945
9532
7960
995
8486
1984
1862
2925
4578
1139
269
3467
6873
4337
5606
4724
7954
2319
4511
882
1355
612
2467
9089
6877
3347
7712
8641
9036
1340
2475
2237
8634
3332
7923
5462
7319
3437
2365
2879
5419
2065
231
4183
5900
3713
5419
9661
7282
9232
8639
8295
3320
792
7738
663
1578
7588
947
6016
9097
2924
1701
8655
6891
7410
4110
8483
6238
2588
7228
6722
8631
887
3723
1665
393
8505
7436
1537
2966
430
4203
8164
3582
183
5033
5863
6956
5253
3884
3740
4449
4901
6182
7979
990
7578
8260
4170
3952
3938
5528
2356
3553
9556
5562
2615
91
8486
2525
3090
3653
4402
1475
9115
4648
8373
5897
1416
6412
5414
4548
4438
6895
7908
5262
2976
349
6868
6177
5403
8371
7475
2076
2398
9976
2882
1097
2468
9533
4326
1662
3346
8091
8645
3486
1607
2971
9941
2786
2639
5299
3932
3495
9292
1552
8264
7856
5133
1041
5715
9514
4457
4486
8292
3329
6556
5741
8784
3431
9932
9032
5725
7261
6870
1368
6292
9866
8070
7002
5228
203
5570
2041
2962
9102
715
7190
8788
1219
4978
4347
8991
3701
4434
9842
4276
1006
8890
7987
7423
7788
1674
1034
3427
2923
9192
4015
446
7311
8113
7649
3356
1205
5052
1974
3093
2844
9486
4581
5027
9680
7823
2362
4959
9001
3778
9134
3729
9846
3559
9559
4607
5281
7167
6151
1707
9133
8049
3181
3662
3435
7880
1710
9113
8733
3772
4404
5337
4625
1752
9245
9035
5006
9237
414
626
1293
2586
8182
8508
2627
3206
6226
465
5961
2880
1315
8976
5632
584
9252
3171
455
3090
8203
6510
1347
408
3424
705
1217
2886
3582
2482
8662
8846
4566
2088
2871
4216
1496
5082
7373
7775
3702
4180
1505
3800
5321
108
5264
4413
6607
6133
4087
3334
7521
7472
7892
9479
6236
1523
9153
6929
7952
7438
4525
6851
3447
4787
8056
749
527
7499
6980
4484
7552
2214
8370
2354
6789
7401
867
9470
5728
3653
1338
141
6980
2273
5916
4177
3734
3737
2979
3758
6544
1836
8899
3282
4320
9509
2978
2084
8617
4597
8370
7775
1039
2210
1719
5232
7856
9685
6396
285
4730
3402
848
6715
188
6181
4569
8645
6655
9641
802
8234
6701
7339
6181
1501
7340
6894
5182
4209
6857
3745
7581
6631
2986
1153
41
8193
5195
5587
116
796
6203
5875
4929
5615
6070
8106
8319
5135
6401
4872
3478
4665
7462
1999
4867
5041
5764
9674
7250
9573
4298
3472
3924
8305
2660
7611
5529
7615
5783
5336
5305
4868
6525
4930
7447
8660
1574
4968
4776
698
8117
566
183
3744
5212
1388
1423
5698
6927
3701
4326
4116
3772
7945
3378
23
4955
6358
6934
6230
2815
9590
2462
8806
8468
3190
7056
6464
4552
1532
6122
961
5988
2714
914
1954
993
3217
7066
5761
6625
6974
1369
3848
1943
9262
754
7196
1908
1937
2352
1446
5869
6339
4856
3779
8226
4105
2453
5775
2580
5862
6085
9045
1256
227
911
7555
15
3940
1946
4410
1500
920
5000
9968
6918
6403
6814
2951
2270
4387
4426
7281
1143
9114
9377
5782
5357
8900
572
6633
7041
5332
2985
7536
9551
8356
2132
4600
4516
1926
9479
5927
8330
8874
4020
7965
2511
1846
9157
1049
2892
1193
5416
7519
3578
7021
6063
2386
6073
2903
3801
9860
1366
1332
9336
1910
1175
6632
9857
2146
1661
8342
7795
3083
4878
1534
8502
1494
6479
9926
1068
7491
3369
9186
8806
370
6405
5463
1787
4199
6142
6588
2029
8726
7408
5124
885
5168
5685
8688
377
8691
5270
8559
1317
7872
688
9952
2835
2772
2880
6817
7681
2426
2068
5238
6969
2284
301
8852
447
3577
1772
2980
335
1042
9764
347
1450
7022
1271
4755
6062
8585
74
7859
1219
9391
1143
6177
8535
6334
8649
4404
1435
8595
5883
4628
9347
8525
8478
4345
6157
2533
1302
2270
4282
418
8738
7843
8796
1370
5055
1943
2585
8703
5260
11
9218
389
2704
2526
2685
7
6319
730
9709
6484
9317
7702
558
3815
5879
8
9617
4308
3601
523
9852
273
5352
7019
3722
4119
5921
8398
6636
9717
5333
7140
5378
5476
9521
5695
371
5733
6429
9706
3685
6909
3295
3998
766
6666
8237
1362
4912
4489
507
233
487
9700
120
7540
7326
3467
187
1673
4589
1664
377
2994
2356
1819
6169
1883
9008
4925
7674
6713
8415
7246
6814
9610
8254
3927
1708
5178
2611
3083
8398
3323
9735
7156
5099
185
5334
4373
5514
1630
8238
609
8788
6262
5833
1404
1645
5694
5478
8937
1515
9575
5243
2000
2815
8113
3383
1151
1184
400
3224
980
5868
3666
4678
8990
1104
4810
3834
6462
4891
127
8491
421
9442
6202
1261
9581
8691
1180
7609
7257
4057
108
8980
6053
1328
2245
217
471
2195
7305
7563
2320
6581
9927
3375
2655
8661
7650
8157
637
9038
4613
4189
1952
1052
4081
5063
9720
9772
6657
2377
1627
2790
983
5350
6680
1185
8581
8249
5436
5269
630
8041
657
5395
9759
3866
7621
6511
2497
6601
760
6750
6712
5628
5376
6531
9773
6238
4893
5913
6832
928
5913
7260
4049
3884
7205
9727
4435
181
6055
2210
5079
4250
1640
4358
5944
6471
2760
9824
6695
6362
6766
6699
6711
3226
6929
4307
3664
9393
7031
9674
8383
1710
4114
8356
4657
7888
1465
6092
1428
6029
9483
1481
82
562
7527
991
6284
6140
1566
3453
8406
3103
9524
2141
8957
724
379
8837
6756
2638
895
3064
2670
4546
316
1376
3521
7290
624
7262
4058
6780
7721
1144
3150
6072
6399
4084
2600
7909
257
3007
9537
6185
7357
7448
5542
9240
9517
6057
6145
8033
9086
2023
2938
8529
2410
31
5002
6487
7519
9103
1152
1929
27
1198
693
8331
3375
4727
1935
9594
6197
5646
8467
8693
3957
2622
1542
8553
7037
485
8454
792
712
1973
4738
5663
3446
7530
8880
9182
3058
2942
8571
2486
7090
4025
9605
5648
1003
2747
960
3201
8409
5766
5441
8305
3201
282
3583
3922
4491
8439
9289
6530
1336
901
4655
2253
7648
1384
813
6583
3795
8699
2356
2681
5241
3528
7715
5216
2820
5967
2862
8645
9922
4805
1400
4778
8927
7920
7263
6058
2746
3124
8672
3535
7148
1228
3991
673
7135
3583
841
2767
6452
8117
6755
4697
2711
7838
2630
9653
4575
1145
4027
9914
7179
2158
5550
3428
1423
5394
2116
1799
6392
6383
1490
8351
7992
6041
9819
9650
1377
9352
6955
1288
1863
6380
3771
2156
348
7629
9423
7690
8059
971
5705
441
3819
1017
6002
661
1091
5874
3279
2472
7135
2589
1333
3387
7696
8866
2767
1917
9136
2140
9903
8268
754
1940
2696
1633
4030
645
1015
2381
7808
2243
4295
7086
4330
8294
2523
2847
3838
2822
5604
3586
5440
4927
4139
1934
8544
8333
4495
52
1525
4165
4192
467
1671
9268
6010
1069
5079
1398
3111
5838
4502
8052
9986
521
3492
953
2187
5623
5431
1632
8208
7726
4165
3372
5781
2683
2669
9636
3225
2748
3566
8543
9279
1887
3124
6539
3262
8975
4647
6211
7617
7995
1362
6046
567
3814
6248
5148
8148
8492
2333
370
7689
1357
315
6959
3746
6473
6866
4386
9920
5650
262
5962
1927
6990
3547
845
788
1011
7389
3831
1763
2472
873
8786
2733
8316
8809
1454
9713
4290
388
9601
3053
9425
4693
4776
3312
7944
6276
307
3499
2649
8192
7760
1360
3756
1209
4635
1060
9306
5332
106
5542
88
8237
5180
3787
6616
8179
8165
4153
1820
4221
1753
1165
152
5025
3827
4003
4975
5978
2074
8355
1883
5430
1625
3749
4866
3882
7219
376
8260
672
6414
7996
3380
3870
6431
2930
4440
1912
9493
5322
1206
9982
3150
3073
9018
9562
1256
7959
5822
4701
9250
7596
5276
9747
1762
8501
9782
1409
7815
2212
1120
8514
214
2895
6541
2711
4897
7018
890
9087
9130
4055
1762
6233
2732
2151
1059
6826
3621
5674
9937
9199
9634
8182
7846
9496
438
7292
9426
466
1628
8806
2532
2739
6940
3592
5431
7961
9089
5081
8746
1079
1666
3714
3012
8043
7035
9791
9201
1783
9937
7188
813
2417
2488
486
9189
6287
6234
2917
8084
1653
8292
8828
5436
1115
5986
8351
2481
4071
2512
6979
2788
7972
6387
1688
6589
6761
5872
3511
2858
6374
7635
2441
3803
3554
606
6092
3943
9632
5408
1727
6452
6453
4962
3
2973
104
1169
5970
697
4758
7008
6304
57
7164
4738
3649
5148
8948
6912
6995
5311
9455
5615
718
9268
7844
2434
6249
6126
9687
6130
7495
2504
2119
2583
5213
3748
6562
1961
3485
9970
7589
4361
7904
4860
8521
6575
6763
8001
3614
7422
6479
9953
7188
2176
1949
7919
5819
1402
2643
7877
5821
2658
897
745
1472
6404
5011
7262
5214
6953
9707
7210
4482
5418
8954
1947
7156
30
2089
2292
5354
188
8355
8641
7333
1503
426
9920
5883
9218
4408
6813
2932
3462
518
3870
905
3938
5463
3806
3935
2698
5444
5896
8670
9866
7780
8159
6068
767
7083
4678
8455
4743
5831
96
7877
2663
4880
3610
9111
2320
4294
8741
31
4313
9487
7400
2727
4427
8257
3649
8501
1323
2744
6482
2506
4071
7865
1984
2502
7669
3883
8483
692
8987
2680
5721
9997
1345
8933
1655
8064
9422
4445
5229
6971
3696
5675
5442
9023
3666
8481
6140
5007
7248
1574
4860
5431
5893
3934
5107
7493
3122
1491
873
4740
668
7564
795
1942
1291
5455
8941
2873
8425
7314
5760
2582
1737
9200
8721
1966
2065
4397
986
7647
6751
5915
8027
1508
2131
7024
1661
2383
2799
8759
9396
325
3110
3832
2682
5195
946
9053
3001
5242
3332
7346
3395
6109
7987
9614
4761
6778
3242
5573
4556
5987
1616
8115
2310
1827
396
2192
7047
8648
6309
2608
8809
8269
7184
4221
4362
979
3641
4337
6504
6002
3212
5293
8932
8364
4978
8864
4894
8734
1973
7291
3800
2323
6117
6134
199
479
2567
5172
4983
8285
4099
8594
6990
7175
8520
6819
2180
1780
2674
2474
995
7611
4009
2872
3393
9098
8253
7326
1884
7109
748
6437
3017
5003
8927
1034
1588
4623
1336
4281
8412
8789
8709
903
1947
4149
8253
8973
8156
943
5637
3446
9353
8180
5511
151
5145
520
3240
6800
2802
740
3989
6496
1643
7504
705
5952
4933
2782
9117
4637
1547
5501
7855
4558
6133
7167
8779
489
6946
5215
9731
5830
6998
6788
1803
538
4219
2463
2039
9169
3145
4429
7372
4406
1856
4708
9678
9749
9776
6996
1674
4123
9987
5180
9522
5651
4919
8878
6999
2058
8675
5936
1308
1075
4828
4269
3622
4492
3252
1165
7153
3837
505
8983
5140
1935
3044
5639
4290
808
7098
6192
7649
4320
7729
9484
9734
5214
1245
9900
946
5261
9392
7143
1264
1412
109
2824
6396
4896
2703
8036
4184
1335
2553
9196
2565
8243
9527
8296
2388
9878
8323
4450
2886
3674
384
78
2442
9974
7298
7405
9980
1272
2358
9098
2110
5152
9922
4598
7159
7113
8369
2712
6251
5181
5493
5529
7611
5449
46
8177
7728
6750
9472
6991
7178
2607
3872
6835
8707
4352
5193
7434
9836
3156
4148
5640
4138
2916
1099
3047
4650
1270
9382
6825
3301
7716
5484
6020
4278
5135
4708
3719
4288
9874
8530
2987
5294
8650
1314
7740
5120
5040
4617
7885
3946
2270
8468
8749
875
9978
89
7913
5254
8117
9366
3322
1322
5524
835
4354
8953
4325
729
1223
8156
6796
6130
5850
8900
2426
943
7372
7477
8145
7431
1235
3816
3565
4640
5972
6178
4860
2589
7949
9647
7499
3149
3234
8734
8731
3403
5434
6876
9834
6118
3526
6595
5752
3882
816
5892
89
9666
9003
3264
8781
7483
6157
1104
4273
6162
2170
3037
8219
8831
4832
4885
240
5091
712
2687
3316
4747
2322
2921
9799
1128
5083
5404
2525
87
2531
8747
968
29
1263
6428
8445
9862
6868
8344
7827
6533
2892
4338
9059
8751
2406
7531
3759
5838
7097
1653
63
1473
7018
4536
1659
1448
5368
6677
7082
3064
2407
6077
9100
7138
3625
6914
8697
6440
7322
6501
9860
2422
8548
588
6066
9301
6482
5663
7274
6012
8110
3819
3298
9444
6813
9338
7681
6439
2141
2936
1295
9762
9426
5603
6667
1091
2992
5618
9272
537
1890
6855
9745
7255
6503
5647
7296
6456
3410
8490
994
827
9394
6152
2478
6637
7397
3094
415
6608
773
4328
483
7855
7172
9284
2047
1844
4394
2314
4139
3647
8425
8902
2602
2199
9999
6451
9362
3604
6585
1853
708
5845
565
6225
5926
6617
2982
7223
927
2968
753
7929
3039
1095
9971
146
7318
5950
5921
9832
7523
2870
2127
9736
1745
7333
3604
4284
6341
3521
4940
7179
3104
2579
7682
9169
2541
7094
1931
4330
7384
9857
1466
2734
286
387
4423
7546
5745
3246
539
3770
3541
7082
1944
6087
3080
5432
806
7491
2370
7902
8628
8941
8070
330
7072
8041
1445
6460
5146
8554
5967
8694
7590
4253
6607
1685
9672
3339
6521
7131
8095
6994
7416
5950
5960
5938
1030
9288
838
8082
1267
6828
3210
5107
5483
3369
4737
8987
9409
4417
8622
4900
443
5319
933
699
9602
5657
2319
5359
102
9965
7203
2939
3089
191
6169
5799
8625
9925
2675
1796
5872
4314
7375
871
6441
8543
8993
4580
8172
7097
1054
4289
7523
1833
9026
245
4222
4846
2423
2283
428
1952
6699
4481
9912
1084
3791
2049
4091
3850
7148
8050
816
9401
8749
134
8199
5264
6901
3843
2852
4430
9105
1493
9051
8653
2410
7117
6704
9030
2344
6240
685
1354
8277
8209
2071
8154
8524
4218
6853
9003
4096
7308
9526
9991
1831
8587
2542
3871
6178
2702
7337
7408
2119
5113
2541
5985
1505
6914
2656
5593
385
3378
5219
7962
802
884
9427
3105
8498
4127
5805
998
2873
3053
8686
6528
9004
6903
997
6001
990
7862
5945
7005
2514
9958
8847
3419
9616
1317
7311
7376
8091
5062
2987
3292
2964
9503
6231
4887
505
9519
4328
6457
3342
2439
4502
7542
5497
7971
625
2397
5076
2665
2931
910
878
2096
5622
4185
6627
7623
4449
6078
6505
872
2856
7633
7291
9455
8065
1651
1468
2611
4758
8629
349
6114
853
7972
7705
6076
8253
3877
6553
7348
4426
3932
9345
4276
1715
7726
2616
9779
6936
5288
2740
184
2203
2179
2718
3428
7093
6292
1772
4366
1650
5093
8791
4235
1804
6557
5082
3123
8931
436
5530
5478
7712
9057
516
9543
8159
1165
9371
8460
2768
1192
794
4934
8164
2930
8240
6808
7758
3829
554
9265
398
3719
8670
7234
8786
9932
5119
100
4644
5542
1853
5126
1144
3253
8937
954
6280
7430
8130
8609
7002
2056
7620
2823
4854
8490
5109
5838
5821
9872
7661
7274
6479
9261
338
4075
472
221
6930
5873
2209
2908
3468
6195
2925
3299
140
5255
9433
2686
4388
9663
6674
8065
8477
1485
6120
3342
9656
8666
3339
3096
9550
7210
3641
5898
8885
1702
3798
3527
2001
9224
864
9196
4904
9465
5474
6445
6024
5780
3337
4873
3060
7807
4685
294
5952
4335
6612
1996
540
3901
3414
6001
1760
4813
4421
5772
381
7902
6206
9516
723
3165
5280
71
6583
74
4036
8113
5999
9247
6127
9578
126
5509
3719
5457
7876
9067
6507
5570
8179
2433
3866
3786
8757
4173
6076
1880
4694
3941
6348
8786
5555
4639
3250
5667
3163
817
8685
225
7220
5098
1555
3293
4057
5577
5623
8261
1740
4821
1779
4842
534
966
826
615
2392
5275
3612
5235
6468
1879
4670
7560
2462
8268
6723
1987
3182
2661
4097
1543
2067
4041
1926
3754
6740
8186
3237
8620
6123
5712
3968
4463
9149
3835
8136
6183
9219
8466
8332
6098
2651
4110
3048
7093
8104
7273
6074
2045
2415
6984
4402
7064
4667
6350
3998
6776
9657
2991
2086
1021
7534
1752
7046
2689
97
4265
9718
7590
1010
7124
7584
9656
8634
3257
5715
5371
4566
7048
5581
6638
3101
4604
551
696
3480
5476
6202
2517
7175
2764
5088
2513
2375
1910
4342
9607
9150
4967
7907
1880
4468
3792
4880
7623
9247
6872
6037
3232
6874
7165
1662
8618
7611
4173
302
9844
1998
429
755
531
6174
3055
8770
4
5767
1390
323
4185
9089
9555
2746
8462
330
8388
6119
9277
9514
970
3752
4205
995
7391
3448
9788
1566
3974
6209
61
7519
6852
9789
9291
4593
6708
1107
3732
2268
9983
2936
3984
7702
9343
5383
7883
7921
21
9076
3732
9402
3735
3242
4870
5569
2877
3231
5007
1118
7977
5274
7169
5397
5451
3104
9985
202
3696
6197
1187
2946
7947
1187
6282
3140
121
4553
6754
6139
9218
3329
6996
6543
5255
4619
6049
1802
1943
8208
8933
2171
1558
6890
9752
1407
4274
9260
3417
98
4944
4052
83
1199
9180
3121
3724
8443
5196
6949
1245
3138
7344
2810
9189
7600
2279
7635
6368
8994
1320
7383
637
9601
3096
5047
5365
6229
4117
6896
9290
3682
3832
5247
1792
5610
3018
9305
6356
1787
1233
3917
8379
8039
2101
3783
5262
4759
3977
8770
521
9079
8950
6219
9360
2061
348
6592
4345
6962
291
2249
4938
1898
9644
7556
6146
5210
8542
4793
3091
7496
848
681
3463
9494
7025
503
6112
5340
3784
3105
7078
6252
2642
2636
9685
8096
2208
5040
7611
935
4614
5401
2742
2004
8275
5967
6570
8223
5321
6961
6125
9540
2300
7757
9011
7844
5237
571
6638
1637
7619
2105
4656
2052
8968
2780
4063
5300
5658
2802
9337
2437
4532
4545
2645
7978
3935
244
9491
6448
7791
6523
2790
2770
1360
2905
337
9908
6236
8747
6739
5096
5277
3286
8253
9592
3318
6875
7334
6384
6185
7182
1284
3282
8008
3611
5772
4495
3531
235
9746
5933
8540
6559
1025
2329
140
9264
4779
4173
9244
1234
5712
3018
1579
7710
9679
8671
2102
674
8439
1526
4620
5105
1500
3026
9607
2812
3606
7581
3281
6879
5407
4542
353
6699
1490
4124
6240
2167
901
3248
7494
6766
4750
8723
7183
605
8930
5425
8936
6185
5335
5631
6706
9150
4269
8681
2816
5085
7694
2811
9824
9991
856
7760
1647
4433
5193
9968
9009
2669
9385
6748
4297
8313
7065
5213
7007
7584
276
2940
6686
6698
6090
4554
1733
8003
7444
5341
9561
2226
3663
3651
8386
4451
2731
9509
53
1526
6517
5806
8308
5294
1883
3428
3717
8001
6251
155
6379
4229
2256
2437
5734
8991
845
2536
4661
2463
5682
6598
3611
245
1809
983
1810
3242
7764
8507
5059
9888
2088
5260
6324
2521
2535
7527
1092
2367
4457
3064
6584
5230
814
2766
2705
4884
1472
6785
2010
2026
2134
9709
7014
7849
6788
6801
6695
2173
9053
1557
572
7059
4711
3908
8207
1489
7128
4969
5066
4081
4279
5934
3601
783
2516
9318
5302
831
9528
8380
1091
9485
5791
3661
6938
9157
7782
5294
2954
8432
6834
4201
1721
6171
5539
4436
1011
6392
1453
686
4885
4895
3300
2105
2564
5802
75
3446
4612
9447
4387
3350
5516
9778
298
3785
9110
9895
7328
5060
9067
2369
5517
4477
36
5322
8093
9628
3641
1183
1902
9110
1463
3649
7330
3014
5484
5748
2732
7026
2047
3282
8272
5071
5526
2130
3829
9366
9758
7347
7945
729
1643
9804
5700
6906
7477
3648
1266
6416
1834
5294
6576
2005
9141
5231
414
8351
1063
3637
9083
8825
7657
645
270
8335
6785
8911
9418
2531
2000
6194
8906
8892
7330
3819
1378
8244
6934
8323
2359
3803
5414
7762
8668
3448
427
8374
2022
159
9234
6686
8958
272
6448
3298
2107
2451
117
7578
3529
9785
5615
3217
9073
932
7357
3265
4574
9951
5584
9163
2184
2489
3367
7087
1903
3864
3553
4966
7106
6953
51
4057
4810
2213
5378
1437
4948
959
8700
7091
226
4544
3955
8429
7617
5731
8090
9566
6976
3901
5755
2044
2343
3270
7058
9401
7873
1292
9009
3015
8172
1034
9841
6742
1492
7075
2637
9964
2709
6582
9396
3283
4483
9273
9167
8313
4866
2403
6244
4478
4852
4234
9135
7670
2413
6421
2669
7771
1983
9263
3784
7008
3791
16
9903
3009
1819
2213
4735
2883
4721
1641
9016
7887
9217
9739
8218
9508
7356
240
7482
3773
9488
2385
6602
2911
4328
1468
9227
3054
4815
2024
6653
667
6794
9856
9327
7125
5500
6321
9543
1982
4437
3196
7009
7742
352
5580
1503
6803
4109
6118
1276
9799
3561
2576
9850
8838
2624
5263
2786
2177
4072
5115
6222
4542
6638
6283
7009
7491
7472
8255
3913
7807
2373
93
5997
1299
5693
4751
2853
5031
5606
89
1546
7519
7190
5536
1701
8775
6141
9894
8107
2602
6546
8234
221
9238
6080
6301
3455
3507
8447
7742
6737
8675
9157
3293
8373
9891
8228
2733
6966
4908
9285
697
1884
1587
8752
7280
8445
965
3559
1531
8745
3661
1380
4446
3810
2087
332
6117
2338
6482
479
6944
9388
6303
8361
4752
9603
9349
1665
1450
4754
4845
4849
5731
1905
3140
4690
2739
7459
3725
7570
9329
9173
9873
5925
5617
3421
3122
5519
4337
8778
8977
3547
2057
1368
7028
4918
8119
8039
3494
1882
331
6064
2955
1365
6374
7417
471
8481
5538
1320
7377
7308
6270
8495
8761
5317
1697
6024
4465
2025
4799
7091
2523
5131
7365
8466
1224
8356
7982
1073
6913
6189
2315
83
9474
3980
7215
4541
3407
8582
2776
3134
4745
4430
2713
5374
8341
8756
8324
4647
7346
2447
9011
328
9192
3993
1874
4600
9356
1245
6910
2328
5735
4544
3076
2079
8235
8830
4128
9822
8149
4853
2365
1165
6764
5652
1360
612
1966
9659
4834
4547
4202
7793
3667
3126
5196
4411
497
8272
7394
353
1423
8337
1985
698
6621
6108
4510
1971
3260
9474
499
9578
4318
1614
8228
7873
6403
6265
1908
2033
7137
6509
4726
1232
1392
6668
2177
7884
8264
8086
1797
3196
7458
6023
1925
9881
7309
1143
725
7487
4077
835
9537
4241
7337
8853
4991
8853
2460
5884
4713
8191
1743
5441
8379
3009
1919
8276
8694
1355
8669
4890
843
2952
7755
2111
3584
7101
5515
7610
7823
1426
564
4681
9128
77
8672
9063
9687
9988
15
7260
1893
987
8514
6046
7683
5321
9319
7789
6212
2476
9982
1592
5725
3821
6276
1513
6341
3755
9055
8673
7345
9095
2661
6638
3294
5730
559
5845
8567
4144
7258
7272
7152
2836
1537
7422
9437
3858
1582
6852
9311
6671
5325
6597
4683
5397
9651
9517
5484
5784
6407
5070
5441
3860
2666
4847
1346
3944
7063
3121
8830
1337
6717
9881
5989
8797
9840
7077
6934
8335
2981
4028
9186
6884
7184
502
8797
8133
8806
1436
9386
7209
4691
6585
3103
3426
3803
5668
1194
2545
3087
4066
5679
8567
6144
6115
8066
7655
770
2258
7245
7243
5496
6597
6308
4830
956
1966
7766
9650
6443
4341
1326
1327
5837
8221
2014
5294
7431
3703
870
7053
6407
6460
9391
6825
5762
8141
6923
3695
7771
9568
5983
9668
6078
6330
2352
637
2700
5705
7857
516
9453
3001
7952
7896
7511
3502
5337
2522
8599
4498
3736
6096
2955
2057
6842
333
3817
938
2660
850
9467
7917
2361
920
4917
9987
2631
1059
705
9943
8751
1736
1721
2335
6046
9660
493
8503
5405
1195
4408
6337
3508
8238
8875
6635
4077
7438
1888
6092
8682
1538
3170
8758
1186
3781
3432
5323
7873
4043
6356
9762
321
7910
854
2006
1805
7826
6022
378
7466
8789
9865
4564
3494
7703
1098
6069
9850
9016
9886
1633
8139
1165
2077
2216
638
8039
4737
5597
5658
9172
4827
6555
1839
9737
6511
3447
7813
458
9394
2553
7656
1617
8691
6304
3479
492
7933
6437
5462
4597
6459
3918
3950
2194
2343
4664
3620
1013
9957
8904
9964
900
4338
3505
8682
334
6995
6650
9823
5383
7689
9880
4736
2083
4198
7116
9957
824
5087
7461
8641
4688
5870
2015
8909
5965
2432
2268
3555
824
9003
6258
4232
8516
4442
3563
8605
1521
281
562
3381
5693
2915
9825
7026
2126
8279
757
1379
6164
9965
9858
925
9582
2258
1247
3054
112
8315
4369
252
4917
6778
289
9801
8231
3503
7081
1321
6593
6507
9911
5178
1125
5338
9216
5683
4604
3536
9698
8817
4162
8509
8024
4348
8806
3048
223
4422
1761
1235
7899
5351
700
5486
6131
1467
2845
4291
5687
7840
184
5057
7099
1437
8940
8007
4480
6772
7054
330
6622
5166
4001
7992
6422
9330
3217
7336
6876
8581
6928
776
3810
247
7126
9531
4153
4078
7719
3496
1073
981
4809
745
9192
5579
6133
4307
3449
3568
3988
4592
3278
6471
4450
1825
232
1441
30
785
9760
4377
7177
8388
3209
4839
3198
4669
8953
3130
9613
443
718
5026
2765
5240
1165
6064
4816
6649
7351
5115
214
4507
7358
6894
475
2980
2065
4277
7761
5707
4850
8274
1252
1125
2650
8780
2588
650
7685
9927
6890
8623
6604
5722
6026
4837
7884
7689
5049
8625
5111
1735
7408
4606
2421
8616
8975
5962
9308
749
2111
7154
1793
7293
91
2094
4414
34
2768
7673
871
9847
8022
9249
9749
9330
3246
2484
9267
1175
1900
6798
5461
7140
2453
5266
6969
3384
9634
5729
4493
1224
3212
1056
1461
7195
4369
1203
6407
3916
1427
4465
5290
6284
7545
9583
3357
6579
7353
3909
9974
8791
6009
4454
8428
2085
6313
8203
1511
884
7564
3326
5204
1709
9468
2090
8889
3947
9668
4968
4102
3201
9271
3946
7321
7645
9616
2152
5375
5241
5903
7252
4463
3269
9138
285
9103
4681
1131
5372
5150
2026
590
9270
7808
2918
8320
9129
8191
5320
8188
3178
4119
2219
9526
1640
1712
3041
8482
3211
2158
1990
5138
1681
3970
7687
9140
5845
243
274
3702
933
5709
8416
8318
8561
6941
6426
7327
22
7222
2471
2087
7125
2440
9976
2955
9425
2739
6671
1378
8185
4445
5128
9873
1948
1436
2226
2306
3850
4771
3831
2231
7881
3356
7233
7958
438
9102
8639
1500
2578
9633
1029
6140
6848
3288
7568
8804
6510
2328
2021
7302
5385
8029
9078
3390
9094
395
7836
6620
6230
4258
3589
9148
7175
2223
1538
439
5100
3293
8549
561
3872
3861
9785
8395
571
4331
4425
6943
47
4107
2828
5384
9516
4437
6726
7965
9752
1165
5338
1384
7423
3213
4528
2727
1002
6177
4465
7676
3808
4319
2283
5301
227
7741
2556
8768
521
7818
5404
6803
7906
5833
5927
6094
122
4387
2130
9518
7845
8647
9430
6518
7030
4130
583
8239
1357
6402
4208
9588
3904
1555
9235
239
1463
4372
5515
2541
9065
2481
7104
1163
8476
4983
260
6113
7046
8347
2100
8853
7757
7266
3544
8569
9668
1662
3487
1558
6254
4123
1128
3742
8803
9567
3560
3510
7549
4311
4657
5673
3636
895
1889
5606
900
6912
4658
4263
1992
3507
2447
6300
4299
6528
3692
1110
4898
6888
4767
3628
8714
6799
5653
9636
9548
613
5085
3168
1194
6519
8896
2738
96
5026
2194
5112
1847
5652
7258
1134
6960
354
7031
2752
4936
5412
7635
9592
4399
7607
7417
7926
2328
1708
4734
8181
2220
8327
4437
1073
389
4744
7177
2154
130
443
4558
2381
5676
2680
9664
3520
8109
7978
5034
1731
612
2454
6240
8942
7568
6826
3023
7079
7530
3935
9846
5304
7852
1363
7250
6067
6315
5310
7368
7932
92
9199
4104
2914
4305
8954
1967
1621
9647
2359
7005
414
8814
2793
8362
5192
4700
2012
4173
3765
3944
4678
2605
9757
4843
6529
2312
1474
4820
6263
3330
119
4431
8882
5424
6570
4610
28
4026
2127
8555
5538
8563
3976
2540
4179
391
4257
5292
3593
3458
684
779
3868
5317
6942
5
3324
7649
2597
6544
3030
7256
4685
2705
2828
2929
4454
2038
5666
9789
2702
4607
3239
8431
3334
5523
7983
404
8129
1548
6531
4369
5331
1783
8394
9289
6157
9005
8539
6808
9036
8568
4617
6232
8616
9592
4812
3354
2006
5147
534
5917
116
8810
3632
8811
2561
9337
8783
6104
1646
670
4862
8504
5321
2578
8399
1844
4266
4677
7419
4270
8657
3276
7341
4237
1792
3494
6142
8445
8879
5414
3238
6382
6630
4368
4561
1610
5682
7464
6480
1065
4814
2299
8540
2928
4298
7671
5551
9928
9509
3405
4723
7392
6941
5431
4396
3466
9220
1911
2205
3819
2176
8192
7462
7830
6675
7556
1047
2272
8552
5869
473
1654
9396
9003
2934
7132
1252
2350
8258
2212
8236
205
6321
3547
5862
9710
6837
7112
9947
314
2114
2981
8788
3615
3438
5773
1830
197
9232
3328
1605
6749
2908
7224
8985
210
9196
9117
7506
7913
7611
3700
7820
6220
5601
7514
9773
2474
778
851
8010
7609
2135
6958
4641
5089
3147
2097
5179
2595
5500
9602
8799
1383
6394
7545
2124
9670
9436
3119
9866
9563
5964
6495
6380
7185
5952
3149
7047
2203
8690
4779
7812
1721
9869
3594
6326
8298
5196
2107
3945
7823
8309
9481
2802
4617
7662
6636
4625
6309
8194
1855
1447
5125
6340
7358
1703
4125
5774
8231
610
5634
2278
9696
6892
6834
4145
7587
8406
9439
3462
4221
2993
501
1059
4105
9642
8179
4065
9788
5957
6978
8118
8800
5644
4081
562
7451
2938
9649
1334
1645
1869
9566
5428
7547
6152
4497
1704
7254
4220
6681
608
3974
7121
8539
3425
6368
6627
405
1754
3768
422
2219
8855
2313
931
3177
5908
6418
5973
1625
8934
9793
4842
4081
397
4821
7447
8575
2220
6763
4776
4504
6617
8834
6573
8628
3140
2134
4864
2794
728
7968
4299
9615
1286
2734
2304
5173
8668
5118
7839
6274
6646
6396
3889
1424
9176
9676
4337
6886
6507
8215
6225
6251
4925
1574
5769
4307
5575
3549
1529
7924
8852
8292
5539
5301
6474
8330
2570
8400
285
7418
9410
4709
2630
7488
1908
482
9278
9573
7695
2328
9371
1079
9665
707
9187
1908
668
6327
283
8819
8606
9151
2534
6641
2892
2550
8547
5101
6145
3654
4961
9651
8217
5157
2787
1646
1754
769
4518
2201
1766
7176
1608
8678
4666
1659
2021
4490
5083
155
5924
3482
5152
6703
2733
6437
252
8500
2601
8078
108
7465
9752
4826
7180
7130
1520
4727
7724
512
8305
5124
205
1250
2700
9780
957
8604
1556
9865
6756
7155
3913
9623
8435
2157
9044
6606
9027
9283
1036
9590
7762
2720
463
6935
557
9391
1988
8294
1645
3718
8506
2770
1484
7690
656
4937
479
5973
1055
1786
1293
6707
8202
464
9223
5672
4882
3175
9962
1952
8711
6577
856
8975
7666
5360
944
6830
3968
6176
6604
7910
6501
6761
300
1826
4656
7582
2539
8109
1959
5346
8528
7469
9112
4475
1879
7621
2734
834
1755
966
1114
528
3599
9906
7388
4741
7412
6241
5348
6788
5194
5608
5318
7406
4020
3247
4530
2140
1829
2941
498
6287
5508
5891
9941
938
4049
7643
4148
2022
7207
9151
5902
1012
261
6342
5309
7889
9386
7325
4387
2751
5669
4611
3901
5117
2758
837
5566
3556
396
711
8914
5541
6294
4955
1132
7491
3555
8307
2955
6937
5174
8178
6080
543
6426
1274
5220
1287
945
3208
1932
271
5499
3357
1811
5273
7229
5318
6302
7535
3405
4312
9891
6790
6256
8423
4608
928
2181
8338
9943
1515
8576
5161
7407
22
9360
4949
6644
5003
9689
8721
8245
5967
7910
3727
6915
7289
8672
1979
3637
8743
2218
9230
8837
1714
4613
9372
6548
2984
2393
9653
4438
6424
1637
4193
44
1254
6457
427
1384
4682
2174
763
9493
3967
4482
6582
2557
2858
4873
8446
9104
597
7110
4569
1328
7849
7460
6914
8082
2530
4992
9
3337
4549
6730
6005
9727
340
2845
7739
7400
8986
6305
2131
3118
3678
5113
3667
4351
8227
5129
9009
8600
4789
7061
3389
903
6866
3457
1059
5987
7143
7352
8577
2200
5225
9366
1580
1972
9519
6484
1994
4993
4401
5520
6881
7599
9729
6245
4535
8721
724
5217
185
7608
2257
1779
686
5892
4256
1027
4777
7631
3338
3803
9852
8374
5029
161
1729
4891
1331
1551
1988
1550
5401
7890
3088
339
3896
8310
7480
682
1291
6836
4342
1895
5875
9136
2770
1798
4920
2161
6977
5179
3000
4654
7592
914
2253
3690
7909
9739
217
5793
8000
3366
3611
2894
1070
3776
8311
2808
860
2795
7568
3151
2631
880
4728
5896
9743
4382
6833
5908
6490
4925
3645
8088
8292
6259
7653
12
7920
8352
1724
8617
4669
9791
5709
815
5373
8879
8525
1851
9227
3687
3453
475
5810
8119
4421
3846
5357
3566
7633
959
7186
3923
1474
1201
177
4877
6956
1798
834
5269
2597
7455
4924
8297
5708
961
4297
2397
828
266
5215
4391
3558
6331
2749
2251
4793
8581
6797
6982
7937
3731
2720
766
4497
8627
3332
7850
5055
6055
6185
273
2453
5186
771
9463
5937
7617
7186
5915
7097
6577
2874
4800
7137
3046
8449
5152
4325
5710
1653
719
3305
4070
8465
6971
9227
1375
1752
4730
5592
5788
6464
1043
8550
6791
7494
535
1217
2246
6423
8654
6648
8209
3253
313
9530
7201
1304
3772
1975
8110
2849
1069
9437
3694
1901
5281
2552
7680
4665
9928
2792
1246
1149
8411
794
8069
9727
7289
6863
2095
5711
3339
7408
42
7270
8984
5759
5864
3767
4971
6577
2006
4393
4966
1991
3302
4747
9285
8101
7788
9726
6168
7481
4076
3683
6152
800
3681
7828
6543
5662
7819
5835
1818
7689
949
19
1219
5029
999
7614
9659
3728
8498
6533
9863
1879
5084
34
808
3493
7642
8212
8594
788
7900
6993
4774
4273
4384
6242
5408
4645
7467
5615
957
2961
2596
3023
229
6937
7429
9301
786
5933
7188
6581
5112
1040
6745
5749
3616
383
4173
8328
7846
2079
4855
8947
5134
2250
909
424
4336
4235
4051
7202
122
4929
5624
2657
4710
8274
8694
1575
3711
690
9446
256
7707
5303
3655
4183
8111
6229
8065
1906
589
3988
7470
6439
6922
8764
6446
8888
235
8240
7685
4299
4028
2935
1661
3837
2332
9352
8012
1048
5605
5322
7769
1761
5982
7126
6527
1164
9212
4224
1950
3377
8661
2628
9881
863
1910
2140
1078
3990
16
9972
600
5383
6955
2905
865
5173
7681
390
4077
7494
154
8251
5513
6808
574
7698
7164
5553
5540
6098
1225
5781
7806
1161
3828
1163
8271
4859
5289
2976
4042
9434
5398
5842
9652
4769
6529
5542
1868
7035
754
1203
6570
2068
2243
7588
5751
6135
4219
5606
5502
4539
9187
1999
9119
4415
7578
6726
6388
7244
3521
6521
7616
599
7581
5330
3964
6930
8761
4548
2069
4011
8567
2566
6889
2231
613
8297
1700
2715
5227
4464
1170
4345
6605
4062
4842
2535
2355
9897
5949
3473
5679
7418
3580
9397
493
7011
5895
8097
2944
6426
9970
6602
7009
9042
1074
1390
5876
7969
1754
8932
7320
6967
2388
8482
8670
3480
753
5626
9051
5273
7307
2523
8398
5349
2268
9439
3361
2860
3718
4272
7882
5883
3464
6845
5255
1253
8498
5375
7377
2844
3445
1435
9450
5400
3460
716
1132
8212
5194
4099
4412
1853
1889
2914
5766
730
663
4982
6959
8637
9963
61
8163
1822
2108
8960
6403
9265
6988
1351
2995
4354
4583
8282
4429
4147
5415
1270
5690
4118
1781
2340
1016
5704
9788
2645
219
2456
5116
7223
6375
2570
2838
9434
279
918
6188
6727
8212
6503
7212
8781
5637
7785
3774
713
3611
1707
8540
7760
4538
2232
6468
5178
7722
6177
9415
3628
6432
7657
8881
3157
7863
4451
4975
9859
6567
3334
6933
7771
8747
8361
410
5855
391
7858
9340
3124
7775
6186
485
5030
5582
4274
1862
5919
1961
163
452
1579
1392
7859
6894
3416
4503
7379
6107
5866
9174
4148
5860
3072
2582
9788
3499
4128
9231
6921
4651
1369
1071
7432
2956
7696
4204
509
4782
6222
602
4707
8472
1902
537
8062
422
597
6222
4593
849
4876
6699
1117
8337
310
107
2966
6763
9628
7903
9744
1480
1003
7354
2231
1832
1347
6962
7651
418
9774
4320
7726
9086
7832
1101
1317
7171
4868
6116
2280
813
6407
6244
633
30
4359
2432
7217
8762
6212
6828
8420
2833
7494
3649
7424
664
5719
739
8482
4590
8707
3248
9305
3906
7580
3001
6655
10
9894
2803
1960
7819
1227
7982
6892
9766
6444
7523
6531
952
63
9985
8232
5181
9885
8604
9136
9884
3076
9214
6808
2565
7172
9252
8749
7706
188
9373
8799
3598
4887
9122
6617
6482
1480
7382
1323
7243
995
6011
395
5213
166
3516
9549
3266
5837
1966
2783
9439
974
3749
8959
9387
2261
5192
388
9229
7305
3317
9298
744
4359
6458
4519
9382
2598
2497
7698
8529
7699
3191
9804
2070
5383
577
2259
1156
1393
4633
8721
317
5772
3095
5542
9706
9110
9397
9777
2260
1603
8911
1065
7976
6270
4608
5728
6388
9073
5624
3308
7801
3591
4985
9556
2729
2244
4951
7544
136
7578
8259
9467
1230
2179
5196
3407
6840
2022
4513
8401
8597
6609
1638
9046
1881
972
1376
642
9449
737
7368
64
4303
7692
6993
1753
6535
9811
6530
7323
903
9046
2628
8319
9879
9252
3660
3377
560
9090
7158
1336
8363
2878
1617
7653
1379
291
9827
3542
4474
8747
8051
9363
4183
9362
4660
4883
8821
2260
126
5156
3908
7222
3958
6791
974
7412
3162
2715
5082
9074
3839
1230
8771
7489
1787
3987
2585
1779
4961
2658
371
7349
1938
8070
8495
2803
6009
5566
457
2214
5164
8410
3193
3812
5144
664
6086
435
7499
3147
2369
8126
8484
9716
4128
6188
7886
5963
6484
5090
4735
8216
1662
5959
2883
3819
9611
3887
2917
2425
5172
7249
8601
7259
5151
7110
2564
7442
9117
1167
6816
9497
3996
6356
9592
3052
7595
7072
2957
9666
2750
3028
1123
4856
888
6265
1696
2925
6705
6127
1928
6454
577
8000
7851
7645
4421
3703
4690
4164
715
1912
3722
5327
449
1825
5662
3621
4661
1863
4470
8342
40
4689
7479
2154
646
7630
4095
8847
4941
2902
2824
8339
1387
2994
1284
5259
8006
626
3322
1086
8827
2147
6931
1343
2118
8646
4972
2259
4728
7714
5537
3147
8680
8386
769
8874
1526
4892
9167
7747
6660
2624
9460
8314
7060
1369
732
1998
2816
6158
7327
1569
7442
2164
8246
7585
6993
7496
2373
8591
6055
7184
2692
5747
1392
425
4809
4879
6136
8908
7344
5674
5821
3123
3743
4330
6787
634
785
8927
4785
4178
5263
8325
1547
2859
8485
3298
2656
3470
9400
3628
2918
5296
6357
9520
3874
5525
6020
1771
968
950
9025
1001
9219
1604
3149
1194
3850
3099
7792
3519
2556
201
7756
2379
6549
3033
6160
5754
7347
3703
4014
1655
4064
4250
2770
4488
8763
5903
9772
3056
3754
8761
1899
286
4908
980
5260
6514
4971
4028
857
3048
7400
333
3624
5023
141
7801
5910
8732
2426
6194
2170
2573
8843
3638
4550
5214
3819
3957
7770
9342
1075
4681
9672
6815
8649
2377
3719
9753
261
8464
1497
4445
7615
3954
9840
4337
1821
5090
1821
8893
8924
3695
7378
9257
4157
4530
7776
1634
7076
3185
1507
3904
1797
2607
6632
6852
579
2284
535
3457
6145
9773
9963
4436
2498
8973
3946
6316
1331
3230
699
3752
7005
9628
5577
1128
5634
5507
3203
4210
5288
5207
1502
2562
3571
9926
4183
5271
1110
686
2591
5484
8742
8215
7894
6389
5953
7421
5357
8100
5790
407
355
3328
413
4792
5559
809
6629
1274
9810
1117
861
9654
4429
8761
6768
3250
7864
4302
8429
2747
1699
4000
1055
9674
2446
6123
1507
2773
5108
2304
4140
500
400
8932
7665
6792
6226
5409
8483
3788
3382
5801
9637
3344
7433
7039
4842
7898
1226
7700
3137
7923
8650
3799
4403
4720
4691
8161
6856
454
6445
1367
3662
4790
6974
5194
2842
3750
8499
2289
6146
7933
1384
980
3771
9205
3268
1514
5723
7564
7401
8140
5711
8150
2869
6127
5633
8298
6819
8195
2482
2885
3471
823
8421
7374
7079
2586
2779
6946
2574
5156
1598
7897
1604
6448
7220
5957
1172
9524
5968
6113
3005
7332
558
529
8422
3735
50
7779
7555
4714
8689
4640
6081
6723
1278
4126
4215
8567
3217
605
6424
1064
5886
2179
2375
7666
5694
1889
9001
6883
4108
8837
7361
7636
2273
4984
4416
5816
7434
2568
9921
5400
4991
4509
8786
9096
7265
7638
1543
3405
10
4440
8178
1252
7365
6201
7506
4321
3336
9394
2241
9203
3768
5981
9663
1912
6311
7520
5016
1674
4206
3756
410
4977
8476
2913
6462
9244
8995
7345
1717
4170
4861
1420
8558
3234
9887
4546
4799
1467
903
5986
8385
9394
4157
6095
6649
6642
303
4573
5649
3570
4120
5477
7214
9855
6102
6160
5158
596
9172
3314
5723
9847
9105
2316
404
1099
1654
3850
7094
552
3533
6172
7104
4674
7675
5205
1817
1304
5335
8911
4212
7785
1100
278
7740
9619
5301
2265
3400
6276
7104
9991
7635
8093
8721
5035
5361
8739
3715
6331
6982
2827
6813
3338
6953
6917
1746
8925
2151
806
9618
5100
5397
5206
6275
825
5381
8492
5281
147
1556
1512
699
7952
7303
6058
4628
7458
3322
4162
9722
2101
2233
8798
2378
1881
1607
4988
7137
8970
8422
1621
3663
7069
8397
9286
2323
6256
5210
5400
9357
5995
1121
4070
2128
2193
5238
4662
2107
3487
1105
1140
4573
611
7761
4601
3960
3115
1845
3927
4136
5753
7281
7856
6167
7532
8138
2348
939
6120
3629
1020
8413
7458
3701
1691
5539
6374
2235
7615
5119
9882
5811
6240
939
2749
3209
8859
6534
1646
4121
9183
9567
9977
8601
4184
6237
2815
6662
3738
7336
159
8599
835
7311
5945
7079
4259
1281
42
4081
7351
994
5664
8558
1020
1097
4293
1199
1574
961