6072
12538
5284
1270
53066
78150
85051
62016
44220
35314
38414
55009
38135
14531
63708
62679
37959
59041
18683
37041
45180
35274
66024
84751
33662
60119
19890
9857
89217
68665
36103
27490
75721
12969
987
97704
46523
42915
49473
22817
53780
30779
73896
85105
80466
17593
46058
43284
99422
68748
18167
23623
81598
2308
27450
73749
47382
73910
22253
14931
79895
90912
61461
80812
64155
8859
45756
37480
75088
73329
87516
66241
38485
40570
97804
326
25651
11804
99844
76904
92199
77718
70789
67753
65613
63085
26638
45805
85554
12132
37727
99613
50561
36091
66394
68711
4453
25580
58775
28669
25621
7723
49540
5113
22788
68713
49996
19320
38989
19488
45386
23920
29910
72857
10519
36430
71003
37096
96132
51821
91702
37678
49569
92207
94916
70422
85265
62505
62215
86460
51821
11949
96829
17307
41323
97992
66877
88357
42261
73930
87432
552
41850
95501
54320
3986
37823
73985
87170
43645
93805
21722
74006
86384
73060
52100
12236
97116
99129
74396
84798
29617
92209
55987
46776
22473
91312
11584
80586
7468
62282
85488
92860
32516
65928
63884
65852
60778
82789
40328
7919
80010
74194
2529
53020
13557
22467
62631
51367
93409
50764
64278
34028
26018
98245
36188
86184
7910
56123
65657
51161
82894
88972
21311
34666
38909
85369
96599
28896
91968
23353
30886
15774
12438
54625
89029
48199
16354
94592
70752
53402
75769
86790
61723
36877
45779
30241
19291
60724
75805
94055
7933
78083
22839
41429
45303
68441
76347
38923
61235
96989
22004
30128
32745
92993
92422
1984
6094
19419
48798
61432
64840
42684
93080
27808
43501
5467
91767
2420
32841
84810
90035
21185
62778
90936
96951
24080
18595
54430
7213
75751
99512
65479
7898
40232
92465
16306
90554
84848
72377
68755
9453
81171
18433
99559
42389
46069
58977
85503
95995
61076
71171
10174
87304
64080
55855
92001
20914
74489
75705
3052
28460
39739
35806
95143
45057
23868
37567
99173
57940
81420
65363
89162
23014
97005
29361
66427
78799
67297
42211
41556
30324
50795
20458
34139
45758
84985
29138
16981
94708
34657
94165
50424
3245
79386
20786
58223
67085
114
97983
50450
43312
16441
54477
78151
88707
77043
36464
71639
67167
18040
52020
45496
11721
72944
9156
63841
55650
62136
63248
55901
32486
36861
99840
38623
21195
75667
31939
56071
37668
92895
90776
97821
21003
30178
30080
72001
46545
42302
15313
40940
20709
23801
48784
95675
89640
33121
81366
64638
23490
37285
1173
30705
4256
53782
6662
1924
7526
946
65276
17892
298
63216
31218
93030
7994
57895
58784
386
85045
22031
15688
80986
37268
75797
54493
22552
93087
91448
43054
35141
19778
67303
61067
36516
94080
30149
42236
8734
4039
58128
91312
17790
10808
59371
64712
80736
51607
27230
50304
74743
73175
57190
98878
39814
13803
87647
81874
99960
24873
32970
55131
64468
82503
38539
19026
35838
80045
77812
42657
99272
17949
54293
15336
93974
42392
36559
7864
12592
7277
41783
29509
3867
48897
83874
22053
32635
12645
73666
70204
36909
4485
89975
82135
11654
95168
5781
46745
88667
31471
56910
63653
84812
10374
41720
76276
8952
26519
34264
79069
6400
38871
45831
53351
80770
73365
20700
95954
43963
67495
73882
68112
48637
20818
78342
54219
31495
71102
19154
50727
84685
4629
98857
84713
59369
97878
46322
48923
25783
82318
37465
54186
42642
35130
69908
3141
78305
24804
25659
91631
24589
7023
58652
34287
5247
89659
14463
22309
36519
67168
67481
32400
26886
15878
74839
67717
34951
5541
83986
44479
72397
56059
56429
51663
5595
75558
8964
14606
2850
81100
46230
18254
74661
70627
45886
26225
91594
79958
60769
28694
11683
30203
81122
14907
16876
72756
24467
88707
76510
25155
69477
88198
12135
13304
2376
38888
33262
24523
87066
84478
59079
53891
70696
54663
99083
39213
86894
97898
82164
50148
38699
43893
99703
31435
27745
31428
79401
41232
91828
40575
31962
27527
1364
99785
45524
74721
65904
58696
82974
32651
72680
6837
92214
92146
68174
99493
68995
48516
15787
18923
77932
94356
66867
9337
93777
84093
39478
109
24295
57836
43315
63864
50584
41301
14988
43903
85469
29435
96015
98499
74636
17092
91543
91489
25689
65349
13916
37866
17027
64313
15920
14975
30410
40350
30885
13548
24656
67856
43374
53050
52373
69140
27440
16542
72684
17671
97961
94513
89306
63607
71470
54567
86759
88217
21233
53185
86055
63237
36817
83731
4877
55723
20538
33324
9072
81046
26878
5554
28391
29474
12801
43109
66935
87950
24951
54735
4985
83429
6199
80481
71461
45331
29904
96417
34328
76512
30052
22555
80537
32981
81613
55942
75479
92560
98932
62989
38835
98660
37081
99612
62543
28075
28450
42830
56479
3883
8805
78628
30669
9217
70712
13634
93581
34677
2915
36506
26100
37910
58529
48802
85560
8428
99550
61391
43437
44590
76495
47601
61597
86700
80773
31284
16082
43093
94141
19278
33208
77330
52897
47006
62022
5359
14891
40724
40953
49022
56376
74794
76436
64652
17704
14426
80642
6158
51677
80017
48574
9834
76542
50486
39405
79949
28361
83129
73587
89030
53999
92650
95170
47169
83251
75707
73322
63881
65997
67605
24145
8495
85674
53477
34123
87179
84458
11468
60730
18200
56490
43080
23503
76713
19243
16574
47367
49459
91006
22346
7099
33718
3079
26791
44279
8837
76444
41132
30345
29303
79959
24955
72073
51114
28985
67330
21782
92101
71998
33615
40539
3568
78280
35695
11683
18953
66347
40504
82693
42588
68958
18824
60801
22767
3993
82728
75160
30271
27109
85008
30362
87646
11405
26558
52959
30121
62696
24424
39642
60430
93487
40031
53656
42611
49956
94198
4941
4426
13516
30173
69589
15312
78863
85709
61124
12210
22230
29875
12513
95221
31141
26065
24003
83172
21295
63820
10337
88375
42754
56837
87295
32172
23792
38468
15252
83196
4480
88812
61005
71956
5190
58137
97897
14571
36155
27577
53086
8126
16794
28637
80071
48472
97728
465
78323
23928
58855
62833
46567
78415
32994
24036
9040
18831
51979
19417
94447
28645
46708
99643
1220
52139
26565
49955
35235
90030
4199
40057
31356
13794
95715
80229
57665
60496
29282
18123
1580
78735
17458
13458
93380
41294
34602
56273
15710
92657
62066
68229
94709
86449
67240
40480
24449
28389
70871
86728
575
62076
84121
57062
58366
73243
61105
56217
18639
20049
85125
68582
33392
66898
43164
32231
87112
28488
26424
74605
63330
22147
61951
10667
43934
23809
50393
80727
13053
21248
74796
43870
67926
79819
4935
74929
37333
56787
48657
64383
20919
98922
79837
47180
28229
47254
40685
61857
69918
64433
87247
96608
94031
44016
23318
91142
18528
97693
14265
19318
28740
4756
21305
35055
85803
64576
83770
85870
65463
39565
21
87580
39335
70328
44193
85483
67617
96854
73991
40568
8193
67379
41501
31040
75867
75237
24866
51002
27119
3918
36248
85802
51131
9104
40628
59723
3263
31237
56436
97893
80885
9303
77068
53104
91166
88214
64658
97226
71783
16187
65838
4817
42951
47955
63816
54284
85547
64451
32803
59908
18025
61983
56922
6218
96796
44064
99207
68311
85913
66872
6722
19141
98180
54954
36177
25154
89157
52053
32728
6421
79549
21850
30635
34696
40813
65668
95889
83662
19781
64943
37164
15937
35401
84074
62263
32709
45080
10659
36090
40754
51017
7120
91060
85565
31427
89398
5668
35214
6371
53810
65138
45131
82761
95202
65896
97174
30504
19536
57168
80551
39393
89896
16291
4218
69222
73936
83364
67624
99849
40876
29838
67357
18376
5313
98368
90247
50305
7927
33875
54816
55681
75301
39152
64634
3077
74169
59037
22023
82099
91482
12424
89661
16927
59032
17975
53231
68631
21196
27849
77191
72165
8635
61805
39222
59408
71488
51983
2825
98419
99328
32920
68736
46853
51050
60611
99085
48502
14481
71064
85089
91290
12175
50831
43976
98693
24769
85226
20281
65935
92486
17117
19881
13483
36397
33264
10134
96818
82585
47683
99387
44538
56491
58975
22216
35032
21679
6732
44251
61961
81291
9290
76945
18596
91635
95435
78272
28848
8010
61819
53965
62432
7281
72012
97151
91539
74542
67524
18091
92942
17011
33080
92185
204
62561
95520
30343
43247
6311
12615
22253
65518
58336
44157
71587
72573
75929
49058
39360
4332
8551
30017
8768
50906
51668
2493
70498
27601
77375
53651
71174
84974
34548
45020
71751
74067
99481
54235
36991
93480
60079
83166
83284
65090
89696
22590
58447
98783
48964
86479
84277
24425
71677
59873
8512
34291
65788
37871
26834
45864
5320
69604
34723
9319
19134
93991
56212
90356
53383
34197
91644
18933
75952
61898
63825
94664
67209
16626
75168
74124
97029
84844
40016
26405
3758
92510
91205
84501
83880
75771
58579
64788
55250
94291
36239
30699
64415
44837
69279
43863
8608
79452
93251
18115
79860
30058
35090
35023
25272
36473
53018
44769
55522
71128
1613
59257
78538
51531
7343
15758
92134
11064
1417
36126
85394
91003
32489
58482
84201
53880
84387
23676
83848
16058
83587
44107
58738
41367
4997
84628
18932
52321
62162
50652
80200
80355
60290
98747
12761
61534
2400
74861
47378
84419
91131
60130
85140
89891
7302
86492
37687
31672
75233
77909
59377
19993
7415
24520
2001
83546
37447
41166
8613
12121
62504
73399
6414
92716
41351
83451
73890
32160
16973
98735
73376
32545
75353
18888
64608
16392
14159
67756
83226
98413
96134
71015
14052
30633
5412
61897
54095
27142
73578
11264
57134
82756
45555
38296
94943
42549
73932
75801
59364
2548
2738
43107
60680
86471
64096
15958
11283
60200
62154
20031
14165
18802
63625
99776
43870
36299
87782
19814
1510
62543
78019
71323
82100
78315
46403
67905
36669
70037
29011
87144
82263
69635
10688
74989
40351
63014
63697
29202
14576
48651
13275
47710
59865
98255
16607
89399
50322
77
47161
78329
13999
25486
71665
46823
54371
57739
68686
84884
79300
24897
29879
46195
29533
65257
61377
45759
34444
20196
35020
70571
17653
93970
60856
3858
98011
30117
1323
12271
98134
58962
88500
84039
61678
5248
63184
97627
61089
71975
50226
48081
57168
44322
64568
40783
95191
33022
28858
40299
23371
82017
87012
10194
47831
23359
36545
34218
44508
86244
17604
94706
39042
34748
71516
90174
68745
66504
29801
22839
39478
42385
67202
39049
5066
94691
23093
23829
50310
29223
29653
46427
39771
59961
68659
74263
67449
69341
3488
3107
34694
36682
1813
8176
96203
63196
46281
90810
45792
7627
83811
17408
67399
40712
33722
73064
6942
26789
29650
89978
53177
45688
35890
88281
37049
96844
74180
99770
65916
48066
18496
53184
77910
48105
67289
62194
83038
46274
2716
7053
44627
96534
15684
29933
60516
81459
91757
6350
71185
98928
86996
85180
47899
76599
61512
27488
18255
74957
10399
63189
33381
34377
57158
98241
31877
91409
75953
36986
32986
8081
22653
5080
60296
47889
76525
26810
81912
81166
48368
33071
6054
71557
84058
77136
41214
3572
59974
50315
76846
21838
94006
41474
52530
39889
82303
23013
78639
99480
89100
70036
16520
21215
69182
7814
76613
55546
96346
24755
90068
39282
56375
36749
94093
57967
57533
17046
75673
49295
7067
47730
7616
86045
25800
77511
27583
32856
93974
41634
82992
19714
45267
93511
50699
87819
28861
39910
35488
29755
53687
25812
32152
63488
42493
11267
95973
80485
60006
91588
7051
11539
13696
165
85305
40882
88998
57646
50764
61040
23734
74947
16979
79378
85295
23325
72588
90896
22942
33207
182
17903
52980
29515
48336
65348
95026
84826
5841
58043
97868
67490
50928
54226
72069
16432
64763
11191
16850
53577
66419
9706
9024
65206
82916
61481
83242
99261
68235
2214
39914
81288
25252
98109
42188
60085
95911
65385
11858
16877
89920
89069
63105
97256
96924
42655
75292
89746
96636
810
47840
46419
78297
34572
31796
66258
52605
33208
15329
41336
47594
1019
9211
50634
48448
42904
65988
84604
66195
47835
26306
67471
86942
73957
6174
89322
99518
49684
2421
76793
16105
1041
25924
10529
37824
98382
7014
56987
71439
92006
5735
47238
16880
11409
11730
32825
61822
56842
61765
61957
22437
60987
334
76947
77757
73184
10160
73136
51121
14317
10015
29741
30494
67285
12358
44245
62151
10930
12006
66168
94085
23841
94144
64027
36597
72239
24852
13258
72880
43841
96869
12695
10956
85796
97409
25010
70818
71096
40458
19730
96736
2055
64111
98466
70867
42626
88914
61702
41389
92693
48412
97627
65577
65734
97422
79895
49013
85171
63956
5448
21988
65328
67940
32495
4276
44447
6577
41403
77310
80147
19879
51500
95189
66426
32935
13201
34895
34610
41122
93998
90318
44684
15347
37349
37302
54010
66391
73165
47058
73003
23239
96821
98960
60711
68872
81342
27159
47649
29482
27337
40501
73110
71232
27136
40827
58759
22682
50439
52104
96119
15034
77462
7860
3048
90581
99121
85087
97726
94861
51032
46051
30624
68706
66190
46778
83897
84302
32306
14445
11022
67184
14034
95215
59796
44003
43283
4978
87847
58552
22422
10769
1141
48692
27594
68815
57677
56982
72837
59014
33524
3298
25150
44013
28310
80498
15057
60271
21218
29487
83758
39926
72622
21465
59273
5255
39434
81206
32921
65951
61405
9297
52984
44127
5601
10923
66313
38693
93347
3291
20542
23662
47770
71110
71901
81012
78990
47499
44586
9915
88834
86172
67558
1966
99356
28750
20627
5028
92588
82265
85778
96626
37463
74891
38303
86303
37450
54866
54976
33598
13276
87577
66376
28214
65048
35764
20219
15180
77999
71349
97954
4799
67738
14190
90147
60816
83991
57569
48940
91207
18723
48439
45658
84819
14458
4540
66061
8035
2170
74160
1448
43845
26172
25139
47097
37187
66462
29764
96089
75855
35864
15516
58205
74645
49596
29766
18584
16222
60779
94607
18396
9352
50354
95909
50854
12164
82700
53183
22638
55786
54493
29531
83515
28716
97248
64465
88205
95544
41350
67592
93407
45302
98168
46766
96460
58062
25556
74118
23453
89417
52685
7833
22858
47646
92989
50817
62125
3443
31674
581
48013
32599
77495
77825
76155
1272
62211
94802
18177
76474
96428
63670
43372
84151
95642
62211
31684
52382
56789
51373
1626
54409
51724
53775
2313
28487
8666
39596
93925
11476
81082
85455
58485
77694
93019
46991
36469
91696
42634
42453
76597
28657
53326
28477
33415
88869
57817
95447
79790
68781
33372
13870
96750
99699
83292
36810
28840
36792
96052
22195
43994
5540
12472
53755
74611
40312
67762
14805
91972
36626
96539
29569
49449
98586
23550
77756
84337
51514
17776
92429
676
54660
68967
82481
71081
15743
85927
91969
26195
10147
6521
19407
22575
32117
58356
30400
52338
64083
9035
82456
17738
69055
43267
53870
50223
32879
29425
13520
22142
1396
54343
87907
26733
35484
92261
85172
37367
98673
9840
23063
43212
52815
25734
27908
44757
14377
50431
99404
4674
59831
83497
49299
75262
58602
38218
37828
58600
40718
64281
41742
62211
40423
9924
86474
96402
38366
10418
10166
1058
74393
64713
12234
13401
50022
29867
64796
8188
31626
32570
92563
18754
12329
55243
52522
36858
38773
52673
21984
28256
13839
82799
36856
84894
95129
98131
93604
90170
98338
30381
12271
59255
74936
9656
12625
90445
18105
19271
868
9607
33807
41185
67748
2063
82074
99463
83060
6979
54654
43593
67418
98566
29340
42033
14618
59675
5285
85782
93951
45081
12329
48049
19244
96860
75539
22748
40077
93310
26700
41468
66202
65014
70735
81557
75447
43649
40061
26320
14888
86749
47062
93242
20234
79661
18701
23484
73570
49803
32129
3615
40592
7798
36940
84376
70151
14688
43077
90604
92111
16611
82920
76670
58368
96805
6753
48461
65562
35378
2230
26581
66609
45792
77371
17846
58557
78358
83546
26925
43513
19797
68884
73631
1447
57650
30631
4140
88187
19634
33747
27656
48910
91623
83644
67774
89785
53076
33618
16861
99153
82712
22198
30284
69769
50000
64268
37872
17438
68647
29948
66433
40084
93315
55856
13335
61432
37234
65801
47201
48819
52479
45416
15132
96130
72499
71494
71282
76134
85525
44931
34478
56007
94108
7073
37170
83401
94233
62360
34505
86976
97778
67479
95638
27081
1594
94333
27539
73454
78231
71154
14561
90533
90183
49924
251
2720
41309
96355
1888
75878
62547
69170
23811
98577
46252
50557
40502
45569
23040
90990
98947
77200
70084
10129
61144
58025
7369
80427
81456
10776
50949
15772
56247
66709
16787
75811
82640
91106
23251
59838
87040
13692
36913
78294
4336
78847
23795
44212
15546
27663
86240
19965
38140
65884
42415
50444
57602
47644
14240
85429
10418
52629
89640
61386
10834
35814
69500
66331
91963
26103
40213
11555
64795
64297
61798
62552
23223
16423
29808
5004
84370
82913
88566
89925
13107
41490
48803
49773
76731
99683
4412
77089
72739
72251
34655
53860
87504
3047
7192
18926
68855
10897
24310
3631
99989
11378
43268
49128
33523
13569
56873
56403
43231
61576
59428
59865
71833
86038
92592
56561
10612
33535
20515
60208
30615
33100
21705
98157
7552
9504
14458
43545
5084
62760
31309
77986
13196
92322
98187
54795
57543
50407
39207
35569
83850
83302
74464
25240
21481
91609
59728
28892
84825
81757
98741
54473
3264
14292
25252
1321
16638
3026
8658
4581
77801
47014
10162
54329
20281
33604
47602
12389
94486
43456
37743
96482
96121
37195
87300
55444
17372
14310
56049
78434
57332
13976
39642
2006
88229
14475
37042
81619
78688
84092
1816
34090
23408
89822
30713
81768
18351
13529
21580
60132
7162
29348
84150
23081
13775
25012
35210
38943
73587
70205
90337
83241
42744
77331
20378
99573
9339
90446
10260
14516
47645
25196
70503
91153
25058
46640
28640
31554
57459
56897
64962
7960
79540
17049
64801
45747
74381
2026
9442
42976
86215
84272
81287
93567
64957
43669
28792
918
63869
82419
52377
13299
38709
110
21665
56230
45726
16874
43842
25893
43581
897
31972
49002
11643
45072
83474
91133
62047
13282
96921
63332
98598
70833
16708
98387
86778
19162
88971
77294
35510
14930
3613
5994
89503
36766
58005
44962
55968
44341
63729
92874
54765
65485
17096
59134
50655
34956
91283
94479
19528
1102
89827
69500
40400
45721
17285
90936
78591
26111
51190
95927
75730
42773
11029
5203
99211
10297
66867
37049
54061
3006
80069
24388
60230
18175
60549
87279
55775
97881
26745
92061
23514
72729
91094
1974
35881
40503
56522
77503
60354
3394
44111
55292
37500
22555
51193
59100
71040
30266
49230
19229
21500
10718
67192
56280
59072
36679
21437
10046
77646
17969
77547
39863
49684
21746
551
26440
64994
86571
5568
78038
39583
43822
54321
92206
68475
53472
10978
48102
13695
29045
78165
95717
69893
74622
97106
17974
43569
32147
21748
38607
43556
67182
75135
49200
27991
5075
67765
89057
484
93265
34091
24101
69201
11309
77708
91325
16465
15553
60096
30914
94434
49848
38591
80811
58616
63031
12141
76984
59013
36783
50846
95129
90556
91658
68254
24884
35181
15825
28981
86900
13318
66680
78999
69884
89060
28159
29071
40786
62800
12591
17877
64858
73603
60585
3671
1351
1821
26820
56515
8001
77821
11881
38260
53660
26266
30827
45225
12660
61223
14033
89833
64564
72736
72174
78120
35603
27559
89301
85490
44898
50781
97318
64154
92313
64140
89722
4601
85880
8200
83492
78502
50508
66453
46428
7066
1185
99986
7845
8111
98794
12479
66812
95410
78491
14067
22683
86178
7644
39959
93627
48564
32934
19239
53643
86048
56173
68524
60433
21132
89616
66131
49198
617
83290
90935
63156
16664
23094
43038
38323
15048
42011
82960
67316
64775
12794
84436
11772
34401
95684
43889
52813
61997
45380
43541
60373
57333
88629
87831
96314
65665
37657
94630
86262
55655
98358
22690
40558
2229
61853
56256
21163
69626
13212
39383
76780
50766
4627
17131
72585
19700
7066
38885
28993
91811
72251
37329
14395
83418
83973
48814
53203
13623
82615
89141
39649
53738
89620
17009
13992
78630
76143
86617
3732
69657
34433
59207
23952
99912
41595
78812
5196
61146
90592
91069
52507
73892
15802
5903
679
16460
49700
43345
4597
49549
69174
83094
88607
18464
71755
36690
31011
41730
18855
39645
82036
5229
46069
95730
74349
52873
13315
81780
19472
23435
26956
73337
27238
49101
2870
53370
11405
83148
27639
82604
75978
6663
64201
14179
41463
10185
18839
65853
64809
23458
22752
8346
75184
66665
11013
4250
27970
54359
41342
89474
13180
2854
25788
14956
5566
44903
61877
31942
59159
26290
12650
29650
32788
55204
39940
58427
42225
36852
58658
94060
55085
74281
41331
91390
57504
74692
32145
56382
63800
10469
77372
40249
98413
66255
19682
64454
92714
95197
68247
47002
81642
63780
71765
78596
92729
1180
21882
34347
26685
29281
48480
32119
59962
48207
19348
42979
76317
28039
56736
13582
68261
15073
4801
17531
57695
79714
48359
13144
23880
97836
27864
53530
94012
26814
89753
86091
24919
82751
15287
8763
28702
63186
73330
43469
97810
58098
15630
54689
14750
44806
9009
58141
81647
71773
11996
22125
90320
89909
19619
82791
19657
22843
20591
66039
2376
67963
52913
90943
7862
42741
97989
34389
76347
83178
61834
83088
47718
91161
65572
82034
33800
85423
71472
77799
25285
62143
67078
60113
15465
22030
93348
87580
66524
53619
54397
7327
48871
70569
98796
52456
99171
2133
9763
37389
77290
4584
79919
58573
47763
40234
28175
81163
60352
29855
71220
89432
30702
61038
94885
69341
93429
84606
43283
41280
438
19140
41258
69683
52829
27787
93198
76670
10880
19749
11534
7611
81444
2354
37701
75187
93300
89292
77116
98874
70112
88885
93524
61114
88549
46578
30024
95100
25295
88659
12379
6226
66345
10834
31200
7741
91805
70005
57948
56149
44176
35849
23153
45404
51943
83243
22285
38599
68883
13825
50255
86029
60251
60180
98705
26256
63148
74164
68528
71836
82446
60688
32223
83803
32819
97975
4152
33422
68507
39032
64223
93384
84432
56740
85138
94998
66802
62920
18065
51630
11325
93983
19873
33840
1839
32355
71540
699
27917
53132
64805
81993
31719
64610
14826
13843
25890
69429
66351
61391
74470
62184
93380
52917
10128
46033
79173
90125
51110
92129
30714
54722
81083
23286
73649
67085
73631
67608
62066
93548
2561
80470
78358
13506
27793
91014
15003
28730
51983
33806
61533
80811
37016
58485
87304
62811
58094
92907
48305
62478
36065
11148
97794
45281
25234
52314
22797
27669
6807
95549
50382
39204
86204
5913
99810
23931
53476
14280
1448
68927
87847
51187
55352
29160
39874
92135
64683
21624
38228
81323
41688
60883
80897
11707
6762
40063
31791
49912
15484
26430
26371
61942
85109
35990
39939
79803
24496
86851
22465
45944
18213
11251
86194
3410
21690
54402
8397
46889
49915
17297
92069
67430
55312
20549
64806
69590
7653
21016
40535
95210
35013
50662
46442
80020
17614
88629
98320
44410
49737
5349
53144
66351
61943
17388
60288
26140
83237
65907
94969
46929
39824
90593
85736
82185
21216
99947
75754
18449
83169
50863
20098
77231
74913
85657
35675
33714
32148
16953
23751
41680
15512
212
61284
59184
55716
87529
56926
33988
61497
38126
20372
51560
22726
49683
21096
38430
38782
85286
29236
92618
58021
24169
41264
16740
22653
26380
67981
67308
79280
51017
78450
55406
59109
5599
6567
60861
62283
88502
20240
95923
51753
54825
77808
9938
42148
66833
40629
21453
34643
27064
15937
98938
33938
92660
4925
14987
59337
9714
53811
68623
9578
92623
93479
5281
26598
61724
87534
9762
86644
64777
66080
87376
21505
36205
53634
43412
35081
48669
56865
82551
98989
20411
21698
40031
10907
90937
75888
37273
8949
83332
9451
77597
60917
61610
44151
90919
76270
43673
11379
53859
75137
6636
55258
85415
8936
90554
58669
7638
11583
28331
87732
42913
24101
96378
52181
55644
46785
10256
87068
13991
16724
86176
26717
66723
34101
69211
48545
58307
26079
96086
76409
67017
68085
15903
99237
72421
87204
47605
5297
37904
4406
35608
55661
55051
97857
26303
38873
48910
55691
90123
16696
89049
45209
79263
48665
22458
62221
13399
31330
56871
75069
92857
97633
98194
65797
70855
1592
74894
8006
82054
21284
77997
1856
73866
57145
77970
43551
47679
91545
72086
46576
66333
33105
97163
20935
60805
99485
33069
68442
38611
61054
67118
67045
10749
64866
21508
15535
26083
27333
75550
40433
49043
41987
81884
93346
56881
93575
79013
50500
25538
877
58180
6034
34055
45252
20001
97778
94050
90002
50937
94114
58963
11310
29857
43207
51788
29087
6461
7044
58772
28456
2905
67208
15647
98068
22809
38713
64977
45185
77536
29265
52488
68435
87016
4334
28
80677
57240
83909
10960
75076
19312
88963
6862
46702
77521
65731
31300
65912
29744
54290
65539
44341
95226
79379
54947
16506
6692
60128
92816
91407
45583
39817
81749
42595
80443
22525
51018
51844
47988
18342
628
36451
10784
35510
71111
72513
598
36475
70948
37580
8033
88903
39008
5475
86374
42779
69759
74125
16614
95837
44063
22361
44277
7583
52558
46939
92275
75552
19777
82726
62189
44820
17005
27890
63648
4595
64213
4154
37551
31907
22090
34369
99943
83666
320
58889
52301
58069
66710
22551
61380
97176
77675
75929
17673
45734
36078
1328
91398
75966
63617
15937
74426
74456
74261
63380
13380
90259
71975
51556
78487
32672
43139
56602
1860
22813
70748
63473
66776
46499
57472
52246
50952
73784
22254
60569
73115
52236
53798
98832
16337
55427
93614
81742
8739
92938
34220
91393
14891
84272
52348
36925
7143
54747
72780
14232
43859
73464
56036
95837
28019
42899
43449
67962
37946
10859
73863
95229
66343
88297
11905
52117
13161
1221
33152
73543
62494
31840
75493
97489
61322
47337
10364
16504
47476
90249
22021
10230
69015
52472
31213
98990
5747
13210
4901
61911
25310
41633
59636
34037
46666
43737
47261
95905
33385
58563
28570
1477
83027
29840
35822
44868
95750
75107
61363
42387
30269
95666
96318
35628
11044
72686
76196
5074
97026
10853
63414
20833
69244
48808
3544
43244
88147
56117
79959
76414
15788
35755
15529
66600
2318
81177
95136
63397
76664
28794
61831
17445
27158
69114
99008
77306
23279
68006
58220
51796
68724
56152
88185
25805
37684
69809
83248
81002
14951
86614
65910
53252
99994
77945
75510
16851
54643
12270
60781
99384
36220
95147
3859
49984
41764
59887
97333
75662
78442
51021
1503
5533
35637
77592
50744
84895
26524
37230
57936
19514
43155
3029
41731
19154
68090
33955
47302
3131
82606
419
97210
90377
71987
69819
45543
82998
49174
28437
82872
89300
97396
24821
86228
22046
45409
99752
2245
32124
5421
66969
19214
72630
18833
77
65182
88174
77212
87070
31145
95678
71039
29436
80963
9705
76477
34929
11055
9550
59166
50922
1236
77887
55304
15427
41072
83057
97718
92295
29043
72530
57980
86350
65231
68953
15928
61456
55538
49281
23976
40680
24553
70584
34127
42806
54232
12220
13823
4859
8804
54659
63022
98270
72813
52675
63155
34821
11278
39134
86350
11909
11630
78671
24387
65337
95924
18371
78595
30262
49657
60413
4265
87148
69535
41304
16921
36635
38098
38689
43059
21706
37416
34098
89047
4397
68601
26320
86895
41761
33265
74349
76580
13745
48171
24466
71992
20499
1618
74948
53826
6358
27081
9916
36672
24559
4115
88728
67100
69765
54443
69951
74408
76221
70206
49303
33317
95569
36998
60130
38197
48437
62802
60358
52614
74478
38759
55751
91361
78265
83728
72862
1999
40486
4082
67434
60036
7977
27525
592
85661
85677
90042
78171
7623
32185
99081
51843
51840
94981
72523
96966
5676
96622
47320
69241
15870
14768
23696
7691
26954
68047
66181
65611
26897
18778
85090
11115
30499
88979
39768
19614
25154
53430
77576
41765
71424
41394
41778
16465
77032
8594
80160
28892
21716
87079
86095
3305
44290
9825
24621
79012
93634
44193
55446
94022
67800
35661
89729
97854
40954
60384
71498
75265
94287
55407
96725
79528
96813
83759
31515
76226
67969
34730
20001
71343
50233
84514
46419
16679
91082
34078
10742
8843
26840
10658
71087
12272
56583
77642
64581
3963
31165
55895
51273
86835
78994
21966
16439
93704
82146
89199
77005
45823
13129
70001
44964
23400
83910
32020
57660
94576
39515
26528
10934
71270
27860
8779
51722
52880
31354
81713
99370
59005
93591
68363
96886
65247
77367
52061
23708
36194
73369
7605
39823
57020
27099
36313
34601
67435
34616
81415
43379
51832
82288
4290
56383
61978
76879
31532
56926
45768
12637
66062
44287
15458
37100
96626
29934
40952
6874
23200
45782
97788
89253
55831
98078
24395
63215
58508
54942
19210
61647
87598
61845
29392
97340
8666
75561
3187
56868
5512
87578
41743
41066
95489
42256
97079
98567
42689
86686
60643
95120
399
54151
73462
70156
9797
7126
70232
37421
87709
42549
69129
64132
67913
44204
3129
36570
55529
63280
50567
20376
86168
81090
25441
47178
16414
58303
8845
18678
20314
75818
79575
43421
20514
67752
62945
71068
39256
58213
97702
92050
944
36959
11446
17545
55726
86442
26217
79487
77655
12125
30641
57939
3447
69674
20852
31215
25212
50667
7657
5698
28125
31521
90174
86061
73318
29721
4190
70146
68552
77898
47749
30620
18280
8218
47069
71068
99582
51327
86831
55796
49858
57188
23907
24548
34985
56793
86220
73501
66227
85326
46746
35076
47244
30469
81592
7789
65016
14113
99571
23836
87744
92344
25240
57098
25604
62662
75997
63631
52822
96440
13705
73956
35550
3083
60878
91419
64515
32290
97347
77616
91395
25055
39932
24320
81868
94209
94733
81530
92404
60996
10493
34365
66680
92438
77786
74590
84507
19709
12139
39180
25287
99450
69913
31040
34813
34743
12262
25336
6990
97727
51789
20176
43067
82910
4408
85208
23858
83069
33750
46205
77068
49128
91663
88846
88316
14960
47991
94902
40224
2970
15225
2895
68519
39475
52579
37132
2857
52230
85057
52235
50688
84081
20198
78281
16872
99512
82859
75038
73116
94440
83646
28694
11318
6505
56011
54751
77357
64469
683
81510
98253
22347
49792
92960
19769
64370
23411
56453
4498
72777
22719
65848
29311
23468
33583
78183
68383
60786
61738
13520
11236
34251
9796
13778
33270
64947
57791
42462
61512
54954
13806
51918
79052
20835
52359
45931
56836
75052
7604
16371
88032
16039
93629
63227
59175
9638
49956
13188
92088
72384
41018
20661
49593
92402
3003
925
16210
58935
43124
7901
91683
10824
34603
29791
67305
64437
19895
5303
96901
33988
72036
47818
95003
71
17137
99696
80815
71257
1099
63450
41132
87323
39849
9859
54843
96801
11881
29073
74303
3765
48993
80295
23071
21065
18420
66637
47208
95630
38790
71449
29972
11255
72210
51375
35422
48694
28946
7727
60671
31256
1020
87722
35706
61645
86708
32999
51282
30836
6874
11215
2829
28873
71311
2477
68613
35139
18552
38860
82224
29067
44314
91574
41487
91054
42772
94777
9316
50952
65895
77631
39058
25395
84293
76123
70374
49294
1009
76097
34998
91677
99914
19006
146
37405
89387
8339
18881
34578
75105
87544
38911
28312
35650
69647
475
69306
17092
1553
56686
84053
42468
75655
10183
54336
28504
64842
61833
61139
31809
50879
69295
87009
57011
1101
22247
2181
80251
82297
22151
80857
52189
98231
1036
92038
62242
837
2987
69809
68479
40000
61571
4761
13310
11828
8785
6204
95908
1933
90795
37834
70049
17894
4587
90723
95790
35710
48154
79861
69503
89312
16355
10950
87461
14846
65929
99508
84716
23951
36335
59370
58073
24305
22528
19844
93903
79716
50384
81549
8322
93634
42777
66359
75386
15426
84638
28870
58994
38428
20210
72997
7628
67390
7189
30644
84405
73297
45671
82806
9714
33517
58799
97316
33936
1167
87250
63062
69599
63023
71973
25885
61576
99341
56103
14434
29717
38972
52074
32650
50087
20829
18500
75607
7414
98630
74348
91477
59677
44284
51945
53364
1453
8423
56847
50615
45036
36110
44842
24077
26293
45311
58139
99216
46877
86253
92924
74448
63182
45475
22290
64018
29111
41089
76464
43712
26198
80627
4430
64984
75894
98236
82888
44043
56592
31133
37435
76247
35428
49266
40864
88227
5214
38895
10413
34448
89162
41773
81096
44948
69623
24047
56230
7978
35085
24291
59408
71465
11145
30394
69046
60393
54062
42832
89727
9827
22363
67991
18796
21871
13811
45674
30700
1915
73591
12482
43701
26021
1063
37158
41761
54160
11510
34126
65038
96344
32799
78516
1222
36993
15231
88701
91818
80494
30990
783
91303
92447
33154
95498
64857
92216
94951
82984
13242
8889
79235
51487
67084
62778
39560
9434
17210
82137
86827
78899
81927
7049
74160
37754
37089
98031
18469
12802
70137
44578
86134
67160
663
94031
36987
50052
88765
59531
74488
46125
37593
10987
32348
70393
15280
14356
51979
64512
29229
78845
34976
26962
28251
48758
55768
1177
42143
44386
30636
87548
32226
40232
99554
92075
81112
38339
99223
19041
22886
39724
11816
3
6757
44391
13086
90335
9778
65635
72521
27224
95678
94916
81625
95993
39886
33218
13555
63488
94933
65932
943
81129
26350
50820
25248
84766
87820
40100
51151
65991
43515
18387
60985
77372
20604
36649
42808
76202
74458
64027
67747
35228
37693
37371
73268
59528
24420
51701
97230
1164
59117
70117
3659
40096
33165
56487
45391
38755
36679
2169
74456
50524
33237
62376
74620
12602
48740
27362
7723
64376
84806
27326
29587
70924
24537
91794
83407
25365
5295
71266
64065
17057
38558
58124
81113
70712
68228
16636
11761
91900
89426
68884
59422
70132
76648
80789
70878
1042
45802
60181
77040
32631
92850
22282
31400
83649
29079
87245
96911
97325
98980
60980
18010
2816
36686
41976
69061
1223
84279
95564
4555
31469
77972
34790
10887
91681
49812
6510
74744
51705
33312
46175
84787
23759
4322
59057
82110
61382
59344
80040
59460
6327
53388
29334
2598
81237
38979
1807
81630
12686
79467
28672
27
61033
93804
37589
23963
45546
48673
64150
33856
11603
82131
7689
46040
81061
57628
73485
52687
7611
16726
32603
89753
48534
60065
91292
18434
7146
77345
99481
70279
69334
49658
33942
4634
12251
79560
37322
44222
69881
96364
88104
45385
23419
70221
87887
28534
87890
49175
48162
98631
54819
47984
84888
67836
36464
20734
65083
3130
16004
8085
84526
25358
55973
2937
88882
90292
23233
33882
63514
29976
62190
28156
25376
72128
40561
45560
44103
11159
18949
92814
39587
1075
86945
17341
47148
64836
52540
52969
40988
39566
86599
39228
51133
17426
95439
44572
54514
62795
14021
35902
43894
1428
17281
79423
38697
83779
24286
28932
53408
64779
81523
68625
34000
60118
178
84528
48608
99733
9763
59664
41495
39522
98504
40868
29401
86902
33544
20526
13995
68215
63979
30217
63666
69163
75797
93769
66860
34652
82281
60539
15181
94892
2216
61887
65935
63466
37748
82468
18836
723
32962
42756
19279
17435
68865
69930
60225
42809
78895
89530
55042
28519
32940
14560
95383
73415
4972
83281
61672
68363
70964
12622
30874
96691
89446
81901
4439
19084
56269
31910
28475
61448
38082
46930
18270
88703
19983
89018
93338
56536
41991
90328
39945
20392
28376
41103
60210
31118
97181
4322
26592
35496
36455
96373
74443
98893
10032
5431
14118
28279
62796
45151
85440
48123
66518
29175
25205
69756
35188
9027
10024
9335
43244
65871
57727
30110
56815
85948
54861
36560
12542
31111
51550
89054
89332
71876
6186
63006
46296
40477
77485
78102
65415
59724
10003
20965
6132
79429
18843
5531
10983
75988
22913
63909
73992
94129
88659
98395
70445
89817
22922
12744
24450
4028
53852
94193
9686
95971
69984
12745
59055
73233
18394
98539
21027
8856
86388
53394
89312
30027
99757
1933
74760
56516
52582
88983
38301
4447
22372
40669
35115
83142
15080
9697
27748
9297
80789
61162
4825
92984
77234
2586
52539
24556
29410
42818
37257
7420
14921
16902
39141
49249
15839
64587
10958
41558
61063
94391
6206
51805
9627
76778
68223
61785
40497
55401
75446
1453
94638
2191
52230
60952
1309
35627
93909
67618
8912
5180
22986
11207
54003
22554
40634
88182
88035
897
50048
39728
88190
64207
86440
98138
35350
60227
8858
49608
26827
48854
80001
94714
94839
31371
6639
74967
21767
90599
95116
38911
91196
79332
6294
17395
1133
775
28571
14276
59123
65204
53012
65599
61489
1555
88375
5403
99794
19295
98808
21113
61495
59682
41234
68944
50340
8463
66556
86742
94220
1768
29724
28624
54849
67680
75235
82214
34318
2888
12973
96247
57167
25757
73912
23088
17322
43219
937
39935
20621
63276
27519
77368
99326
43152
84228
671
53608
65070
41527
49457
93637
57567
59985
87104
57082
70259
37297
76361
47886
80755
41611
96041
38571
56336
97941
8819
44916
2067
96697
76677
72511
85658
42508
18062
76156
5233
48004
10709
10796
90700
67220
53665
87381
80913
46664
74021
59317
38913
22336
66705
10582
55032
25896
45133
42100
89509
93221
85460
50945
72836
7398
93186
52140
69806
17031
57072
15051
94954
64373
20811
93853
84833
87283
52266
34266
67928
76305
7978
27235
8786
54435
94007
29487
13597
70887
51788
57869
1124
52053
7780
50770
68991
68089
93089
36615
23382
99213
78220
77237
73999
85592
91218
26422
94375
49806
78317
56592
32329
10390
56709
17914
52535
82050
78083
9886
82191
99237
1965
66949
542
1846
12925
39777
12145
90954
24385
58290
87262
53450
31095
83126
28707
52588
72546
66987
59085
28511
51788
30357
33010
2481
11826
77125
15170
39345
66684
70186
75100
19746
19727
18166
95463
47113
14942
42419
30732
19788
77030
29186
39115
25595
38069
23614
61371
70939
3871
28308
9975
65123
13029
69732
50701
82186
26462
28120
927
17034
97455
62429
53680
24598
45828
19661
95804
29002
77602
39707
4033
57770
22923
9823
48157
3803
74312
26291
27264
12242
770
80143
64192
3578
32432
57582
6159
30195
81205
86822
32213
74358
69205
96513
5282
24308
53819
67035
12940
67600
72420
68897
75586
49143
64678
89325
54364
7602
60918
67900
19044
62374
69187
92726
58088
18490
58524
8634
61143
78696
14858
66466
54935
39780
19851
25195
45091
36116
6514
85909
9213
42673
12157
8699
39368
17319
70937
28111
60759
26210
81888
87676
84590
34966
9554
51336
13289
26574
1907
63569
34665
13564
44064
52996
41311
86944
54078
11027
1997
22629
41258
15326
50866
76713
46715
21657
56380
51093
31061
93282
58321
85036
46167
92378
22979
48770
87241
51631
44011
3247
27749
77846
82619
59780
48809
60986
49572
87853
87205
15826
49547
52621
15858
56171
15380
4066
79088
92922
61565
86612
46704
22008
1881
93299
14689
29327
51708
37545
85874
66088
72983
46203
19297
24719
68865
6419
69922
90895
51440
66188
42220
79150
54652
18842
20742
62740
49472
54693
51857
10418
67136
15493
28465
33613
43293
3576
14656
90483
82149
20746
8780
25728
37528
82118
43418
54327
82017
48670
29930
96744
77407
81097
35924
17141
5188
13974
21237
70261
89076
84609
58735
71870
81243
83480
4896
52279
6890
88386
35787
49154
80662
96481
35327
5285
25616
5130
39671
59457
89402
79583
78923
1464
76908
17384
32473
89341
45600
73865
22372
91682
58473
68167
99787
51470
47479
46819
54848
49357
78664
42554
19274
90788
64144
46767
25401
86027
64917
65828
10900
67941
87731
17690
79526
44242
21685
63323
13476
71818
21450
76475
27830
26675
14825
59538
65152
39203
19052
38752
62030
60370
35854
17357
49630
15030
40556
68188
19427
40588
97262
44970
23113
18748
31500
41012
71891
92035
81031
89164
19167
51007
23552
30889
15239
29852
47149
1189
15460
90303
41403
90195
83931
5124
41161
33494
67113
89917
22863
6722
3340
70613
47870
99568
13080
27316
72393
70363
55796
10440
39666
28273
92670
3977
76143
99855
31121
53787
36447
41417
69457
23143
56190
1443
96753
50438
29926
82268
61577
5518
64887
51740
92332
33523
83460
50630
85552
6957
80312
88170
97164
22941
73241
76455
38281
31089
44232
19908
4207
32731
12797
50545
38969
14951
5356
24704
47642
10316
8844
81380
50725
12453
89126
20816
3985
40228
71765
76900
15520
87870
71243
10424
50015
77983
13802
82971
94774
67001
97773
37352
27814
55193
36342
25435
53906
31977
18925
38110
72320
52784
54403
48091
23894
11393
24228
94510
83928
51202
90656
50735
68636
60490
48188
43082
54666
96740
88331
73751
47139
32477
68199
93319
88071
26698
5453
9347
10628
335
87953
17112
39955
86594
3298
76934
88318
29905
51062
58247
79337
45212
8672
89330
88799
93475
28092
55895
89283
56608
14036
13428
25967
1406
22721
76098
96366
8582
246
46045
20924
90044
3857
35749
52266
35505
62817
91731
21293
40089
23205
5620
90520
18636
47021
22479
68674
15678
8512
50424
60040
14727
24586
9315
85484
21671
78492
21046
40089
53159
42749
3965
5548
15687
49523
78069
43862
45986
65386
2541
91054
73075
19419
90331
91
77626
50029
48689
16370
19588
98361
66609
8468
55673
3907
2324
67875
91167
1200
39814
66525
82455
37853
10738
24225
23125
76604
65638
27634
37738
14216
61970
71833
45451
84077
7631
34674
93585
36674
29643
77371
90813
65307
9693
11564
57468
80039
62142
34896
9870
79620
12757
49429
55081
41434
81450
89386
84201
38422
5237
3708
53815
91375
827
33898
70498
45
65206
64008
74680
79837
25822
11915
35141
80756
36429
63013
76014
94247
86750
1797
67547
66611
35299
97637
78670
18967
93906
15427
61278
77459
66508
42143
31119
75517
39160
87886
74207
67205
39008
81154
96686
24565
3648
23467
96612
52873
75199
67293
60308
54598
24805
84835
97830
70338
99010
35693
61941
13064
95645
46852
36170
87528
25938
22030
35406
13247
78697
75493
9108
20410
54168
21037
13879
3997
88773
37672
9466
54850
64462
57467
95285
14819
40964
73277
42889
10978
84751
70060
1505
35430
46378
77597
4972
11002
91194
60503
28234
37936
49687
38501
78910
351
54328
25783
21111
61362
72089
70941
4960
83243
32711
23685
47404
21226
27057
69462
2436
16040
61941
11981
18789
94648
94190
42535
1412
72427
88080
3722
66915
97602
64038
90269
77259
57530
13882
58768
71451
49596
47267
54380
83327
53730
92771
63271
88387
88591
9079
14569
41310
72928
44749
20700
44704
70438
5050
29674
27000
91515
12997
87546
44195
78085
95400
15148
96734
35373
38573
41177
16802
66813
93668
58214
67837
34939
13564
81824
78906
61324
12230
34080
53993
76218
67090
77740
87231
11228
36885
35531
55366
89631
19935
82399
45566
40893
57812
69919
69490
42049
34264
95295
63645
35038
5298
98086
11123
21515
90549
47375
98442
8238
26394
38346
50513
5283
31220
24293
87458
57630
29249
53919
66830
72331
19564
28728
52909
77177
22187
72744
40777
27833
3967
45982
53531
58252
17600
87305
9914
48135
36343
1032
4977
55282
59020
2660
542
40599
1974
42108
40198
30737
98066
4531
7831
382
55942
12346
81986
95429
65062
86007
29304
94063
34101
64737
60256
94001
33938
55128
99544
7273
72327
74534
89761
36633
83170
49696
4652
84157
92739
80401
8110
96171
33840
15888
47736
88553
17105
29381
46268
14745
57163
99923
83561
89872
93568
49465
83496
15050
24915
55243
29994
9226
51155
1941
84953
95487
17158
67595
12289
39614
75136
70833
69795
57242
67286
19344
14948
97472
27330
4779
27228
86282
92407
52599
46396
11255
80705
45592
77682
1653
59490
17459
30861
80777
1612
3464
70404
68561
3709
74254
9887
10848
46094
60313
18911
96858
60026
26321
82087
10619
42427
20972
44364
24032
59666
82967
46108
23050
14695
59180
29387
85456
41999
25057
66549
18291
4042
92609
69532
11568
61902
74304
27410
43918
19628
52241
32064
44710
22487
92584
19102
78805
24223
71006
85842
91053
41132
64410
94627
21532
76625
95817
59240
92788
45484
68148
13194
68702
72737
78015
75576
51576
39219
79951
9355
85260
4908
50465
98634
82345
68560
58140
65209
89520
89165
84619
33566
98771
7672
18369
4806
59463
87941
24263
52016
24060
4215
98556
28952
91263
44052
65008
54551
25262
5240
41023
44192
29490
41457
66366
31069
32862
70909
86576
21088
74632
31090
41631
40333
73806
61481
885
94772
85801
65071
84136
63530
31406
71750
7913
35091
9577
9742
22788
28153
96737
2316
64107
80407
31861
86684
44246
56665
3481
79056
62684
2111
59799
18693
39316
95770
26076
82354
95951
56400
80683
40007
84230
17370
56540
35650
87085
87986
26147
89247
52875
68618
89327
17685
22470
98059
81251
26
18470
16907
49416
57715
62382
86648
77424
9692
52407
2101
79449
28960
72870
56004
15343
4236
87750
43915
79959
81976
58160
77183
98493
28509
20751
32268
95632
65650
63512
57199
79322
42144
6184
74270
17925
79145
63591
53561
46096
75104
78778
23738
94417
93604
2667
70279
97412
79047
81516
65452
39931
71765
62307
16570
61377
87026
77370
67688
39533
65366
32428
58814
23052
70583
77422
81921
63949
99488
80400
53330
56402
11213
26883
45280
54950
67631
14725
41365
1706
28316
96805
40403
7712
87943
95372
94440
15821
92573
37014
97912
78022
72178
59929
9104
49841
36488
19252
5471
38928
3345
34974
34810
99049
18725
3287
70139
26863
70387
75461
55205
65188
30024
42350
47025
66890
10133
23447
67105
69493
56325
37245
7460
85175
64469
97238
64594
46508
91480
66681
13501
69008
24394
84258
38673
61424
95336
86047
74978
93551
55764
27737
56135
85245
24517
97785
91715
25188
17909
32398
51595
97960
68870
92745
76
77040
95364
84700
84575
20757
55589
89517
37808
62670
37240
30320
89824
78778
62937
31355
71589
11453
82931
39505
94503
5551
74261
53004
98177
35475
22881
15417
94817
80537
91752
57001
79209
24897
78831
30360
93357
15502
65657
42551
92271
2156
5679
38071
85246
91069
84432
56045
1770
9323
26140
99595
36774
96549
34344
81335
57572
56758
28747
6753
60851
23473
88389
38168
70829
1573
61194
51222
92779
44214
68820
71999
45036
14039
60707
96543
72396
23304
22528
7290
31906
67732
96109
42351
68681
89572
70350
3346
90631
24473
81889
59661
28056
51457
13617
41840
66900
39386
388
97575
82717
53622
76266
9389
3874
99845
90955
6417
60650
43250
85480
96094
24831
66493
86519
89456
11735
6421
22756
39482
83454
59185
73283
1389
53911
66866
42520
13104
86284
82098
68617
16362
35233
92745
43381
21244
4928
61806
50390
23452
80864
56672
18686
39330
16593
19153
36642
60874
75772
70806
38301
58850
64717
54021
47269
1678
44857
73815
97390
30761
56486
64772
73074
24375
59111
62098
89705
56615
58753
16801
69319
34773
27940
69377
20409
20652
82423
40979
65780
75906
61711
99815
88169
92572
43777
18246
55609
79678
19309
61844
26452
38111
80907
88804
43745
82373
55197
19385
61695
38649
75073
48798
30047
59013
77779
99255
29505
77861
15335
76507
97408
71985
19365
79722
67516
77616
45246
66871
29190
74866
74744
58852
38234
45935
54425
97623
28541
77642
61896
29048
64889
67628
88168
73734
73973
34643
92161
86487
99782
81090
57296
1642
19898
83415
65873
17249
74670
61034
55516
45158
91612
98251
38406
26240
96612
46785
7428
27993
82331
68082
16476
5040
16044
44379
19916
94967
40982
6672
38465
26169
2518
85728
56599
99528
28157
99664
96562
36534
92570
217
40030
4604
25463
35077
10847
32670
86269
68645
63301
35181
37616
95712
98897
65895
61894
49536
37150
60615
16404
66351
10731
42348
87952
13737
75527
69653
24791
38612
82159
10034
20101
28506
59064
44447
95892
2699
7306
46871
19835
49054
45107
95045
75678
12270
18324
46433
95763
75806
51320
5246
31052
50622
20553
28297
80067
54892
71645
60141
92577
22161
19330
53146
33314
57397
64901
24821
91557
50790
46391
72422
31953
8801
63733
50828
95901
84468
21814
59509
39147
76488
75049
65360
27261
14069
29685
49854
51303
28954
6095
29322
20824
53353
56865
97054
10682
93110
98364
76300
43015
90285
19306
44474
54825
87222
25953
97077
82711
1190
21148
26258
99256
25704
90051
30059
32239
11204
29338
59272
14732
12489
25939
75756
68690
25127
37627
61455
49534
15419
13094
84039
17112
11736
93930
78529
65534
85414
27655
76894
63146
9473
95227
7158
32404
64791
25402
29908
7103
93644
7360
34804
859
65498
49086
67947
77302
54080
54256
84202
971
25244
62457
7059
63784
49018
57826
82963
27205
89565
7039
44495
67725
39171
84628
5513
48548
26093
57441
93633
4287
236
15007
15510
88908
4972
88982
13409
71170
10987
73091
32307
47813
34096
82444
93231
95732
69044
84604
93950
94753
24397
84482
89328
81343
70469
18951
11990
58020
1766
32294
67213
34313
39436
5788
39542
34596
39670
33986
25162
39401
25116
81228
82601
50668
99265
95435
77877
4949
44733
20923
60075
13234
48147
14291
53331
98362
30864
18471
66158
382
88362
89626
89899
48270
68300
13809
31655
19791
15987
61575
34238
95933
82386
11537
65793
27695
75746
13053
64488
97985
35435
61223
99093
66524
65246
50866
82367
6708
34784
45034
36281
173
10492
33551
818
66724
713
87839
69540
42156
82259
57000
60341
43987
16881
77113
25137
11944
52203
47173
98839
61915
29108
66500
68939
3846
34993
22007
94192
24223
69282
69353
86215
68305
78786
10349
24622
14052
68210
33495
82816
72360
8336
1459
81682
42960
90005
29470
74268
80112
33252
30425
20160
2876
21525
54992
3799
52608
29990
55979
45061
12100
77410
68068
51135
26166
46542
22363
24772
82927
61823
84360
7348
8478
3493
26347
30368
63227
73371
73621
2931
12412
29498
8199
55835
53797
55108
84645
9182
24745
33311
45184
73413
96263
37088
44410
97346
5119
14567
46376
52798
11281
26438
21726
59363
81933
16850
75315
68750
53067
13818
32385
83191
50366
73652
31434
13183
92946
904
60861
7616
63275
49357
55329
13430
54947
61310
26911
41796
78581
56443
40828
97010
65501
77799
74303
3790
39773
91215
52999
81665
43515
73985
84843
4865
52889
886
73586
93968
84200
64556
30344
24065
84848
70628
81977
34286
59385
94218
462
78215
29608
81854
40573
63938
57938
51954
58714
21157
92891
79582
15259
24012
62898
90830
1217
64864
88993
40457
52565
13483
66941
75885
62849
60991
83693
77183
328
66061
64750
5271
28983
79471
46552
34874
20217
88044
51284
39610
14355
19459
49959
13153
11931
98669
24417
24385
34612
98610
673
27260
15958
59054
18391
27471
51508
65900
52656
95278
37538
78490
26403
13440
44706
8668
89145
57672
44762
16387
67217
87799
2488
91809
10663
36906
8130
67304
30204
1476
91236
14745
55693
3559
39150
51806
63861
21394
65795
39367
47334
9730
98207
39111
76967
53245
11967
11543
57276
72327
30615
74722
48521
25363
9433
47969
22303
78040
64211
64997
63225
65514
23021
69089
21836
65682
20415
96887
56058
65494
5076
84433
72966
92666
32156
83343
79450
66652
86108
73490
27457
82520
37526
71992
34180
94991
30632
32037
62911
9565
63013
37254
1099
5080
65597
91730
8145
71193
23592
13803
35888
14645
13119
71927
51888
99357
36260
93280
80131
90523
74052
14362
11931
5080
37964
79200
21820
88931
87234
18975
61747
93945
84085
45101
92520
62805
5186
11956
36788
19454
4207
30747
30622
923
22728
65099
37624
53513
58364
68608
51437
7706
7756
18521
33765
64650
27616
98107
56867
72837
24499
83362
7375
46523
17062
3628
91946
12792
26930
51499
89977
25682
34365
35339
99104
46656
76871
9081
40712
46754
69754
93309
44842
87193
19734
13087
57469
58069
85689
88014
57276
86288
69074
42835
96025
64937
56350
44727
62268
64328
49313
79479
63013
87928
69845
3628
35583
22132
65918
15782
80212
19645
55737
64816
30411
20225
54722
72394
28160
85575
39343
1489
52904
68069
13307
81238
55598
99992
2098
27265
70862
31726
31780
28720
35056
909
88825
35849
52436
66588
62673
39680
79206
39474
88089
57217
98827
24574
97259
99705
71204
23277
83338
48397
58381
34854
18489
55082
16112
66721
33470
7626
88816
24539
37039
95997
86684
60459
83014
42304
31991
44092
69733
47894
87456
50779
59405
95828
45593
95928
28300
20532
95683
65889
10090
55063
89966
16948
53375
72769
50184
98752
48360
57828
16884
76981
23996
48099
36185
76797
36092
77751
21869
45099
12164
553
14597
16632
42853
13174
88359
89784
57473
61804
15158
73012
56670
76020
2170
33411
82112
65587
36598
61406
30127
29772
38519
23532
60775
28499
39090
11478
40109
80684
87981
88497
98869
36299
74418
30944
55130
93884
96815
43568
96500
92109
28332
51024
48174
30421
67814
80681
41547
23960
49999
56330
67010
75758
93616
69815
10098
45904
90317
67673
47858
67959
78207
87843
19301
94184
6545
79066
19842
52532
91820
32887
89586
78945
79756
92626
23207
66426
61189
88504
10869
52241
48624
65960
66046
5090
30330
86946
40300
73853
1174
23221
79071
7925
75440
86976
64763
28064
15614
58679
85148
7640
30712
82670
95036
8014
69623
87401
58115
94982
5458
1467
85683
36447
18932
12842
66414
95228
41232
86421
36129
76300
75295
37851
44061
45180
13171
77775
70440
14982
94671
24208
22169
76418
39632
81243
15200
44528
23790
73385
97760
85434
3468
4685
50592
19506
70526
41374
48165
67096
80294
72654
35942
74111
68891
82127
30773
32802
42920
5085
61057
12557
86594
32759
19141
63986
11232
41554
65638
82635
42597
26120
527
27171
97613
41361
38636
83839
75894
1166
23479
18523
28261
95471
96754
39931
65311
89979
48887
10616
30934
39548
41943
63398
40165
45145
63696
55918
46437
37288
16353
29477
31943
56044
37290
84601
12295
90166
51088
88041
47558
37028
82733
43824
34991
73245
90969
79270
40814
56105
57471
90083
95922
59935
62454
83024
72860
75439
27282
72165
89061
20140
20993
39469
19707
18095
34899
87718
62790
65909
75751
41632
96315
66357
64695
81155
82909
21959
6972
67336
44131
96281
79874
34905
75766
57655
85536
55145
35613
27618
2935
31994
62773
81952
1986
76801
67403
77553
70321
59717
90429
38130
74159
39920
14764
10790
4995
56853
8072
49528
38171
57157
2009
73836
23150
52394
2368
838
38033
9568
78678
56858
119
82085
84475
72239
15067
64572
36242
8004
54496
57689
79737
38663
71321
4256
94140
75463
36286
92102
50361
92480
40046
22701
21939
87247
86554
76827
76950
88460
20191
75659
46133
13727
29666
2095
75474
83955
9648
69692
68400
58637
23421
42259
15378
50310
92028
78118
59490
87132
8117
59301
67335
80549
67000
90375
56176
35617
29528
19339
75823
58378
17340
55280
67071
10435
50106
7547
46947
68047
74543
83096
40448
81931
30298
56806
2637
27575
90426
16816
11242
43941
14123
79305
9732
16405
39982
62478
35725
69043
35325
99077
12104
47166
54542
26242
69508
94609
89993
84884
16694
93455
43256
84327
46016
23975
83318
35306
44635
52853
70122
27845
94798
8899
78609
21670
82646
84644
26739
86143
70594
92022
89869
63393
5127
20646
34267
97302
31354
87148
44386
27273
63821
73905
11720
3688
51833
32744
1836
75180
24558
99665
37034
58075
40945
69163
18272
47272
69050
26127
75600
73971
84921
21653
65521
1752
22623
8889
9259
34457
61247
29815
52620
36551
92816
28450
8164
51248
46206
17029
78004
55288
39791
77139
7988
14121
98434
86755
4257
9895
35891
50348
53223
31820
37581
54073
43542
44139
22030
2164
5113
64986
35703
97192
59043
64747
64002
27977
99795
24591
75507
1339
86606
2886
28262
23151
96386
59462
84817
7817
35137
6181
35463
90058
50588
49484
61502
16096
30501
83652
76774
64820
91241
25549
30291
46231
55758
65910
66879
49766
16609
25723
56448
5557
89729
24477
88581
99374
96607
38651
40770
12520
8093
41006
71414
51491
55891
11579
52186
42135
84401
37754
90903
67996
56624
33376
50983
66103
69732
39699
92802
22445
72900
19899
90792
47217
6862
34385
90603
70977
89646
79450
20642
88786
47267
63761
59433
84248
60873
79045
8040
32282
44743
78274
11038
73867
39620
45942
56928
83447
30696
77869
7050
76290
35310
80944
81258
37321
48623
93786
66050
26966
52894
622
92423
56503
92047
17050
94802
5790
16315
51477
61179
64955
90645
37934
89516
10938
57404
22604
42822
87329
27048
722
13496
2383
56635
53415
24898
27907
28716
1332
34185
6341
72356
80293
33277
86867
60130
50974
46961
40410
39735
53775
63877
49076
26951
24154
58704
90
14889
50942
86437
13102
92303
22985
61916
8390
83334
33206
72186
48349
82165
99452
52201
26374
7392
68637
42093
97418
89517
73845
46755
8283
16200
6334
54695
58265
25027
26814
43272
67678
5532
86656
96738
11329
12686
15400
16369
98505
38373
58037
12818
74532
99458
45233
11858
80820
5473
88660
75850
4244
32206
1579
49175
60301
13134
64281
83567
93596
29193
99293
78354
24946
66733
27432
47067
46247
30975
88582
18525
83355
89698
16728
64914
41636
59126
44000
93734
64344
91380
84498
11781
83986
93674
81197
31983
76177
75196
19741
21532
34820
12194
79468
39536
40709
36702
55205
34528
8801
54495
7627
11468
19876
74983
99803
65066
61734
1805
28740
16456
90668
31136
95625
37501
36695
13286
22642
92927
26275
29331
56641
49460
27325
10818
2633
49225
74419
51889
45665
61607
96374
66159
89643
19200
12461
54853
99413
33725
67221
8449
45393
13885
58754
13969
34899
15794
60562
26211
37308
57576
86565
9729
88777
67652
96477
55108
3966
19125
98345
84847
33488
60561
89332
68226
44483
18208
57424
53314
92911
20770
72261
33799
22125
69522
17625
73267
64363
41750
10317
1923
41056
47274
17404
47903
72872
28162
80140
62795
54223
98458
19015
11610
31772
18218
90061
43369
47793
31438
30589
30915
36973
76792
32938
70885
37774
1133
20956
42692
96415
20153
28714
94484
47218
56995
12858
66160
59460
36772
3664
10173
44336
7387
81230
25247
46584
41651
13518
91330
50319
37721
1476
99540
11266
53469
66043
39635
2331
83992
20452
82143
10695
9321
42639
64883
22617
21831
73339
31176
11445
88739
80840
66308
27838
74787
81108
52343
82338
60415
65623
77124
7547
29657
6628
27671
77332
6394
18977
54644
81041
140
57037
10702
68052
84142
25878
84450
34454
9199
53624
48970
48296
2453
30501
33224
99279
2108
192
56381
35627
90284
56325
31048
75126
57004
81849
5215
7718
62943
49543
35181
72228
3314
92745
21581
33151
1862
29217
79303
15892
43422
8966
87265
68500
35084
821
60177
65023
20668
86878
19977
58400
48235
69851
1539
58484
77685
10441
15362
52487
32756
9404
46812
46837
35355
42273
33748
80412
63280
74131
54252
89207
41729
35516
25980
10255
37638
22850
87228
4505
1176
55997
25934
34968
60728
20672
62114
19896
46126
6373
47028
74728
25540
18093
18291
27922
39869
91669
86499
21383
26802
80907
74985
68635
55963
22543
73247
40477
48878
16601
56131
30068
72636
5223
29969
91119
45812
58809
33283
34788
72186
76049
23299
90273
51739
48310
30477
28974
5938
76587
24944
77452
35671
95812
58832
72093
82192
23620
51593
46024
90923
66428
39776
29076
32547
70075
62256
91664
4608
25230
32721
29748
504
98290
85355
23213
17921
40867
89696
96314
45014
88574
67686
26997
45786
80194
89958
7705
82871
21595
97294
85157
64243
53236
94866
14010
24266
76365
38190
79482
20611
77201
95315
71292
87848
20915
41208
878
30437
67543
45210
9738
89856
17123
40213
72938
11493
47470
37450
89973
66516
46175
91672
80744
82609
77491
91124
84253
41114
37092
21781
43571
35019
10074
40655
2192
68314
19966
28598
45336
42033
21469
29023
4753
925
37428
10016
45652
3526
27171
56501
42636
7488
12321
34496
36390
31263
63988
93724
40946
56393
58614
59944
43623
14295
51044
63288
89195
9469
87446
63471
79054
77111
59894
89370
15224
19163
13826
54966
18256
46068
926
8678
49614
16514
4035
54107
81501
42154
6449
61478
12055
14007
45944
83369
72897
14058
94317
54453
6676
64708
66361
8985
1134
30800
95727
6005
7519
55643
4135
95058
61411
96052
57198
5358
53543
50776
78068
24787
89232
4138
91913
85608
62639
19741
1753
23570
61311
50575
58550
93768
60514
34384
63048
41567
51467
31873
88172
53262
31925
95579
68754
17175
37867
23227
86185
26530
38566
44426
31584
88580
21723
48885
40649
39090
9105
32678
90549
61285
36603
16187
58471
69942
29309
37637
68489
61588
67040
75548
53375
33727
43267
76266
91264
65517
3374
29632
68213
99970
58652
23732
18113
98027
4420
32561
24577
40633
21996
81007
97948
96231
27020
97293
37045
32545
15008
58690
49750
68646
78481
14614
92125
27527
39222
5209
98857
10639
30830
4778
46873
34213
79369
83268
77194
58341
32621
78287
70626
45985
56820
19217
55848
70440
40038
28914
98635
94780
12046
24556
20754
24396
95201
20606
90622
91094
57507
15965
12907
49323
10244
8696
37742
65125
62352
26763
81740
67910
70019
58642
51019
86010
48215
57890
64338
28928
12955
55927
31816
96395
48724
60500
95042
37220
33846
66618
84890
85654
76648
39177
83817
47101
72244
93664
43447
34214
59962
4655
64611
28170
26880
27338
63015
96573
56510
98936
61754
96633
630
4130
19501
99041
56495
60041
62061
80556
56891
77313
43381
6006
33597
93580
15123
27570
99052
74279
71448
78921
72803
87359
26056
29142
89947
56898
83867
55777
35496
13909
365
43119
18483
61494
70217
85745
85535
91998
7707
47954
3224
37919
84984
62625
73015
47834
48721
1673
36553
26691
11664
69992
85576
54222
1763
50417
72429
21887
81305
36010
48985
72064
76273
77003
60911
62652
19286
89165
47393
96899
80125
22943
46309
31591
65983
72950
7987
47930
9129
43317
35658
21274
15964
39573
15877
694
46638
40411
49367
64066
33728
44394
27380
81177
30612
46547
96859
66572
94579
28580
77111
70666
72723
55505
3800
18876
31969
89657
39707
94848
36901
59678
86448
36849
83677
40485
78809
35250
69142
85062
93014
75451
95839
87015
84503
5537
32074
61281
74947
33228
98001
16724
20981
65713
26893
25208
50750
88082
81175
86880
87306
6433
17034
35863
17436
35249
9758
70979
48654
54274
63613
62007
36313
33650
94444
17655
20443
24642
97089
35577
9957
35507
54541
23909
97060
36351
96584
90964
12395
68685
19491
80899
95532
91288
20044
13226
41119
62206
84740
73857
23144
22765
56897
8599
68986
33863
34090
4299
88524
35763
38437
13102
466
73548
6923
18041
614
46046
34382
78929
76540
43163
67070
37197
58202
5103
40668
19744
75797
31504
17080
79369
95650
34402
3004
26247
2498
52191
12617
17758
6720
28839
55169
39489
67382
33689
85159
68654
29136
38651
56135
83270
55936
62016
4298
80791
19259
5569
19076
69407
91102
67095
46734
2673
50707
16749
19519
83468
98258
32690
98230
44908
63373
51282
71553
1646
75157
36419
26304
19127
60481
92365
390
90923
38863
5169
2742
16582
4428
61
95904
43149
12940
93979
33256
3088
50462
66427
62981
9217
90607
47481
1972
67198
71637
36916
99426
91104
1281
51252
57547
23240
17836
56630
98544
16199
4210
19497
80044
31275
19667
45314
58861
42308
9274
91261
55215
61862
51084
71725
28810
71716
93985
555
79564
87392
71613
54340
74427
11784
90835
15660
27940
38247
4631
72452
9311
72854
42752
40389
13135
31819
76105
51326
34352
52981
90104
53119
44912
66347
47745
90127
93469
84254
42158
65708
39740
5517
61659
7644
7347
54496
27097
15123
88258
23897
11267
21800
47285
29310
76517
95608
35426
28983
37003
2854
21783
83041
72562
70019
58741
67616
24009
73844
5702
58464
1164
70093
11459
82478
1336
48850
86696
71831
90272
33548
9294
9543
62001
52708
50481
60356
34128
25087
98934
98343
19017
77098
31927
66235
99842
89207
23967
40015
62708
16032
19627
37260
2878
11743
18765
98406
97760
86043
69103
52474
14502
39188
13704
1134
50866
94341
69896
36359
86926
50891
86505
22634
2859
10614
97222
96474
25590
86619
33260
54578
76515
19384
57646
16307
66512
99545
25532
5706
91323
28725
55635
59794
80179
5302
6691
66963
8373
78244
7277
73732
94361
