-5631
774
6420
-5381
8085
1750
-5305
-4145
4346
538
6213
-7733
1808
450
4271
491
-9539
9418
-8084
3161
8474
-2698
51
6386
-6579
-3127
1217
4950
4808
-9044
-8276
-7671
-3087
4429
-1290
3194
-8259
-4802
4364
7439
-9486
-6475
461
4940
6320
-564
-5515
6360
776
-1323
9760
904
4656
9539
-6365
-6870
6440
2401
5611
333
-8255
1052
-9090
7070
3571
8919
-9380
-8139
-7218
3422
-4516
778
8514
4789
-4206
306
41
231
3310
-5481
-7849
2249
-7670
-3241
-6567
-7698
9010
3412
4684
-3407
2688
-9003
-1964
-9938
4549
1515
-7718
8121
-507
966
6508
3932
93
2008
7915
3531
6952
6514
-7223
-9983
2252
9501
7523
8080
7900
9586
3944
-467
-5290
-9959
5764
-5132
-2339
-3428
6954
3497
976
-6093
6085
-3187
1153
6713
-4287
-6258
6450
-3411
-8679
-4453
9012
2723
6072
-8839
8030
9615
-2817
-5116
4304
1240
-6069
1117
5418
1779
-5035
-8217
7442
1822
5480
-9663
1172
-1984
9565
5895
7734
-1087
9483
8310
-5307
-6893
-5399
-3770
-2387
690
-7131
-964
-6816
9740
1662
9782
4794
92
-5667
1668
7230
-1133
7451
1497
-5574
1654
-7880
9233
-9997
6400
-1499
6280
-257
-6330
2211
5716
6088
-6012
7326
7834
280
-8904
239
-9340
40
-1486
-9714
338
4302
7674
-8136
-1340
7443
8071
-8486
1658
5693
-2289
6644
3897
-9970
-1042
-2702
2123
-7392
5046
-4782
8515
4906
-4779
-6099
2336
9562
3591
-2854
1461
-6099
-1449
6582
-5686
4829
-9450
8240
-4236
-6859
4025
8033
-8047
3599
7006
-8845
9234
5082
-8560
-4909
793
150
8578
-634
889
2809
-5082
-4234
5860
1504
3639
5453
-9477
-1462
9948
4148
2703
-8013
-573
679
-1882
-1119
9520
-9518
9213
8583
8765
-6710
-7529
-3487
-997
7387
-7765
5218
-5900
-6493
7119
4393
-9128
2885
5464
-945
3199
9213
2564
-9963
-6643
2027
-5842
25
-2168
-5431
2648
-5777
-5069
4931
-5916
-1828
-3509
-37
4157
-6849
7515
-1891
-6535
782
-519
92
-2388
-9976
6133
3533
-5105
2595
-6176
-61
-9943
3892
-8210
3761
-5467
-7367
-7995
-4526
7520
-7416
-871
4127
3381
-7183
-6523
-4647
-4896
5915
1867
-626
-7734
-4553
1715
-8350
-2948
4568
7861
8425
9430
-9696
-4660
-9622
3788
-6245
4673
-9296
4908
857
-9162
-4428
1203
-4865
4170
-8420
430
-2889
9080
5731
-4901
3013
-9005
-5302
-413
-5387
-4380
-5860
2031
-1507
-6020
-2029
-5192
-493
4669
440
764
9006
3379
-5938
-6566
6857
-5458
-2909
-8120
9087
-2998
-9361
4232
-8617
-3776
9635
-1186
8237
3271
9412
-5640
-8706
7200
4036
560
6251
4595
-2460
3825
-7887
-459
-3712
837
-1589
-4604
8689
-3160
-3137
9382
-3410
-2858
6027
-2241
7159
8333
1380
-7347
-3343
-1922
-9651
-1383
-3457
3320
-7874
9185
4042
21
157
4196
-9960
-964
7279
-6916
-4188
-2747
1116
6025
1174
8308
2954
3744
8766
565
8706
-3142
-8825
-7088
6547
-8108
-2325
6548
1148
-6451
1520
-5154
-6381
2403
-5841
-7956
7247
906
-4461
1378
8315
-2671
8032
7647
4153
1432
994
-3466
-801
-3177
4948
7281
5505
-5116
3548
-3588
1644
281
9893
-7650
5303
7845
-4719
5498
-4940
-7616
3150
3908
-6136
4057
2901
-4794
-872
-8686
-9015
-6379
8005
9991
-8199
-6581
1136
3764
9532
8712
-9976
9860
6254
-9114
1160
-5596
6576
1544
-8967
-9988
-2336
4011
-15
-8859
9615
-425
-5495
-6889
-3415
-512
-2543
3899
2841
7611
7865
-1080
954
-4724
4976
6
7211
-9871
3973
9647
7318
-3168
1822
-2044
1183
3188
7674
-2406
-2889
-6398
8295
-8107
-3399
9712
-5028
-1447
-5022
-5292
-5
3278
-9595
409
-660
-7521
2987
4523
-8579
-8329
4933
9365
-5790
-1797
-9196
2321
-7473
8493
-5598
7758
5867
3278
9608
-6073
-3041
6562
7906
9949
-7623
-2126
-7451
8951
2717
-8565
-2874
7646
-562
-8425
-4647
7730
6742
2029
-3641
-496
6378
-6584
-1938
9883
-2790
-1194
875
-5698
6108
-5214
-9274
4403
1844
7771
-9401
7115
-3224
-2982
-2609
9521
-5600
1882
-9365
953
-8606
-2227
6243
8093
6837
3491
7386
2053
8142
6417
9654
-6967
-7600
9160
1788
3111
-5923
-6797
-4772
-3105
5743
3870
6716
8791
-1196
-6798
3302
6124
-6106
5586
-7565
1362
-2287
-4825
9193
3360
5799
-7472
6272
467
-5717
5591
3556
-3233
-2401
-1503
-9364
-9070
-2523
3758
6801
-3712
-5171
-1299
8744
-1801
8652
1972
8369
4112
-2770
8897
3615
3926
5519
-4152
-8781
3273
4165
643
-1419
7170
-8550
5608
8917
-5500
-1044
-5310
8050
4314
7980
2897
2769
-6370
-409
-7414
2459
1399
-2127
-9693
-1062
5775
743
492
-3100
-6021
9781
5102
-7441
-2124
-4434
3735
1957
-1144
6500
-8803
-8492
-9664
349
298
5707
-6454
4392
2132
-4137
-527
-8673
-4231
-2869
33
7493
3989
-1906
4516
-5202
4460
-9519
-9990
-6638
-8660
443
2612
-5413
-2400
-6434
3665
-4619
4775
-8230
-8786
-9995
-9558
-9740
236
-1816
-1345
-2048
-4165
-6565
-6284
-1671
6342
-645
3964
-874
9334
9656
-1372
-3246
1190
-5787
-3920
9465
5787
3015
2262
-780
-2985
-4206
-6627
1688
392
-7915
7350
1048
8986
8405
-6581
-3604
8176
-5405
-7244
-3711
-3921
9775
8237
-3413
-520
6278
7001
-9300
-8967
-2532
-7948
4589
-513
-4047
-6766
-8061
-8162
-3258
-3883
2054
9370
4332
-5758
7381
-7597
1482
4019
7048
3848
4119
-9808
-96
-540
8151
8447
-7558
-5292
-301
-9269
-5075
-2908
-8125
7611
-2711
6146
-5797
1717
4419
-7222
-926
1123
-3705
5121
-8359
4015
-3448
2645
-1320
4863
887
-3469
-5181
-471
5511
4145
1757
9195
3856
-514
1121
256
3629
4983
-3625
-7679
-1808
7051
-4824
-1570
9632
6859
8863
-8469
8209
-9013
-6009
-7046
6669
1872
-1774
8122
-9071
8331
8562
-6522
1914
6641
-6836
9021
4524
2199
-1689
-5745
8034
-8022
-7008
2600
6617
1754
2940
-3899
4486
-1297
2722
5095
2182
-8812
-7866
9586
5700
-483
-7282
2384
3087
9131
-7002
9750
4564
-2229
8200
-4456
4779
-3824
-7442
-7905
3276
-7316
8408
-3554
2255
4764
3722
8927
-8563
1215
-7711
343
3623
-1533
2827
-7672
-6179
3430
5325
-3536
2317
-1640
1331
8930
-3308
-4887
-6231
7838
-2308
-3069
9711
-4913
-1003
-15
-2163
-1300
5299
9343
-8816
-2515
1050
-6658
-9439
2099
-582
2566
7849
4794
8116
-6843
-5716
9415
7331
3843
-1733
-3388
-9091
-353
-9170
6358
5812
4196
-5763
-5922
-1624
9939
7368
6400
-416
-6081
-8275
-9303
-3696
4570
-6288
-8126
5683
-4682
-355
405
-5392
9815
6823
6032
2592
-2718
75
-7813
6281
7710
6857
1761
-3326
250
7684
2676
8729
-838
3843
-1082
1149
8001
-6263
9702
-3791
837
6046
-9075
-3442
921
-4311
-9941
-5507
-2575
1653
-7855
-5088
-5325
-5680
-6085
6198
-2187
3672
4065
-5797
7105
9394
-4407
4637
4403
5198
-8932
-3093
-7633
3719
-1574
9944
-3702
-6534
-3038
2981
-7156
-1987
-4384
4314
4355
-504
1627
-7036
1062
2315
2849
5866
-6313
-5033
9331
-6339
1579
7866
3999
9591
-6913
-2330
-4608
2373
9689
6161
6630
-4558
-1862
5861
3677
5923
9257
7510
-9070
-3971
-3065
1666
-2962
-4020
6155
7208
7703
-8056
-7368
-8432
-9964
-2981
61
-2063
-7621
-8392
-9947
-5042
3074
2068
-2929
3354
3089
-4395
-2386
6397
-1647
1312
-2951
-1558
-7513
1200
-9904
-4966
-7961
3439
-4373
-287
7799
2962
-1134
9665
-6794
581
7997
-5029
2627
7038
1913
3762
3430
4260
-9552
5329
-6555
5307
-4775
-442
-9599
-7582
7936
6162
-5897
-1090
-6388
-7766
-3780
7730
-9721
9072
-2251
3829
-9730
-2200
4876
4855
-1790
-7060
-4935
-5082
5157
4767
-535
8814
-9066
8386
-4436
-2230
-6534
2145
-6499
8821
8202
-5813
297
4469
-5250
-2150
-6937
-2119
949
-7875
-7818
1383
-5441
2470
-1467
-1870
2549
-4790
-4938
4098
-5634
-9076
8632
-2080
7710
-7539
-8331
-4482
-9792
-7982
-3816
9861
-9482
8346
1482
-486
-4935
4644
-9958
8926
-3938
1737
8855
3291
-1186
25
5586
-1045
5362
-1320
-193
-5744
7522
1254
6626
4436
6358
8538
-4818
7204
-5045
-9490
2791
7931
-714
8111
426
-7821
-3181
-6795
7534
-2708
-2172
-769
1276
-5303
-9086
-7212
7844
-1098
3026
6133
-9118
5177
-4916
-2119
7110
521
8360
-2403
-640
-5238
-5674
-9548
-8390
8883
-9844
-6062
-4106
8714
-7982
-9315
8352
-3397
2063
3994
8559
351
-1871
3677
3804
7965
3919
6231
1537
642
-9503
359
4394
-4440
9914
2176
1587
-5723
-7480
5704
2143
-272
-2020
5284
2917
2299
-4249
-4005
-6697
-3017
-9981
8786
-1441
-3654
-385
-8271
-5274
-8621
6660
5610
-751
-5238
2495
-5993
-5427
-5708
-9370
-8377
2443
-6351
-6957
623
-5982
6628
3771
-3695
-6318
76
-8120
-3268
-8709
7580
1384
9743
-7633
586
-6290
308
7974
7789
4310
-4528
4854
-7367
3744
7574
6580
-5377
-8918
-1865
1360
-5338
-5264
8788
-6839
-2880
-4032
7467
8951
-7120
8896
7355
4284
-4631
-8831
-8731
-7937
8957
-1859
-704
-4752
2796
5901
-9793
6548
1017
5219
1285
-3971
-7267
-9828
-4579
1277
-3521
-6844
8283
-6815
-2021
-6415
-8720
9243
5162
-3521
8532
-1125
3547
942
106
-4359
2451
955
-1718
8517
-9406
8355
9430
1605
3432
-1416
138
2903
-2115
-661
6180
-1371
3411
9280
-7954
-731
2188
-7039
577
-1404
1694
2594
-4419
-2103
-3529
-2112
440
1394
9132
-361
-3285
-9376
6057
6492
-2736
-1260
3346
-1038
8334
-1350
9101
-9873
-5835
707
9158
6665
5690
-1571
-5521
-1241
-8206
-2096
-6267
-6313
5660
8228
-1097
-7121
9937
2685
-7321
3654
159
9021
-1692
9346
3796
-592
-4011
-447
1030
5750
-6078
8825
-5885
-4715
-306
2213
8325
4720
-8435
-8649
-1591
5096
7088
7591
-9380
-7678
8326
-3992
-1470
297
563
-2885
1386
4921
-6089
-1056
-3520
-7638
7116
-8273
4214
6318
-392
9886
5701
-3255
-3592
4531
-3490
3359
8794
6972
4393
-3483
6573
1865
-6336
1713
-3483
9820
-4684
136
-2350
9541
-109
-7600
-4592
-6819
1999
2937
8385
1364
-6742
-50
-2174
4225
-1221
9205
9333
6161
-7754
-5576
-5669
-6485
8817
4206
-1779
-7088
-5279
-5941
6404
-1638
5673
4501
1556
-804
9452
-4673
9804
-6853
7120
-191
412
9628
5991
-7303
9734
-2986
8123
9482
-6580
-5512
-3609
-5222
-7269
-8874
7519
-9239
-7641
-3129
-2878
-5291
370
8294
-4118
915
-6553
7026
3534
-2650
3731
8454
9385
-7173
5885
-2450
884
-1288
-5557
-7374
-4042
-3740
3328
8947
6898
6555
6557
9254
7983
2784
-6462
2617
-6153
9629
-1667
2962
-2292
5352
-3355
1701
3535
-7865
-1246
5654
-505
-982
-7772
-7679
7908
3353
5317
-9953
-1373
-8555
4712
9593
6963
-7860
7938
-2306
933
7887
6403
3517
4308
9154
-7672
9550
-3215
230
-5841
-2719
-8195
9077
9500
-9838
-7857
2167
-1987
8078
-9642
1787
-5374
-5720
-2503
5415
-4514
8140
4117
9778
2124
-8291
-8463
9613
4268
1438
1785
-4417
-3956
3059
4349
6727
-934
5435
-8708
-216
172
9247
8990
-5691
-8019
8373
-1132
108
-2010
-3272
-6777
6186
-6505
4797
311
3583
-5299
-1315
-5714
4934
226
-4074
-6084
-7018
-3952
-8200
6348
541
-555
4107
-5598
-8365
1488
-1683
2379
6945
-2308
-3045
2428
7090
-1775
-2105
-9069
6595
-708
-388
5715
1406
-9451
-3142
848
-8936
658
-8055
9559
-2662
-1545
-7253
-763
5145
6381
6995
-9617
2232
-25
6957
4131
-1714
-535
4772
8685
2997
6757
-3534
-836
-6413
4676
6347
-1610
-1491
1100
-259
-9594
-1209
-3450
2327
2570
6951
1811
9611
-3679
-1219
-971
8436
-2289
6240
3284
4034
-305
-502
3723
3079
7578
-8742
736
2582
6850
738
-2195
-8428
-9898
8131
-1559
3856
1566
8501
6680
-4206
-4777
-3260
-652
366
-9258
-1665
-1554
9645
6559
-1208
6202
-2061
-7039
-9969
540
-8238
2038
5034
-4386
6024
-3832
-9726
7109
2864
1777
7063
398
-7864
4001
8057
-7952
-9650
5755
7738
-2266
1154
-4471
5620
2483
-5451
-1528
-1401
-7425
3910
5661
7925
-5424
694
511
-4771
-8653
9773
-3731
3305
3664
332
-5969
-5199
-4334
4964
4020
6110
1024
8359
-9679
1559
5676
-320
8189
6209
5816
-6857
-9644
-2979
-4955
-4374
4342
3949
-2394
-6855
1599
-3391
6874
-6411
5833
9682
-9762
8428
286
-1403
-5423
3207
1316
-464
2403
-5846
-921
-8471
7229
1929
9627
-6040
-5444
-9174
-7670
-5178
-4142
432
-161
-1282
1080
-9155
6698
1725
3797
-5778
8519
6821
6396
-7725
-3970
-8406
4472
-5265
-9501
-8235
-3210
-5168
-4913
-315
-627
2890
-577
-851
-5874
4094
6425
-4582
-3584
-2554
2976
-2823
-5803
2714
-2560
-5116
640
-3796
9909
-9504
-5400
-3749
6104
7126
827
-618
2963
-2591
5774
1123
-9104
1560
2353
8131
1319
-1087
5849
3203
-877
5210
-9073
-9696
1050
-8086
-2216
2700
8763
4545
-8566
-7204
5755
2925
7628
-8038
-8896
-813
5102
3700
-6776
-5177
9755
-5599
-173
-4508
1879
7781
-1790
-9413
8335
-1232
-1517
5342
4801
1508
-6951
9614
-5858
-9862
9525
-7555
5799
6587
1140
8951
1411
7369
7657
4679
-3487
-2961
2736
-891
1421
2109
-6984
-7693
2764
-9184
5055
2487
3644
-5577
5248
-3037
-2628
-3736
6823
3910
6388
3442
3996
-7212
6820
8438
-8983
8534
-3948
7619
2601
-6753
-7813
-7964
2178
2223
-2204
9671
-5132
5057
8950
1615
-5892
-8054
-9466
-741
4729
8338
-3713
-7373
337
-2145
17
1333
-8484
2518
-5515
-6217
-9005
3259
-6016
-5291
-6359
-8084
-8558
4412
5855
7877
-4033
1875
6303
-861
4237
1478
7091
42
4296
-3905
-3801
642
691
-3794
5940
5466
1711
9144
-9156
-3665
-7121
-8908
-8938
9314
-2656
-785
9918
-3239
2574
-9288
-9903
9183
-9744
9984
3748
-7560
-49
-3537
8959
8373
-5193
1462
4218
-2732
-6497
1659
8873
-2149
5485
-2738
-177
-7951
985
2421
2688
6631
-3336
8990
4969
-8574
-3214
-560
5493
9682
-7530
2519
-754
6702
-4880
9073
-8533
5714
5785
7358
5391
703
6298
8055
-6269
-1326
9431
2232
3814
1652
2130
-9787
599
-6170
4008
-7628
6330
-1649
-2075
351
-6827
-2163
-4158
1030
9403
9374
5035
-3258
6973
-9389
9510
4583
4472
2911
292
-2543
3183
7435
-1822
3652
5851
4483
-1976
-963
-7184
-8596
939
-8919
-4649
4199
-8300
-6950
-7140
3986
-7481
5692
3232
5642
687
-6511
-4287
2869
3496
3502
5721
1730
-8018
2112
920
-7955
-2774
-7876
-512
-7419
1745
20
-5873
-1898
-3949
-5155
594
5841
8566
6799
1
-4910
7953
6259
-9530
-7889
8229
5053
-7980
8575
-7968
-4672
-2534
-5339
6787
-9064
4831
-1752
8501
-944
4380
4327
-6660
3914
4578
1842
6499
8796
-8629
-9531
9776
7427
3324
-6295
-7104
-1254
3279
-6640
6734
6229
-8046
5760
5473
5909
-8814
-3134
3919
3619
-1802
8645
-3157
7142
9454
1656
-2118
-3149
-4877
7884
7144
-2674
8440
-2078
4230
1707
-7716
-5596
-3013
6600
-6966
-6570
1075
-7903
2979
5683
1848
-2763
-1965
6483
7459
-6235
3018
4506
-3505
9955
-2604
-3019
-4191
5833
212
5473
4387
3106
-9397
-9004
-3649
-4853
-1318
3637
-1223
-7408
-3622
7929
-649
-8270
8170
-6091
-2529
547
-1468
8846
2681
5332
-4784
6127
-3016
-2449
806
729
-896
-8792
7073
2565
-911
177
-7467
46
-154
-193
7576
3878
6729
9788
7651
6882
2252
-4674
8859
-6036
1115
-1145
-9718
1191
-2749
-3366
2951
-5748
7663
-4407
-7904
-9687
1721
-93
9101
-9020
-6180
1010
-9832
-2568
2799
326
732
8134
-1844
-8935
7860
-3440
8369
-5545
2061
-8302
2709
-3924
3970
5945
6230
5739
-5691
9923
7320
-9717
-9198
8677
8716
4670
-2560
9695
-3352
4425
-4034
1822
1110
9887
-6514
-1308
-538
9412
-8148
-8254
-5621
-6249
-6164
-1514
9406
5149
6997
-4702
-4337
-6551
-7404
3223
-6307
-1658
2115
-8565
-3724
8971
7218
9017
457
-4596
-5659
6953
-2854
6246
1933
-6345
7447
2904
-395
831
9422
7493
-1973
8213
-7105
5732
6751
1127
6469
2421
924
-6887
5466
-5471
1666
-8766
5154
1232
6267
332
-7871
-2439
-8667
-7350
43
358
-7917
5941
7563
310
-6176
1985
-2309
-2348
-2781
-5443
-7604
4151
9754
-7359
-7529
-3712
3800
-4916
4654
3440
-7439
1964
2246
-7585
-8073
6274
-8063
4784
-3307
-3579
8737
3096
-6800
6378
-6911
6763
6523
-6702
-5272
7821
-7201
8694
-5380
-490
-4712
-9783
-923
1180
3682
3862
-6494
3947
4918
111
-3986
-6959
-1307
-6037
954
-1963
-2450
304
4241
1385
1029
2641
5781
2603
4029
6061
6928
-6228
-5869
7336
-4913
-8900
-7775
1734
-1873
-3301
-6847
-5683
-4801
-9015
-5454
799
-4792
-1954
6197
-853
5810
-325
-8870
4973
8438
4986
-8929
83
1728
7625
-747
-5099
3242
-5324
6330
-3458
7882
-7320
580
5536
-4729
-6339
-770
-9778
-5377
5738
6090
-5384
-3693
-8953
6314
-1488
-4050
5184
-1156
-9810
-4404
759
-8716
-2
2365
-732
719
9507
-4598
3731
4468
3104
9523
2349
-3784
-3943
7817
-5935
-4100
9610
5332
4715
8284
3999
8692
268
-3325
-2097
6902
1634
2892
2499
8092
-1698
-9009
6462
-1621
5857
-413
-3998
-5172
4074
-3945
5700
-6423
-8471
2219
-6579
7917
-1935
5152
-8571
5303
8998
-4174
9949
4304
-4026
1030
-8064
9249
-1825
-4152
2432
8303
-8982
4776
1092
6346
325
-1929
2456
8370
7642
951
8996
-2503
-2714
1065
-4823
-6986
-5991
-8577
815
5207
-8641
5887
-7804
5481
6156
-2157
3163
-3299
-9792
-246
7352
-1356
1753
7129
3723
2266
-6111
4531
7154
-6748
-3230
8078
-9516
8789
1953
-1530
6431
-1344
-5138
-2327
-1236
4118
1603
826
7308
33
2311
3463
1414
6846
-5282
8178
5616
-2620
6203
3213
-3586
2646
3453
-8408
7268
8262
8737
7411
-2756
3005
-6289
504
-260
-1254
7737
-8725
-276
-8616
-9890
9092
1575
-9744
9571
-3804
9842
-3126
-3868
-646
4700
7508
5996
6700
9448
-9533
-3114
7204
-9403
-6918
4582
5400
3233
-890
1438
640
4682
5234
9347
-2598
3931
-6068
-5122
9575
-3771
8368
-1083
-5151
634
-630
5662
-8600
-4582
8206
-6569
8976
5284
-6142
-9200
1673
8135
2860
-2069
7474
-7882
-2985
1776
-6690
6486
2358
-2513
-2675
-2024
-6538
8675
2578
-8762
-6185
832
-7557
-8648
9958
6206
2259
3731
7328
-8193
-6415
8718
-3897
6655
4861
2656
-7759
6898
-8145
-7291
9259
925
-5575
258
3190
4135
1096
1470
-142
1400
-6563
-2108
5888
6280
7103
-1996
-3290
-690
-6990
-1518
7101
-3038
-703
-9747
-7728
32
539
-2984
-5275
-1399
-3003
-7465
-4955
-6882
-396
1574
1137
5242
-5960
-8827
-9201
900
-6653
9228
7129
5646
-5967
-3587
-8128
-7780
7614
-4554
6107
-3621
3291
1947
2331
-2046
2908
-235
475
-317
-9998
-6857
-8995
4036
-4163
3750
-7442
-3011
-5028
3970
8886
-7495
-8856
-8702
7056
4559
-8135
2302
2358
-8112
3108
-1164
5535
8513
-9749
8600
-2645
730
-1295
-4250
-1788
-9469
9730
-5456
-7619
6794
-6359
-4269
-1992
-6143
4989
4988
-354
7102
-8729
-3519
347
-3114
-2348
-2145
1649
-9877
3977
9180
-2710
-8855
6062
4187
-409
-1973
-3584
32
3867
2565
-614
1046
-7292
1127
7641
-4854
3389
2686
560
-2237
4091
-7857
-4842
-8078
-5277
2585
8455
-446
1465
8676
4025
2014
-5042
7818
6023
-6718
16
-8507
6263
-1910
912
9014
-5559
6549
-1354
-6813
-5814
8302
9330
-3580
9701
8326
3305
-1694
-1840
713
6408
-8888
-770
2052
-5105
1972
-6877
4135
-3817
1343
3650
1475
-9646
3732
2741
1415
-1631
8695
-1626
-2908
-8815
-9312
-1743
-6441
-7228
4336
-9037
-5755
-5878
4829
-1629
-5365
5018
1474
-9232
1803
-4802
-4324
3896
8164
8841
4513
7771
-7693
-9612
-6023
-2668
9443
-5788
8978
-2659
-1963
-1198
-7575
-6666
5314
7503
1954
-9001
4580
4288
-979
-5716
-9264
2431
9195
-374
1946
-7656
6458
-4557
-2363
-333
9604
9327
2717
6517
-199
-2458
-6427
3962
-7732
-1311
-1182
5354
2779
-2533
-1157
-1356
-9780
-4633
8622
-94
9837
-4767
5924
7590
-1151
-5343
-7200
-4555
-9320
2067
-4400
8223
4284
5488
7046
-6020
8404
2938
-3720
839
-7928
5336
-1291
-7620
6285
-323
5091
6958
-6745
8545
-5450
4874
-1610
9327
-3459
-3586
9507
381
-2477
3534
-1677
5165
-6916
9340
-4989
5051
5974
7542
7541
9577
1919
-7567
-81
-7623
9694
566
5525
-1103
-973
-4270
-3713
479
6485
9804
4754
3830
-5973
5789
-4274
-9852
2753
-3944
-3254
-5936
-2474
-2948
2590
2890
-9911
6378
-9816
1947
1952
9931
-8031
9179
-1143
-6623
3037
807
3798
-6298
8944
-755
3775
-2743
-4956
-907
9459
3325
4298
3482
7428
9091
7795
-9629
1173
4356
3850
-2057
3012
9313
9247
8399
-4900
5148
2004
2977
2758
6624
7812
1097
91
-834
9373
-9903
-3479
-576
-1422
9914
-8548
-4837
-6437
3750
3710
1401
-2831
1261
4134
-5518
-1086
-5045
4562
-5179
222
-7162
1558
5027
3632
607
-7318
483
1255
-1558
4121
7143
7580
6373
-3203
-4413
1187
1225
-6397
-5893
1133
-4998
-7117
6647
5926
-9511
-641
-9851
-8140
-554
-3309
6789
-6240
-5880
-5713
-3130
4895
9295
7846
430
9549
-3793
-3641
-7896
9956
-9345
9012
1248
-1540
7423
-3290
3702
-2961
5429
-4518
8088
5617
7626
-3257
3842
-3182
969
3951
-2285
4335
5610
3503
4374
9470
1769
6342
2057
-2773
6362
9818
-9730
979
-4937
129
7109
-4686
-6051
2507
-7483
5993
5718
-7572
3960
6762
-9961
4292
-8137
-2032
-6474
-1
7166
-3276
508
-868
2413
2925
-127
-6069
-8243
-1116
-8570
1643
5907
-1209
7754
7981
9950
1563
-3411
-7773
2342
5354
-1480
8002
3201
-4682
-3163
5338
4905
1896
840
3956
7956
-2692
-2302
-4754
-2653
9402
-3091
-8573
-8209
-4967
6234
6982
9528
475
3065
-1108
9579
6275
-4917
215
-3839
2614
-8718
-9717
9202
-1990
-2189
8469
-4012
-260
5320
-2878
-4670
-7624
3615
324
-6485
4477
2508
-5259
-3004
-4555
259
7092
3963
-6497
756
8592
4417
-3254
-5562
-1958
-8505
68
7211
7795
3403
-8253
9705
6571
9794
6591
-8177
1295
-248
-6512
4222
8025
-7306
7804
9766
-3490
1357
-1268
-6599
875
-3794
-7662
3194
-2499
-3942
-4764
7269
2230
-9558
7653
-627
-5691
124
8617
3639
-5287
2854
-6812
1409
-153
-7166
1632
-1952
3820
-7147
7405
1476
-5252
-5872
-7029
-5643
-5057
-721
3621
3432
3211
-392
-8212
4517
-1643
-4930
-885
4775
9675
-4467
-8051
-5664
1178
-7781
-9847
-8776
7096
9265
149
-6353
851
-5007
-2856
-7269
-2420
2065
-3658
-6436
5689
-1379
7330
1100
6743
-5957
-1560
6655
-9065
1791
-5216
1976
6749
5791
9258
-9258
1572
5924
1962
5117
2375
-1047
4504
-8257
1146
-4121
-4972
-2882
8272
-4746
8322
-7787
3842
9383
2017
7662
-7300
-9103
2456
-9266
8296
9243
8578
3095
1847
1179
5335
-5589
-4842
-9196
5633
-19
-1509
-7292
4706
5571
7924
-3164
2175
-4807
-2623
394
2011
-6981
7818
7405
5063
9996
9531
5727
-855
-5343
-732
1789
3122
-1194
7713
-3510
4818
-7210
5612
997
-2849
4582
9779
-5533
5444
7765
-3129
417
8821
2073
1496
180
-5086
3950
6617
-2727
-6356
2970
4705
6290
-2036
5371
3131
-9211
8823
146
-8922
-1656
-6390
-9985
-1036
-6972
2348
-966
-1956
-5081
-287
-8945
1469
1333
-6638
4857
-1635
2188
6231
3819
-5225
-5693
8386
-5017
9935
-2352
-9169
416
-2650
-5802
2648
9724
5373
1851
2985
6934
-6577
7680
5519
5919
-5108
-8647
121
-9076
-5369
7314
5958
8803
2901
-246
8800
-2338
-4524
-7728
4907
-8839
1134
-3325
-3076
5332
6402
-4824
9806
-4956
2933
8559
5158
5043
-8044
722
5757
3237
-4957
3546
5028
8600
6490
47
1797
-41
-9924
-6552
-4646
-9495
8889
-7425
-8
-3716
3990
-9379
-567
669
-5873
-3892
-7703
-9450
847
7918
1935
-714
106
2971
56
-4673
-1653
-8791
9048
-1093
5385
2082
3281
-3530
-3594
-6421
-7267
3801
-2415
1383
-7389
808
-5952
2979
3445
762
-8073
-468
4129
-9693
-4466
-6125
-7273
2372
4345
4253
-7145
3130
5118
-3339
9645
4010
-6815
8724
-3197
9100
2238
-9193
-3450
-5779
8307
9104
-3017
-1342
-5052
-6994
3705
792
-8080
4124
-1636
794
3583
7132
-3778
-752
-1135
8585
4138
-9475
242
-8542
8127
2673
-7769
1960
938
3634
-2982
2141
-3993
6444
-2584
1747
7055
-3430
860
4337
8319
-9745
-8075
8028
-1013
6745
3056
6014
-568
-8774
-3557
5381
2581
-2694
1010
-976
-4464
9995
6574
1186
-6078
-1213
-4365
7875
3520
-8722
698
-782
-5528
8873
3451
-8418
-3189
3018
8129
-8262
923
1188
3529
-872
7968
8765
-6637
1574
-9008
4174
-4436
2718
-4394
-4978
-2842
-8925
184
-817
919
-3159
-7486
7381
-4267
-8902
6332
-1620
-6250
-569
4630
1816
-844
7031
6683
-7905
4739
13
-224
3115
-9307
5610
-9155
9241
-6350
-6567
-1653
-4074
-6783
2786
7013
7879
8682
-5067
5519
-3663
-6420
2138
-6493
745
-2532
1145
4973
699
-3174
8037
-3750
5489
3999
-4709
-9135
-4917
-8555
2250
-8002
-8912
-3641
-722
7217
9553
4954
-3791
-5209
-3220
-4374
7045
-1410
8717
-7078
-7414
9680
3275
-6860
-1436
1160
6449
1415
8499
-1087
-9512
-2638
-2653
-6318
-3167
-1048
-8012
9237
-2190
7205
8559
8090
-902
-8460
1751
149
-9121
-862
1475
-8812
698
-904
4577
-8206
-83
-518
9778
7726
-2028
-1224
2777
-1268
-9634
2200
-5883
6330
3720
-5416
6310
-6216
-8338
386
4812
-8225
-230
7969
-4921
4808
-2241
1622
-6948
7654
-5
5711
-3307
6026
-5942
-6755
-3972
-3710
8564
-8303
1000
-438
7997
7355
-4861
-5529
-8333
-2754
9199
-4180
8498
4173
-7306
-5476
-9167
1604
7955
-7453
823
4944
-6480
-6207
-9792
-691
-6313
-5207
7150
-3579
-6462
428
8579
-7466
-2632
-2882
5758
-2998
-7564
467
5940
-3644
-3212
-5507
-5725
9215
4638
4656
-5624
-6430
7511
742
205
-2807
343
1220
-2167
-2724
-7723
-9079
-627
-2855
5665
2125
-4275
7255
-7039
8755
-9547
-1476
-1662
6363
-6138
-1044
3277
-7516
3112
9736
1196
9274
-46
-2009
7155
-729
-1148
-5497
2847
4870
-5432
4653
4788
9311
-9793
1519
9638
6928
-6179
6008
-6660
8987
-816
2837
-9193
-6442
5592
-2249
2974
-3425
6197
4277
-4372
8080
-3669
6394
-3577
-4931
-86
-1971
9938
-777
6358
7782
-2783
8840
3776
9451
3735
-5118
5587
-3447
-6941
8424
335
9500
-3697
-376
-5258
8542
874
-6418
-7542
-1727
7879
-4930
1651
1657
1488
-241
4486
-5959
3252
-2755
1548
2115
-4060
-5168
-5918
4789
1226
-3092
7651
9207
-9111
7993
7176
6151
-150
2011
-3040
3364
-9431
684
-8532
-6034
-7577
-944
6749
-6865
-4827
3882
6978
8783
-7567
-3412
-4843
-6837
6120
-974
-3114
-1817
1135
2136
-7073
-9432
7604
-353
9202
1120
-8262
-8726
-8474
45
4882
7001
6288
-7486
9511
7401
-9161
6510
6833
-1315
-3813
1679
-6824
-6962
1682
-3854
224
-3948
303
7559
8401
6477
6740
9939
8294
3841
-5619
3443
3583
-6852
-3069
1299
-9935
6790
705
-1404
9756
-5230
-8713
-3610
-638
1773
7422
2194
-7534
-2923
2817
7277
6234
2627
-2898
-8578
-1244
2489
6802
-8850
8710
-7525
-9665
9442
8186
-9072
8564
-7932
-6022
-5668
-7589
2665
-2440
-5056
8333
2463
9126
1162
3257
5459
7557
-9373
-2858
1420
6284
-831
-8003
-3883
-8065
466
-9588
4411
-3257
2806
-8822
-1092
-7
6148
6652
-721
6237
-7259
-8913
2125
7712
5235
-4061
-1101
6904
-9028
-7887
-5328
-8591
-8754
-5955
779
5473
2242
6937
9360
4796
2665
3981
-3775
-8365
6194
6385
-132
-9831
4977
4180
3205
-8004
-657
9653
8749
-2169
-446
-525
9637
-2101
5838
-4564
-183
-6194
1281
5265
-5396
9502
7425
-8238
941
-6339
-3284
4552
1562
9793
-3401
3453
-7057
1110
4893
-3581
3281
6363
-5401
1432
-6676
1877
-5974
-1485
-7822
9611
6853
4075
-7233
-6216
-4448
-401
5360
-7694
7077
-2713
3001
2516
-3024
-8130
369
3555
1083
-4972
-1924
-9537
2199
-5977
-2323
4100
-296
7457
-9185
-9556
6901
-8061
-6417
-6308
4641
3225
-7310
-2547
-930
7331
785
2003
-4620
-9563
-1465
-9030
6037
2280
3767
6256
6558
-813
-2481
1723
227
-7133
6199
3872
5311
-8169
4165
-5784
-5480
-5210
3292
-5474
-1
5073
7201
8914
-8947
3
-9680
7639
-1884
4001
2932
-5153
-8148
-7286
-3544
-6557
4346
-4110
1749
2628
-4242
8385
-982
9186
-3014
-2474
3231
4606
7274
6352
-1296
3787
1519
-2891
-6032
9240
2731
1083
542
2537
-6826
2505
4405
7907
-2320
6076
-3422
-7071
-9678
-2309
8476
8879
-2852
8347
8645
5061
2414
-6918
7567
-3003
-4827
-8007
5635
-4354
1833
2972
7376
-8999
-644
-3025
4071
3057
-9719
-4916
6767
-2712
9122
-8411
-2862
-9
-1533
-4506
836
8888
7520
7567
5452
-3953
-8453
675
1802
5546
6662
-1766
1860
-3943
-6146
-6462
-1208
-680
-4726
-6141
4038
-6253
-9090
7411
-4572
-2732
8776
-8291
-4099
-6468
-5764
6186
923
3304
7923
4945
-4046
6973
-5621
-8628
-8089
-1418
694
2612
-5327
-4270
-2647
9255
7108
1480
3687
935
-5291
-3993
692
-6429
9695
8814
2627
-945
8982
-911
-2283
5921
-7897
8342
6706
5385
-3976
1839
9422
-705
-332
-1409
-8342
266
-2121
5457
385
-6003
-3833
5602
-3332
-1036
4728
3740
-4749
1093
3368
-4955
9126
-807
-8092
-3451
-5498
2543
798
6035
7213
-6059
-6557
-1534
4524
792
-1919
-5509
3305
-2042
-5356
5123
2245
9872
-1570
4424
5593
-2181
-3196
-9046
4137
-3961
-4366
-6984
1994
-732
357
-963
3791
-3241
-3823
-2273
-3856
7094
8606
-2992
9922
9507
-2247
2277
7480
6928
-4341
-5098
-6429
589
9927
-3221
-5859
-8878
6009
-2957
6652
262
-9809
-6262
-2982
-7419
3576
-1333
-3054
5473
-6778
9723
4100
-4686
6112
5393
-6510
2521
5722
-6897
-8449
184
6254
9323
-9672
7724
3408
9732
-5320
-9355
6307
9938
7636
5550
-723
8776
-239
4057
3274
9193
2765
-2524
9875
-6017
-8581
6565
1052
-897
-9767
-5312
7654
7195
9574
-6487
-9274
5807
5149
9719
2254
-4055
2213
1295
2794
8331
-70
9819
8393
2841
7580
5805
-3701
-2175
6228
-5679
-5110
-4851
-1687
-4920
3670
2865
-3285
-1642
5011
-9827
-5803
1736
4628
5764
4855
7912
3465
6768
5933
6942
-5319
6300
6648
-2119
-7407
-8574
-9702
2665
6112
8370
-984
574
-2927
-3588
1213
7201
-2588
-440
-7450
179
-6725
236
-2498
-4453
-3893
1667
268
-7853
5475
544
-2988
-4618
9655
4451
-9746
6695
3875
-9012
8997
3506
7631
7957
-9473
5811
-6260
9651
-9485
7192
9151
-9398
402
-4411
-3161
8388
-9905
-7602
-5773
-9374
5489
4856
-371
1212
9085
-5937
-6382
-9525
-456
648
3441
3558
-6920
-2863
301
-4824
-9574
-1279
9239
4187
-2954
6575
-6475
-9309
-6824
8698
1508
2302
7763
-8377
-5701
3192
-5662
2204
-3552
3536
4227
-3111
-7891
-8455
-5083
-7212
8557
-6820
-539
4077
1657
-8240
1492
-2007
728
-3928
7835
-3214
-3217
-6982
8095
1711
111
6462
-7199
-907
7232
-6906
-3699
-4934
-2774
8383
3535
-6318
8262
5370
-6620
4108
-3568
-4900
3144
9504
8192
7121
8499
8058
-6928
-2613
8209
-4660
2605
-7763
6541
3692
6319
-1375
-7704
-3194
-5529
-2562
-868
-7371
-8413
1389
-1399
-4214
7577
-2031
323
3817
-8628
3500
-6553
-1607
-1191
3192
8418
1064
438
-9199
-1191
847
7331
3534
-436
-9632
-8457
-1111
4042
-723
2103
5665
-3663
9862
-3098
838
-299
6785
9421
6292
-2506
-2444
-8538
5354
8523
-9157
-1672
824
-6531
4171
-6078
-8458
-8495
6679
-4310
7086
-5022
2168
-4291
-3186
2748
-7003
9142
-5426
-1377
8434
-5854
2102
1980
9495
-3066
6469
8007
1580
9769
-1683
-2543
300
-4832
-549
6586
3702
-1731
9897
-9809
-3134
7047
-3519
762
-1746
9682
9860
-1159
-6585
609
-7363
3621
1908
5204
5647
837
-9022
5010
-618
9033
-5740
8943
-434
8905
-5656
8078
-3637
5424
-5242
6275
-2641
2097
2408
-1538
-5951
1516
-1771
6638
-5676
1935
-665
-7804
487
-4751
4367
3661
-8460
-8783
257
-7646
7363
1725
-1550
3909
-4933
-5263
1771
6132
8387
9995
3793
-6720
-3507
-8429
9349
5293
976
-7444
-5063
-7081
625
-4438
9815
-981
-7040
-4454
7758
-4424
-7875
-7175
-9460
-8191
950
-7183
-2863
4686
-9444
-2041
-8450
-9035
-8443
1004
3824
8463
1066
-8313
-2874
3699
-5579
7419
6339
8521
7956
2337
3416
9398
3970
-4840
8479
5599
-4385
-6072
-5974
-8293
7277
9738
7437
5292
4579
5689
-6552
-3557
-4861
-2391
8618
-9345
8304
-1063
833
-5360
-6836
-9152
-5992
-8555
-2899
5722
-6433
4594
-5052
7121
4028
9177
-5678
297
-4284
8629
-5119
1896
-1848
6308
-8559
4197
-1760
9050
-8410
600
4947
-5799
2174
-1378
-3316
-8656
-4168
-6480
8241
5966
-9913
4848
7777
-7500
-4647
1647
382
-6059
-6275
-7135
-3211
-1917
7064
7901
3011
6137
2781
-7212
-9925
-1790
-892
-890
-4094
-8367
-6172
-2939
-2164
1444
8108
-8776
6395
5357
7809
221
-1010
-8066
8994
8560
7237
-5794
-7407
-2546
7730
-4741
-4752
7499
-1290
-7659
-6960
8102
-7823
-6280
-4961
-5073
-7251
-6397
146
-7181
-5554
5455
9925
-4843
-6410
-878
1654
5784
-2841
-8607
-1455
1529
-6932
4438
4034
8343
106
-316
4307
-7509
-4201
6056
-7441
1938
4255
9437
-2828
3209
-8535
8287
5224
221
-6222
1838
-5440
1606
-9213
-7340
4611
-5449
5654
8935
-5196
-314
-2304
7518
2558
3571
782
-6335
-3776
5857
1287
4337
-2707
9499
1852
-9776
1810
-5143
967
3137
7747
-4917
7836
-4573
668
1160
830
6777
-9807
-6849
7320
4405
-2398
1471
857
-8737
9141
6121
4546
-4196
7136
208
-8826
4039
-2598
-3753
-273
4192
-3372
-9982
8474
-1511
2281
-4846
2829
-279
7814
3561
6866
9626
7440
-9891
7569
-7759
-199
8105
-6870
-4534
-6082
3846
32
-5371
-9829
-2071
4325
-1737
-5869
6140
-6475
5543
-1619
-7352
-4569
6886
8714
-304
-9206
-5220
8729
6614
8019
-2736
-1582
8514
1224
-1015
-120
7790
8006
-3326
-4383
-6890
-9419
-2113
1069
-8933
-8001
5570
-938
6134
-3049
-9818
4793
-2624
4383
8057
2393
-4926
-2649
2814
1442
-5936
339
-9434
3011
882
2486
8814
2112
6630
-3589
2924
-8020
-3325
-7121
9698
-4027
-2685
2897
7880
6481
7605
6142
5649
-4522
4194
-1935
-5733
2612
1251
8531
-8388
3853
3372
3528
-213
-9527
3260
8582
-1331
-6022
4128
-6180
5686
5840
-8519
1561
9407
1181
-8845
6774
-1455
3957
8086
-6041
6436
907
-2024
-6887
-6531
-1864
-7781
-9943
-8179
-1549
7286
-1578
-4355
-7539
2947
-6076
-6848
6826
8277
-4177
8173
-1814
-8690
-848
4441
7196
1870
9085
300
839
-8477
8577
7267
-716
-2202
7670
815
-2759
-2776
-293
-5918
4849
4037
1368
-5020
-8802
-9907
4020
1006
-1043
3512
-6161
-3890
6339
7877
5394
3609
9023
-6304
3133
-1621
515
4983
-4776
9772
-9393
1093
-7422
5442
-960
4653
4535
-1473
-6082
-4788
-1876
-6196
-7831
4498
7539
779
1789
-9897
-4947
-2736
-594
1906
-9616
143
-2188
8606
-8492
1651
-5928
-4000
-1261
4810
-3506
-4339
2702
-4970
4325
-7757
-5577
-7245
3922
-8233
-6710
7983
-5108
6699
1434
-2831
1974
6842
-9207
-2366
7434
691
-9300
2296
-848
-7709
-7068
-257
-3823
-3107
-4043
-9640
-3803
2403
9402
-1302
-3165
1184
-212
2723
4098
-9286
-234
111
4842
3233
813
-1994
6813
-1117
5044
-4034
-6120
9987
-4756
8177
-4020
-1315
552
898
8664
7415
-1235
-2524
-4365
2931
-2739
3537
-5739
-7074
-1123
-569
-396
-4046
-6592
2007
-1753
-6129
-2842
8360
-1697
8784
-95
-9935
978
-3250
6199
-212
-8666
1582
1619
6809
-2833
4917
-1871
9552
-3275
-4957
1728
9771
-7899
-5038
-6183
-7198
-9031
-1631
4257
6315
-3026
3317
-7565
-1455
643
7880
6804
9145
3386
8006
9391
-8014
-8589
1342
-2602
-9081
-122
1438
2308
5959
-7357
-5488
468
-8990
5743
-4089
7938
7871
5918
-6584
-5030
9215
-9684
-9360
-638
-2673
-7268
5411
-21
-1542
-69
-1268
-8104
-2004
5315
6401
5300
5591
-39
-3333
-4966
9793
5294
1340
-6168
-7420
-6290
9235
6577
-6535
-385
-3208
5843
-8024
-3900
-8158
4363
-2651
-5713
7549
2187
-8952
-6468
-5299
2828
6226
-3375
-1863
-9399
3207
8261
-2502
1994
-3514
-551
9398
-4425
749
-5143
-3650
-245
5572
-4302
3916
-7375
-6261
-276
-6983
2481
-3493
-5536
2024
9211
6371
6446
1551
8314
9610
-5348
8323
-2404
4287
3608
-2807
-1941
6501
8522
7805
-926
-7793
-4142
-4788
4845
-2569
1434
2452
-4107
-7685
9024
9337
-8871
-57
-7117
-8587
291
9253
-100
-1643
-5919
3262
-406
7725
-2672
-3762
1595
-751
8682
382
6570
293
-6396
-2959
7507
-5889
7978
-5030
-1534
359
-4192
-6713
2913
-9194
8265
-7925
7999
-4710
1794
3875
-3979
-1185
-3886
2733
-1505
9828
-881
506
2657
-896
-1741
7446
3605
7514
5917
-4334
-5866
-3929
5601
5779
-8632
1481
618
9835
-87
3604
-1174
-2464
-3761
1765
-9468
6718
7168
7577
5335
8438
-5034
-250
-9435
-8807
-8661
384
-5453
-3300
-1738
2275
5851
3497
2317
6915
-9076
-1027
-6079
9562
1598
5606
4700
-4537
-813
6670
3601
-4679
-4633
-7295
-4579
450
-4025
9389
4475
9910
6227
1952
6395
-6456
-2947
6549
6547
-7221
-7086
6793
-3852
697
-9811
-7778
-2374
6762
-3550
-8411
-627
6128
-7858
-8269
5760
-322
5381
-1552
-6751
697
1934
426
-1482
5010
8198
7188
6735
4012
-8786
-8040
-3226
-9982
-8393
5863
4422
4742
8249
-6452
3536
5871
-3360
6080
1558
-3757
-8640
-4607
-1393
3418
-360
842
-5116
-3822
7335
-3955
-2439
8598
7072
6740
-162
8920
4592
-516
8289
-3379
5726
-2635
4930
-4709
-9633
1187
1788
-1865
-8448
-7270
7844
6961
-6954
1481
-5402
-7971
6495
-9107
-4248
7999
1227
8804
-774
-9091
-1001
-3544
4421
2185
-6438
2073
-8941
5981
2516
9897
874
595
9291
-2085
674
2474
2096
-9277
4805
-8587
-7136
2455
7630
5463
-767
5664
3116
-5133
7038
9160
-6850
-3943
-2632
5829
-328
-727
8464
-6143
7023
-4354
-3300
2845
-6117
5581
-1452
6218
8608
-3607
5238
1542
-3983
-4938
4441
-5843
5038
-4531
9764
8979
4294
-5108
-3239
1283
9516
7514
929
-9362
-4989
1827
972
-7395
3075
805
-7791
2834
-6954
5805
-3859
4509
5857
3523
-11
-986
-4454
7475
8520
-8520
9282
-9992
3807
-6206
-1034
6041
-2458
-4029
4450
-5412
7444
-4804
-9150
-5397
-3184
8031
166
-8130
-7201
1701
1050
9520
4325
-8570
5681
-7697
-3307
9125
-9259
-5301
7377
-7555
-6851
2056
-8640
7569
4703
-124
-2929
-3672
3775
-7861
-7537
7136
7014
7402
-6494
-540
9863
-5559
-9276
-7629
-5035
-7124
-428
-6249
7466
8651
1136
8908
-7841
5346
-8933
-6321
-1355
2390
8292
1666
-2222
7332
7021
-7960
-3496
7014
-8253
-909
8747
9576
-9082
-6548
-1816
-5342
-9528
-167
2767
-6816
-6387
391
-7541
-428
-6490
8712
448
-2159
-6433
-7676
9751
7242
-2956
1040
6707
-438
-5896
1062
6672
8900
-6498
5809
-4107
-8153
-9063
-9884
-1275
6158
7735
7858
-277
-4214
3353
-5515
-2746
-2862
880
9300
-2313
4037
-9711
3745
-2551
2146
9776
-5486
4375
7340
-5441
4067
1943
-3410
3097
-6551
-3102
9763
-6213
-3224
-8199
-7592
5189
-9783
-2858
-7508
-4110
-2301
2049
117
9308
8947
3487
-6013
-6815
-6380
5118
-3593
2317
4543
7869
5188
-7212
-2981
5672
-7898
-9491
-1607
-7430
6795
-7525
-5311
-1260
-7642
8484
-6035
8175
-623
8031
3038
-8591
-7523
-9963
3022
-2761
-205
4745
-8444
-4952
-8561
-7522
-717
3208
-2564
1163
6322
-1646
-9527
8402
646
2657
-9444
-7072
-9067
8451
2405
3798
-575
6914
661
9167
8459
5768
2521
-6703
487
4885
-9313
-6920
-8943
2710
-8843
666
2675
-6077
4611
-999
5267
809
-3833
-4614
-4482
5962
9803
-8893
2454
5088
-6859
2962
8409
-4865
-9451
4174
4906
-6338
1963
-1316
5297
366
-7971
-6690
-6545
9907
-6410
6425
9640
2280
4007
5502
-3598
2675
9277
7245
-4935
-9313
498
-3445
6689
1010
1665
-2998
7408
-7861
2654
-9411
-6542
-5953
-3898
-499
-5561
4693
-7898
2471
9491
9156
8477
-7586
-974
-9198
4989
-5750
9657
-8999
7382
7962
6749
9295
7067
1667
-1419
3886
3454
-2001
1791
1359
6754
-8002
7446
7605
3431
-4123
-9869
-5506
7788
9593
3394
4999
2587
8032
-9094
7675
8025
4750
379
-1235
-8028
4877
3873
-4483
-6055
3538
-8753
-1479
-3333
-8687
6322
-8868
-1844
4393
-8876
-7233
4501
3143
-4066
-3555
6046
1999
1493
5936
5040
3323
7812
-6764
-5978
513
-976
-3512
-4968
-7425
-8167
-8496
6046
-4362
-840
-3598
-8650
8576
8697
-9287
7754
3240
5457
-4107
7311
3398
-2382
-7891
9947
9135
-1396
9949
7798
-2110
-4661
9950
2633
3197
6568
2712
1459
-2687
41
-7421
6940
1860
-3106
1424
-1607
8506
-2247
9023
-3824
5399
-8883
3954
9691
-135
1303
-5897
9202
-5956
3384
-1862
-6316
-8737
3043
2780
-4636
-5104
7405
-3070
-623
-7887
6470
-545
9065
-1590
3260
1836
6791
1449
-3874
-3551
-1392
-2722
-9671
-6257
2933
7878
339
4646
1534
-2463
-5099
-7497
-8356
9336
1870
-2790
-1840
-637
7115
3802
1094
-1191
220
-9202
3471
3435
-2567
5301
-5660
-8810
9714
-4477
-3174
3135
4380
-8881
5540
4017
8984
7028
8889
-7085
-7780
6374
9632
-9579
9705
-5121
-7096
-8217
7041
6849
-9374
-9967
182
-3433
4939
3903
1283
-3952
-1973
-3555
-685
-6031
2701
-9875
-9396
-9696
-9963
-610
-7011
5000
6321
7701
-7638
487
7903
-7454
9778
8323
-150
5320
-5064
3823
3864
-2701
5810
222
5300
-2702
-3667
-6650
-1952
-3089
-3731
9666
998
-9806
3859
9631
4009
-8692
4226
4178
4003
-2659
-8084
7059
1538
-1792
8233
-8381
-7111
8171
7749
2740
8682
-4642
-9422
2356
-5800
6611
-3920
-7190
8403
-1421
-7530
-8444
6649
-2074
-219
764
8573
-4846
-1525
863
-9322
-2335
-9181
4815
-5175
2834
-8409
7542
4775
-9672
3847
-343
-3657
-4250
9574
1285
-7796
9227
-9205
10000
4612
5012
-7453
1217
110
-8647
6327
-484
-632
5691
-3816
-7848
6247
-4382
-2722
-3718
-1991
-5196
-1958
4961
-6504
-1080
-2790
3012
3362
-2916
684
4769
-708
5855
-5415
-9144
5385
-6953
5082
-2637
-4762
391
-7443
-4280
-9327
-6828
7387
-2374
51
8296
-8270
-7281
4485
-563
1551
4992
9530
-7426
2911
8502
4563
113
3706
405
3613
-5700
-8531
-2186
-7507
-6689
9755
6953
-2827
-3541
486
2097
-85
7224
-2461
4388
-8861
6312
4398
7917
-4161
5771
-5301
8775
-4679
-5083
-5912
6689
-4429
6645
7700
7849
3396
-6661
-3255
286
-5777
-9399
-8358
-5890
-2433
5048
-1831
-3513
2204
-5643
-6940
-9970
-4201
-1495
-9583
-7087
6902
-6525
-2864
-3518
-2820
-9313
-1558
3146
2309
2990
655
9616
-8355
-5105
-9984
9543
-5579
-7193
2240
9629
-3464
-5998
-9864
-1176
-7423
-9626
9792
-3160
6861
-5336
6681
-2012
-1557
-1644
6095
4867
-3834
1513
323
8451
38
4619
3383
-9310
-2973
9490
191
9702
-1732
-9184
-7223
-6656
-1261
5429
7121
-3990
7216
-4863
7576
-6768
4658
6886
-4189
7610
-6615
9707
683
6665
-3921
6162
5186
2710
5939
2111
6752
365
-2909
-4867
-3038
-480
-5553
89
4135
6403
-3288
9381
-667
2707
-4162
-865
8958
-1330
-3366
-5206
-8252
2831
2135
-813
-666
715
-2322
-5943
-3415
5286
3322
59
5577
-766
8359
9852
-142
-9331
8128
2977
634
397
2472
-2481
8794
656
-4617
9771
2547
7456
5895
-8022
4002
8578
-914
3540
-6713
4448
1267
8349
4363
-9235
3221
-8282
-678
8823
9736
6673
-7763
-8403
3450
5450
5908
8217
4660
-1958
-931
8207
9202
-2629
-3455
2249
-9747
1053
-6887
-2500
4186
4833
-5535
587
-3652
4014
4633
-695
-2522
4477
-9675
3368
-7927
-6224
2313
4208
-8948
1415
-7918
-1905
8958
1994
1721
4247
-4225
-319
9638
-723
-1823
8326
1359
8819
-9108
-2935
-75
9389
-9583
8661
3515
-1052
4417
-3168
2377
-689
5169
3039
956
1432
-6837
-3823
-3882
4288
-9408
-7109
8794
4014
8714
-5104
2196
577
8606
5036
-4417
-7448
2513
7319
606
-7877
-451
4597
3927
-6134
-7601
7596
4754
-2006
627
4607
-3129
9427
2165
5003
6815
5151
4971
8756
-8565
-1038
623
-7132
967
-8730
3078
3259
-3633
3456
-2621
3221
-601
-1915
657
-1756
-5986
695
5466
-3393
-9513
-7939
-4335
-4735
4776
3980
3616
1361
-6753
-7717
960
5522
-4832
2147
7652
-8158
9780
3341
6538
-3347
-6741
-2006
-216
-1629
520
4287
-8360
2806
-3412
7808
-5201
-7831
-3259
-6754
-5199
4489
1000
2914
8028
-4783
5255
4757
-2420
644
2124
5406
8858
2106
9940
-6344
-1865
-7882
-4554
-732
6251
-2422
4956
9834
-6531
-6946
3178
-5781
-1620
5278
-2923
-1717
6074
-4767
-5206
6408
-5003
-8093
7587
6052
8905
4824
-2054
-2307
5685
-2424
3033
-9961
-9413
-6697
-1727
2793
9176
-1183
-5923
6512
-2187
-4930
1603
2175
7756
3091
-6980
-161
4857
-9062
-7816
6486
2306
976
1663
2314
4686
-2905
-4596
-326
4013
-4028
6682
-87
-3474
-989
7962
-272
6675
1534
-3432
-8718
5157
7853
-8563
5565
-4334
161
6299
-8167
6424
-6542
-560
-3791
-8723
2993
-9068
8524
3199
8997
-9946
9269
1354
-8024
6205
5391
377
271
-7197
8700
-8493
-6880
5017
8439
-529
-1983
-3712
-4093
3800
3618
-4483
-7189
-9135
-8685
-8205
8332
471
-3028
4986
8685
-3848
1795
-9829
8154
-8059
-2517
5430
-5093
1781
7389
-356
8081
-8461
8057
5368
3669
-6744
-9144
6740
9790
-9116
-6252
-7582
-8308
2405
-1819
5848
-3939
-2245
-8680
2676
4029
8758
6376
7053
8715
-3396
3896
9424
4032
8185
6491
2214
2751
-6583
-3720
6485
6195
7489
6489
-2580
-760
-6702
-4127
5076
-7340
1053
6853
-756
-1461
9745
1001
2509
-1520
-5115
8698
2030
9199
-4717
2251
2431
706
6409
-8625
8263
-2858
9316
2713
-6330
-1716
-6291
7424
5579
-3489
462
-6389
2504
6974
-8522
-485
-2185
9942
-3333
719
-1779
8956
2171
4433
-6120
-163
9094
285
-3959
3370
-4217
9296
-8515
-4973
9885
9021
-7865
-3654
-5973
-7756
5468
-7755
8738
5128
-1064
900
-44
7128
4484
1284
-4792
-3958
-5976
5390
1398
-1507
-6101
2985
-2185
-3814
-1684
-8872
8328
-4761
-5108
-2108
6520
5384
6777
5652
9157
-8408
-5265
5708
-3829
-4364
9900
6271
9080
5827
5752
-8778
1195
-43
-4725
9410
-6039
-4359
-3137
333
8284
-8598
-6255
-3831
5878
6985
8833
-4960
1461
3202
-4345
1149
-3727
7668
-7229
1631
6584
2797
7301
2955
-5156
1927
-461
3103
9076
3547
-4076
2521
2404
-310
1617
9277
-2595
-3620
1299
8331
6828
6810
1060
3509
7755
-179
-657
297
-14
-6409
-9402
-6655
-9549
4651
7894
-4202
1571
9212
-9708
-8574
-9286
-7485
6146
3715
-9927
-9121
-6702
2756
-8770
-8734
7198
-6491
-4407
3087
-8463
5676
-1880
7185
-7994
1722
-3248
8931
201
-6926
-4052
-5287
1737
9397
9096
3195
-8363
-3785
-3756
-2657
3717
-1975
-3705
-6486
1140
8506
1819
2291
8250
-5018
9942
-1582
8289
2527
7774
-7859
-4265
-1958
6617
-6884
-2669
9213
-6572
-4282
-8202
-7285
-9037
-6689
-1381
-1875
8264
-6283
6973
8703
5150
-3948
8655
6940
1400
-6576
-9760
-2877
-8232
-394
303
-4744
-3211
4930
6569
-8022
-2142
-2975
-2037
-2070
7094
-2208
-9816
-2392
-6901
-9910
-8764
8338
2164
1626
6831
8987
8317
-5550
2037
-8010
1249
-3192
6640
5852
9793
9362
-6207
1042
9921
9492
-6411
-9102
-1018
1191
-451
-2417
3892
-2038
-7972
-1522
4534
-5325
-7347
-6614
-5558
6042
5982
-6435
6684
6230
3218
467
3573
-6683
-7731
3639
-7875
8892
3216
-3968
-3191
6163
5115
6290
-144
5797
1054
1603
-686
2011
-4377
8284
-1333
-3303
-4689
-6919
-8705
-236
-5983
6015
5170
-1548
-625
-4857
-5732
-2971
8508
5407
-2577
685
9300
-705
7827
4830
5879
-9932
-7845
6521
-3170
8116
3542
4988
789
7522
5189
-4866
7948
-3619
7593
9339
-6621
759
1952
5645
-3647
-2026
5058
-7046
-6394
-9893
6855
7287
4405
-4306
-9460
9378
7045
9326
4607
-3923
-4192
1004
-5925
-1945
8203
-9042
1124
-7188
-4413
4971
8118
9633
-1873
6217
1625
-2665
-8367
-2650
-1141
9960
5393
-7472
5892
986
-1039
2289
9132
7178
-9651
2915
-129
-3559
1997
1833
5329
282
-1281
-7586
-113
-8602
-842
-1102
-9283
-3843
8212
-6722
-4243
5179
-9766
7035
339
-4871
4071
7235
2172
-378
-7350
4845
3708
-861
-7672
6042
6374
-7342
-202
4607
-6098
1878
2232
7903
9287
2350
9944
2840
5042
3810
1493
4912
-1795
6711
-4359
6188
-3909
1748
7672
-1966
-6093
-1065
3276
7396
-6938
-2920
-4741
7522
9707
4811
-2941
7792
-8192
9720
4326
-2061
-5120
-5667
1103
-310
-5288
-421
2110
-258
-1184
3326
5873
6965
-885
5965
8681
-7856
1752
1596
-2254
-107
-4249
-8595
2464
-8262
3866
9893
-4848
985
-3708
2075
-9738
-2196
431
9059
-1441
5421
-2014
9129
-4191
6685
-6905
-2441
-6003
1115
8582
5276
2130
4351
-8086
7183
1695
5787
-1965
7589
-3261
-4466
-1811
6920
-9991
-5966
-906
-349
-7173
5303
-5544
-3681
-1078
1396
5071
6962
7277
-3882
3114
-3099
-1985
-8400
4168
8875
9970
3365
2790
3536
-1837
3737
-8201
3079
-8819
-8432
-9204
1808
4303
4025
-593
4283
-6116
1805
49
-5625
-2364
-6372
-2294
-4494
2748
7474
8131
7588
8096
-9443
3855
-7008
4729
-6008
-8995
-1749
-7523
-8364
7790
-541
-4651
-5480
8331
-3058
1950
3657
-7812
-3192
52
-4673
-9417
9151
-9885
-2954
5702
-5679
3490
1113
-4978
49
7784
7647
-2100
-5999
1029
-112
-7889
-2726
-9896
5170
-8718
-4366
7663
7315
-2011
-5354
1669
3260
-3852
4503
-5551
6996
-7997
4154
8816
9294
4277
-654
-4884
-4481
-1054
-337
-2318
-7566
-1238
4618
-6881
-8792
930
-2438
7113
-8164
-6135
737
9694
-4496
-4007
5638
9514
772
601
-716
7496
-2753
-7095
4803
4180
-9987
3095
-7047
-5594
4733
-5250
1932
4845
3135
-9177
6673
-4972
4505
-8471
1629
-7936
6074
-1925
9020
447
2983
-2193
-1560
-215
1376
6412
-2506
-9814
7831
-9663
-8026
6424
8281
-8301
-4300
7400
2087
-4946
-9512
-3184
4226
1588
8598
-8987
-1156
-512
2937
4668
8473
-3821
-8963
7257
5109
5368
1806
5675
-897
2985
5833
1300
4973
-5174
-2873
-7615
-721
-1052
-75
-9522
8647
-4860
-69
-6623
-5814
-9896
-5589
-9033
-4436
2127
-2541
-1336
-4479
3401
-894
-1075
7720
9912
2336
-8547
9132
3866
-2041
-1317
-1956
6191
4819
5377
-4660
300
-8594
-1654
-5785
-5165
3077
4340
-1364
9821
-9605
-7971
-5622
8585
8288
-8481
-6001
9156
-5071
3431
-9949
249
1321
3399
-2260
6594
5385
-3079
-2619
1608
8508
-7002
9402
-3594
-780
1864
-6132
9803
8387
3585
1270
5729
3636
4766
9725
-3499
9570
9630
7656
-7781
556
-2364
-7705
-2043
6932
-1981
-298
-6417
9809
1770
3573
3186
-9804
-2484
-5206
-1030
-3639
1422
1089
-287
-2633
6429
6034
-2565
-5085
9900
-8502
7574
1496
-8035
8574
-9807
-902
-4818
-5929
1664
-5288
2917
-119
5030
1124
-6040
-5441
4195
2754
-7674
-4894
-9060
489
-8641
-2611
3970
5514
-2154
-5249
6388
4600
-2123
-1976
5106
-9479
-9318
-1153
-8772
-18
4640
6546
883
-8717
-9064
-8940
-2359
7287
5640
7770
3629
7726
-2521
-4726
-6287
-3838
-9516
4739
-463
-9936
4624
-4808
8416
-1192
1672
-3571
4063
-945
-5472
-5038
-921
9194
-6247
7887
5802
-1208
695
-4093
5122
-5883
-9899
-6031
-909
-5266
1578
9748
-2484
-212
-1869
-4219
-1996
-1068
-6677
213
6309
-5256
4353
9606
-9960
5288
-6758
-8451
7757
6855
4732
547
-8590
2739
9076
-417
1128
6503
-9510
1247
9253
6046
-1977
8709
-3817
-2633
-8602
3595
-8169
3978
1813
9569
9087
5614
-777
5315
5161
-5446
853
-9970
9265
-9128
8539
6219
-2045
-6249
2353
5450
5618
1525
-9868
-1057
-4503
8022
-1768
-2801
1082
-3570
6858
-6327
-3803
3471
-4798
5472
5296
149
8259
5837
2451
-4282
6856
856
-4339
-7710
9688
-7483
9840
-3655
-1211
9910
-7556
-128
6325
4040
-8989
5539
6573
1132
8103
-3594
-1939
6575
8867
-6217
-9293
-6799
-6132
3971
8262
-2401
-2939
1109
-3739
-4786
-8824
5589
-4399
3389
-4317
8070
-2027
-5888
9560
-7815
4623
-7399
-2173
-7425
-5006
-6251
-5631
6463
-2940
-6466
-522
7305
2237
2195
-2278
28
8987
4011
-4803
4733
-4147
-2121
3055
-5954
7763
8663
8937
7285
7440
6109
8332
-3863
7127
9552
-796
-5507
-3545
-5799
4041
-6039
1426
-8650
-8035
20
352
-3532
-3996
572
-7776
902
9868
-2024
4006
8808
210
3258
-3065
2250
8222
-734
3638
5187
-210
5379
7342
-184
-1261
-609
-7012
-4509
3541
5486
5545
5027
3693
4051
1465
1786
1953
-6323
3705
8873
2220
-8477
5906
556
-4889
3514
-2977
9735
8072
-8315
8307
-5647
1755
-5313
5773
-9011
-8589
881
-2944
-8848
3420
-7082
-4452
-7376
-6975
1608
6870
-3860
-1347
8728
-8009
-9997
-9526
2419
5913
363
-1809
3026
4034
3078
-3107
5287
-5245
-3615
-6035
1252
8586
5833
-3598
-2464
7566
8613
-8714
-2114
-5808
5602
8025
-4263
-1809
5708
8704
-2131
-6657
8856
6451
-9923
7244
-2991
4628
8712
9222
1656
6142
-3521
9041
-9469
-4825
1916
6629
-5665
1299
9461
-4144
-6834
295
8197
-7388
-6114
3293
9150
2651
-214
1553
6427
-2631
-2690
-4153
3222
1235
1965
-2964
-4721
9240
7919
9256
3670
-6213
3973
-4516
-1500
-1307
3249
1680
4072
1198
8067
-7966
-5383
4853
-444
8082
-4247
-157
6836
-195
5182
7160
-7294
2795
2755
3234
5916
1729
3526
2168
5372
-1919
7877
-3967
6416
7910
603
9465
1044
3054
4245
-8799
9381
-5573
-1893
401
1075
-7688
-2496
-3343
-5236
-5652
482
-2032
9328
4608
-9546
-9112
4512
5883
-4033
-9518
-7083
-3238
1633
-8201
-194
-3027
5274
-9380
495
-7271
-7074
1650
3722
9669
-3910
690
4481
7150
-1142
5407
359
-729
-6023
6103
-5219
8345
8530
8243
3569
9887
2694
4451
3946
4484
-9271
-960
9152
-7364
5859
3096
-3035
570
8609
1110
2864
-1585
2588
9036
-1546
1508
9365
-6117
3414
-6903
675
1479
5202
4381
3191
4987
-8098
-7139
9436
1999
-4380
-2712
488
9749
-44
9791
3211
330
2994
13
-234
9944
2189
-7682
-8351
-4206
8647
-6905
-1691
-8798
-6045
3564
116
6650
4176
5590
-8737
-7975
2985
-855
-2587
-5387
2027
-4105
-9175
-7943
4799
-3928
3005
7851
7305
5274
-641
-1068
2625
7891
3819
7037
5645
-2794
29
-6831
3582
5869
2434
-7936
-6194
-198
-4627
6260
-7048
2443
3309
-9787
-7173
-2893
-9008
-5844
-9131
-4118
4696
5648
55
7002
3132
8083
-1142
7553
8576
-2750
3430
-2149
3423
-9629
-3838
-5594
8706
3799
-9331
1440
-9629
9641
-7015
198
-4744
5036
890
-6388
9772
2563
-5684
380
3099
-4133
9106
-6
8365
6962
9778
1440
9536
-1571
6194
-6623
-3481
1893
921
-2385
515
-5219
-5431
5210
1596
-7703
-4044
9999
-6482
8415
-3684
6317
-1464
-126
5508
463
6092
9290
-1625
-8705
2107
2383
-9637
4992
1792
-3837
5738
5147
-7558
-7425
2227
-751
-404
1969
9035
-8208
-9346
-9562
-7022
8035
9328
4533
4515
8305
-35
-1613
8163
4072
-1661
-2979
-7891
4731
-5444
-9783
7342
5444
-9797
-8763
-11
7109
2040
4495
5445
-89
7006
7650
9148
-8265
7940
4942
1994
-367
-4646
3322
-7625
3863
-5932
1304
-7366
-4104
1110
2122
-6906
-2693
3044
-807
6638
-8912
-1124
9314
-629
5718
966
-8056
4843
4614
1643
-5697
2275
2551
8189
-2595
-4622
5696
4328
1486
7902
8998
-9942
9231
9686
2928
8925
-142
5971
-1464
-1263
-868
-5462
-5407
-9669
5687
-1168
3177
-7834
-4106
2780
-2132
-3329
-6194
8150
-4111
7172
622
3205
9300
9886
1410
-2942
-9459
-9668
7961
-6562
9947
2012
-9601
8598
-6389
9011
-1747
5031
-9662
-3353
3888
-2824
-6725
5320
-9242
8451
-9134
-1052
-7408
-319
3499
809
-5343
4846
-2102
2778
-1088
8639
-4993
-1068
-2545
-6589
4602
7037
-4046
-1392
-3309
1381
4960
3721
-5722
7001
-7657
6559
-2942
-9210
-4938
9668
545
3259
-3975
-6921
6179
-7411
-5248
9180
1883
-1422
5136
-5547
-7758
8840
-738
-4093
-811
-1137
-6419
2248
-1443
-3953
-6054
7237
1835
9743
-3185
6520
-6019
1383
-4409
-4898
-1029
-7374
-3879
-4009
1281
-2763
7764
-4028
1209
-3269
6131
-7091
2416
-2549
222
-617
-8565
-1830
-168
-6898
-2643
9552
6530
9283
4041
176
2095
7598
5093
-7047
6763
-4898
-9076
-1865
-5278
-6147
8913
1040
2122
-3624
3421
1189
5844
-4727
2696
-4167
-7824
9785
-3463
-6296
-3078
3556
9289
-1296
6080
-5916
-7410
29
-578
-4415
3648
1711
-2375
4415
3151
9068
3973
6806
-1128
-2969
-4688
-3509
-1550
3798
3775
3110
6311
-2726
8622
-7929
838
-140
-636
-4011
1889
-2217
-9127
7943
-6481
-1400
-7833
-5143
-9681
8558
-7557
6733
174
7265
9820
-6599
1955
4526
3694
4964
-6980
-5989
-6396
-6129
3599
7489
-3860
-48
5778
8246
-3037
-176
3952
6144
1528
6624
5705
2333
-6724
8051
7056
-7778
-1794
5259
-5953
5618
-3301
41
-4363
803
-3675
-248
9539
-728
-2262
9244
-5783
-1979
1995
-5100
-9102
-778
-7651
-26
4529
-7847
8604
1442
7450
-9698
6812
-8170
-371
-4197
-5493
-7984
-1757
5414
-1292
-5369
-6070
-7640
-4581
-8563
-2647
885
4934
-3095
980
-2281
-8163
4719
-8373
-2247
-5901
6934
-6294
868
-3936
4692
3750
8431
1090
-3993
6232
8699
-6610
2610
1307
3563
-5409
-1487
9694
-3867
-5961
-6739
156
-510
3852
3501
-5826
2101
-79
-6186
-1624
2840
-5918
-1193
-609
4956
-7516
3233
1061
-6326
-922
198
371
-4886
-9452
-4127
-6103
1158
6140
4604
-3936
-9608
1257
-9495
-566
-5873
7301
5368
-8233
-3560
6177
-9039
-2968
9360
2345
-8131
-6123
-80
-4531
-446
2502
-9584
-4189
3243
5321
6495
-7659
8520
1355
8797
-6080
-4449
-2037
8439
1044
-4900
3311
-4627
-4279
-8168
4639
5872
-1635
-3688
3030
4315
-4915
-717
-7542
-9662
-1507
-255
4006
-625
-6818
-3391
1603
399
5843
8578
8701
-4094
-5473
3167
1647
-4309
5807
-9559
8499
2065
3843
2308
6568
-2721
6736
202
-9441
-483
4201
-3988
9932
3467
-9522
5744
-5459
1213
6505
-5319
5426
8469
-1384
3088
9247
7503
-1859
2627
-6087
7325
-8482
1283
2868
5822
2889
-4477
-5060
2983
-4314
516
7763
-4616
-8559
5126
5877
-2263
-5412
-1672
1029
1205
-242
-1640
-3952
1280
9591
8458
2601
-3834
-3888
-4987
8854
-2435
3637
-8550
3422
-7070
5216
2749
4400
-1029
3078
-1645
5413
-582
-5947
-9487
-7206
-6608
-5443
-6289
8441
-4653
1092
2716
-6322
-5556
106
-3871
1444
-8781
7011
2077
-2897
9911
-8588
463
8054
-3698
9629
-8081
-5120
-9889
-9310
3367
5259
-5440
1746
-7060
5055
6015
4702
-4484
-4931
8654
9349
5915
2114
-8799
5710
-8655
2515
-9468
-2725
4116
1213
7664
5779
-8106
-6762
3071
-3270
2040
-4103
4454
-9942
-1142
-4592
-2179
1609
7923
-5720
9960
8757
-302
-1085
-5060
8835
-1773
7336
-5881
-843
1792
-1143
-1464
-1404
7913
8072
3863
-124
9504
9817
-4944
2895
-4358
7451
-5845
-2025
4892
6106
-6251
2126
2426
3614
6176
8742
4215
-2501
4337
1061
5043
-223
6223
-7556
-1162
-750
7949
-7200
-3586
9132
2245
1621
-4725
4816
1130
-3309
-8225
-660
2236
-9133
-9262
9780
-8892
-178
5171
-7344
-7787
-8402
-2496
-6488
6325
2975
4445
8909
5440
1772
5345
-9987
6962
-7510
-9152
-7599
9590
-929
-563
3655
9605
-3087
4323
-3377
4439
3225
4054
6228
4868
5884
3091
9027
-7680
-2426
-889
-9775
-3099
-7969
-4991
9356
-3963
-8868
-5913
5390
-2529
3754
8210
4957
-9995
5367
-9412
7962
-5421
9813
-8778
6614
1986
-6073
9252
2498
4390
-9171
-4948
-1309
7431
3400
764
-9123
-4532
3351
-426
-8585
-6592
-2563
-3608
-2149
5466
-9093
-8738
-964
-7716
-2899
-9825
-5939
2710
7937
232
-2271
-2663
-9460
6735
-2214
3709
498
-3357
-2342
6411
-7115
-9557
-8094
-3654
-1956
9511
-1545
1138
-1611
3698
5847
6258
-5922
-9630
-7362
3785
-7108
152
-9390
-4825
2137
2249
4585
1555
-5293
2718
-7489
-9713
-675
3557
-9364
-2118
-5575
-8546
7454
469
-4584
-3480
-1945
5553
-5589
8806
-6355
7431
2692
4767
5491
6399
8229
-8760
3339
258
-2004
5232
8060
-1181
-7433
-1147
329
-1429
-2954
9591
4362
-3920
7967
6405
-2061
6027
4719
-1213
-9939
-1999
-6900
300
798
-8200
4552
-3439
724
-5339
7532
-24
9171
-3165
-3231
5750
-5505
7292
2690
9804
8718
-1139
1226
7425
2040
1818
9345
7640
2174
-7057
-3408
-3488
-3868
5956
-4969
-226
-1658
5666
6318
-9873
-7460
-3779
-8684
-7033
9441
-6951
9681
-784
-8953
509
-6725
5498
7463
-3646
-7782
365
-5735
-562
-4687
-408
-3000
2808
-9401
7050
1490
2109
1989
-821
-2587
681
-2585
6598
438
-6403
-9296
5449
8508
-5437
-799
5118
-3387
-3590
898
4413
-4043
-7621
2818
-6497
9750
951
1489
-7584
-5941
7398
-7032
3996
-7930
7318
-7460
-8630
7265
4282
-2217
-7357
2478
-9354
3501
1558
6134
-2701
-9478
3451
-8093
-5156
7706
9723
970
-813
1906
-4157
-4427
-1298
-4328
-3330
8339
4640
-503
-4151
3513
-7241
9721
2862
-5033
8775
-8667
-25
5853
7749
1298
8604
7802
-8615
5618
3096
-1242
-193
-4102
9093
7680
-2668
8408
4287
-8569
3617
-2382
2790
-1029
-324
1315
-1903
-5660
-9582
-8296
-3659
8468
-3083
1857
-3409
4190
-9854
5299
-5675
-8773
3988
-5894
2678
7769
-9533
-4858
-55
5634
6506
3722
9775
9311
7247
6583
-2677
-7028
6057
1324
4474
3143
2449
9242
-8920
2541
1552
-9323
-7639
8371
-1502
-2743
8379
-4683
-4587
-2675
7223
-7076
3565
-5632
1413
1880
1889
6050
1334
5032
-398
6579
6297
-8418
-3813
-9172
-4815
4257
-6117
-6920
-7706
4130
1968
-1454
-9805
-2835
5774
-2147
-3662
-6262
4420
1612
-6338
-4385
-847
3674
4158
3974
3213
-6058
8938
3159
-4553
1175
-4319
9065
-9733
5934
9984
9891
2509
-4413
8982
9570
-1123
-6809
-7242
-2565
291
3266
1841
-5840
8331
-8237
5901
1101
1312
-7231
-9475
-435
7027
-7243
-6339
5368
5548
-6719
9436
-5840
6651
9376
-8370
-2018
7044
3547
-6284
2537
9728
1220
-4843
-9062
7817
3545
-6367
-8368
-4098
-5379
4208
-57
-829
3940
8694
3201
-3739
6514
2608
2911
-5901
2140
-1151
1996
-1438
9273
-6403
1606
3510
-1408
-6650
721
8591
2946
-9863
6175
8588
522
-5398
6578
-4651
191
-5827
-3969
-5867
9305
4352
-9847
5734
2842
3804
988
4645
3484
8293
3168
2921
8133
1724
-5194
-7364
-3503
-2782
-1179
595
3761
-9784
3530
-6280
-8021
6221
9623
8412
-6135
3956
-3573
-9755
-3818
2505
6728
5404
-5282
-5096
165
8399
3965
-2503
5540
5018
9357
1861
-3443
-6071
-2430
-8388
749
656
-3102
-5984
-6169
168
-9442
8478
9433
8442
3744
-9734
2519
-4239
-5453
-9056
1524
-4514
-6022
-8588
1575
8717
4313
-13
-5366
-383
629
-735
-1838
5164
1937
-6495
9139
8661
-6959
-5893
-4516
-1872
9657
4437
6448
-2998
-2401
497
-9923
1985
291
5485
-5273
2037
9550
5691
-2819
4982
6616
5347
-7921
8585
2988
-8610
-2983
9323
-3227
6747
-2130
-9951
-6597
6489
-6924
8338
-7921
952
2255
-6123
8444
8585
-4077
-9557
-3143
-8562
7012
-8000
-4814
-8010
2088
-5850
-2462
710
5624
3444
159
2567
8593
-3308
2862
1786
-9619
830
8828
-344
-7430
-8374
-3346
-5909
2813
-1492
-3473
-4492
798
1790
7802
-3433
-2141
-1683
-5823
5541
-7705
1499
-7373
4125
-6493
-1387
7127
-5276
-5580
1366
4437
-342
9456
7050
8689
-380
47
-583
-2690
2267
145
-9195
-7008
-5101
-1542
1855
9821
-474
-3190
506
-429
2266
-7316
-2858
-3540
-684
-2368
7653
4901
1644
8804
7201
8347
1811
7361
-495
8241
4886
9103
-6627
2783
9368
6574
8048
-3545
-8286
290
-1700
-7546
-2633
5013
-2464
2006
4013
-767
1505
6793
2487
7883
-4237
-1375
-8609
-349
-9054
-8285
-1619
3035
217
-1742
-3274
-4635
4356
3823
8696
1837
-9222
7212
-8508
2355
6774
9834
8470
-269
-4240
5778
2678
-4186
-7364
-3484
-3778
-8850
1477
-5514
2460
6682
1433
-5978
330
-16
-7485
-3520
4843
-9337
-2474
-741
1412
1492
-4699
-36
1802
-913
-2856
9812
2604
7551
1915
5588
-7481
1588
-5390
5465
-8958
8072
5477
-3922
5894
3735
6260
-3320
4503
4999
742
-1362
-6077
7025
7280
-934
3165
-9963
2728
7172
-5201
-5168
-7494
-6825
-2454
-2056
9706
-8187
-3607
7631
-6762
-3827
8007
-4199
6905
2582
276
-5598
-6177
-6455
-1357
-1379
4408
-6065
-3690
-1447
6641
495
7456
3415
9940
-7741
5593
6294
-4754
-2625
6836
5974
-9554
3557
-4726
4047
8414
-786
1978
3598
-1009
9180
-9375
-9294
499
-977
2925
-8927
-8641
-2033
-5271
4786
9926
-5240
7624
-4705
9568
1512
2614
7343
-4696
-5026
-4311
-2851
5128
5140
-6410
-5032
3129
-8339
-3325
7702
-9043
3174
-1460
3464
-7768
866
-7744
4835
1019
-2368
4088
7110
5824
9933
-8962
2973
-2891
-2896
5693
-1722
1759
-1504
-1579
2103
1970
-7603
3453
2932
5560
6671
-4485
309
-4104
-3721
4750
-999
9576
6214
1533
9966
-211
6803
2200
8279
-261
7460
-7383
5197
623
6140
6508
2963
7452
2234
1757
8196
-4790
3978
-9680
-2647
-236
-7698
2660
655
-2119
1196
-1074
8158
-5899
-4253
-2795
-4142
3140
-4622
-5554
-4385
-3319
-5475
7024
-5651
-3541
1389
3444
1416
-21
-4986
9298
6399
975
-207
-2627
-5452
-7723
2775
8640
1993
3838
6961
-1617
5835
9247
-4248
8158
-7112
8345
-2553
1307
-7897
2954
5589
-6192
4394
4414
3765
2168
-1962
3680
5378
-8803
-9511
6095
1561
5237
-4740
-5852
-9377
8795
7664
1541
-835
-6637
3925
-5806
5567
1584
-1101
-8340
2371
-1481
716
2480
-863
-8376
804
-5208
6481
5399
6650
63
-5113
3965
-2004
-2678
3209
34
-1769
2493
-2682
3958
-9287
-6703
2144
-170
5
977
7040
-5256
2633
-9270
-1440
-6831
66
-30
-1130
-6825
4668
4181
-8482
-1884
-4390
7249
-70
8419
5065
-8622
-4658
-8359
-8027
-272
2237
-1539
348
1721
-6707
-487
-3929
7960
-2609
-472
-8898
8922
4244
7390
-2050
110
3949
3529
49
-4290
-5894
9333
-7089
5534
-7957
7992
7866
-3423
-8011
-6032
-5210
998
1511
5809
4884
-860
-1907
-8367
-1431
9482
5882
-40
3775
2683
4477
8743
-6350
6825
-9046
-131
727
-7311
-1183
-3645
-3992
-1731
6580
-7178
8019
-2423
-8241
-7998
5140
-2213
-1188
3893
-7094
-9742
1319
5492
6189
-3579
3977
-1165
2940
-7358
5417
-7331
1674
5761
1997
-4946
9926
-9411
-3314
3105
-3888
-3622
-6650
9349
-8204
9738
2431
5008
4094
3747
2633
-4738
-8656
-1549
4255
-7715
5740
8951
901
7465
4651
1011
6580
-5149
7469
8246
7787
2211
5483
-2059
2247
2552
-9545
-6319
2525
7903
103
-8259
-5578
-9518
7020
1183
448
940
2164
9
9907
-1246
-4317
9816
1850
1939
-9088
-5130
6371
9667
-1672
-7581
-7513
-9980
-1930
8554
-3929
9163
6110
-6730
49
-960
2866
3048
-533
-1599
5901
4069
2973
-1162
4870
-1464
-8954
-7820
-6238
-8550
5101
8885
-1338
2198
-6155
-9617
4344
4720
3779
-9724
4128
-5690
1760
-8154
8836
1548
2161
-6145
-6214
8841
-7015
5410
-4671
3534
6758
-6807
1963
-3143
-8314
6675
-1590
9990
-9312
-2903
1037
-736
-3445
622
-8585
-7602
7146
-8897
-4395
668
1035
-9319
-4392
594
-8066
-6828
5735
-2722
-9582
-6211
-517
-3105
9831
-2879
4598
1788
-7606
-9321
7717
-2631
2319
497
2076
-2851
8184
5735
-6648
6934
-3665
901
-3544
7938
-8268
1253
-9302
-5763
6226
-9610
-2729
7642
-554
3326
2261
-3098
9082
-1315
7056
-425
6179
907
-7197
8878
2827
7781
-4474
-8267
121
-7744
-8148
1015
-1892
-7803
-1086
-2510
3143
-6899
1787
-5702
7583
-5566
-2505
9146
784
661
-4156
-6855
-3857
9515
-592
4479
-9553
5164
-9309
9799
-9888
7260
1391
7488
-5404
-9052
-5956
2636
8752
6965
7280
-4122
403
4243
-5081
5874
2219
-1270
-5231
9166
-3247
-6203
3925
4992
3921
-2957
7843
-6212
-3487
-7269
7384
2538
-2289
-4385
-5923
210
-860
-518
974
-6462
-455
-2741
-8033
2346
5197
-3890
7979
60
-5325
-9268
938
-2876
4210
9052
-7260
-669
6340
-6631
6923
8351
2566
9957
-8549
4732
5998
6838
-9984
-8141
-2720
-7736
-9511
-8704
-123
6054
73
-113
5402
1619
113
-4880
-1396
-2729
-2873
9749
-6426
161
5850
-5
-1463
-6301
6570
2632
8218
7416
4471
-7520
8546
1967
-4584
8560
-8520
-5469
9910
-9037
1969
8396
-3371
2840
1432
-430
2774
-541
-3353
-5738
4954
-9510
8921
-2686
4021
9591
-7468
2591
-2816
-4653
5436
-6553
6178
-5343
-1347
7634
5880
-2743
1290
9345
7225
-6916
-4609
-9374
7699
9526
7396
-7164
-4462
-8437
-3319
5332
-6936
-1528
3084
-6482
9232
-2867
2444
4501
-4190
-8191
5168
409
-7884
3776
-3908
4522
1053
-8487
249
-7518
-3996
-6441
-8588
3790
8341
-4511
9840
-4455
9864
3951
-4284
16
907
-358
9928
7802
2644
-3056
8885
8502
-7759
-6307
-314
3989
6069
4763
-1599
8186
-6540
606
1746
6513
4534
-3775
9814
-2946
-9605
-3268
-7652
8501
7571
9574
-1281
7966
-7094
1933
-6788
-3643
6453
-5221
2326
-1176
-5994
4978
-9433
-3005
2664
-3679
-725
-2343
-7454
6262
-3472
-6359
-2331
2256
6507
-6217
6686
2194
-6307
1750
3383
7274
-4366
7160
2265
3232
-8243
-2956
6543
-7827
6271
-2808
977
-5511
3464
9804
-6271
-1247
2540
6979
8340
-9499
-5135
7962
-3995
-3241
624
-6457
8505
-6429
-6
5360
2729
7870
7913
1690
-2612
-1891
-8211
-6788
7940
3414
160
3019
9307
-416
-7719
5800
2192
6219
2417
-8685
1322
-1651
5714
-2655
9678
9002
-2799
-6942
-4199
1215
2528
4865
7407
-949
3669
9777
3548
8983
-438
-2766
1009
-1987
1405
8227
-1053
-5713
-8964
-7246
-8507
3393
7582
-6586
-2225
6474
8568
8977
7441
6810
4224
-6945
2044
-2823
-5939
-5846
3326
2021
2334
7641
-2223
7830
-1368
-7316
-3979
6621
3308
6848
4471
3232
-6319
-6690
1760
8598
8111
-5389
-6254
2718
-2538
4363
-8571
-869
-9912
7553
-2410
2578
-6987
575
4129
3485
6178
-7436
-4386
-9783
-1399
2393
-1997
-2130
8692
9113
-4930
-5366
4870
-4951
9384
-5966
5055
9548
9760
-6605
264
4298
-8866
-3467
5388
-9237
9563
-81
-5008
3601
1803
5386
8834
-3547
1686
-2094
-523
6809
-2736
-6570
-2130
9287
4134
3909
-1756
-3891
-9762
-2478
-3362
1838
7113
-6653
3102
-9358
5492
887
-3449
-8209
5607
-8771
4763
262
-8831
9715
3650
-2164
9217
4414
8799
-3286
-1254
-201
-7601
-9430
8853
-1226
-482
-2374
3928
7631
5720
634
-4919
6488
-5076
9293
2712
-429
-3284
-8822
8980
-921
-9409
-4958
6124
-831
-7127
-3919
3287
-6385
5357
-8573
-11
6133
-6044
-9907
2494
-8800
-4666
9997
-111
8996
2614
-2917
6049
-513
-7505
-6601
-7683
-9885
2176
-6273
-1015
-1583
3226
-5803
7839
8230
-4932
-2333
-3214
-2201
-2461
-8020
-7456
7827
6921
-3808
1977
-7182
-3343
5930
-2833
-6841
5176
-259
-2980
-1041
-28
8037
1585
4884
-4075
-8440
-897
8337
9376
-9983
-2905
2684
-2590
5573
4022
-8898
3860
9933
-7357
2495
3309
-1932
-831
-8521
-3975
-1535
1435
-4749
-2299
-1836
-7758
-8555
3929
-1471
-7458
-7183
-8444
-6894
4498
-1100
2129
-4136
3869
913
6503
-5554
-6524
5032
8542
3098
-5323
-1314
4071
6787
-8014
4162
109
-4494
9748
2223
3420
-8098
-6081
-9991
-9539
-522
-8601
-8725
-1722
5522
-4909
8149
4999
-7018
9199
6010
1840
-1439
2272
-9656
9002
5703
-1942
-9880
766
-4930
3431
-4900
9839
8615
-2019
3639
8631
1394
-9094
-4427
6684
2126
2136
-7554
-6439
2630
-3493
-3765
-9061
-8674
-588
4303
5233
2968
-8798
493
-5884
-5412
8972
-1044
8465
3432
-6038
529
-7863
-3685
-9896
-3273
9249
-7912
6437
2999
7349
4747
-506
-6412
-5054
5790
-8390
3347
5480
6799
-3946
-7404
-2189
-8308
6843
5572
-215
9550
9493
3735
4619
9943
-8630
-9017
4386
6106
2437
-470
6054
-5702
-1910
7060
3281
-8821
5242
-7718
2973
7631
-6387
8788
-6601
5932
2874
-9414
9103
296
2480
1025
-3623
-2972
-6550
-299
-878
1167
-2446
1438
-8583
-6374
3401
310
5363
7470
-3567
-3810
-4538
-7665
8949
6047
4845
-792
2462
5223
-8686
122
1467
8554
-3129
-7126
4512
9707
259
9658
-2237
3675
1425
534
775
1666
4890
-5637
520
-995
1128
4505
2810
-9581
-5669
8055
5401
447
9795
2633
193
-7799
6283
-6478
5289
7677
-9842
7664
-4787
-3434
8267
7429
450
3728
-326
8757
7882
-9726
-2632
3807
8110
1478
8537
-1011
-464
-9038
540
5262
4320
-4422
-8561
7666
6367
7050
6370
-9148
-5846
-1432
-8084
9126
1799
5608
-6296
-994
7339
8564
-7537
-8233
-7766
-3629
3369
8386
-9392
-1377
-6342
4789
-617
8785
-3110
-7055
649
-4700
-2616
-3563
3680
196
-7376
8766
-1470
4719
3962
3281
2495
-3314
-7572
7791
-2673
7817
3094
4920
8053
5000
2453
9943
7287
-5982
230
1048
-7136
-8080
1627
-8462
-5408
-7743
1053
-933
4254
-2470
-3747
9682
9043
-959
9183
3670
3739
5083
-5525
3928
-9246
3204
1735
9513
-3459
3354
-2674
485
7851
-6008
9967
757
-335
-6131
5766
5830
-2111
-2485
-5383
748
7103
-4781
-606
-5649
-6819
7417
-4279
-4554
981
8556
7857
1098
-1184
-9133
5317
-6876
1079
-5062
-6565
-1157
1299
5474
-5955
-5810
-7590
3401
2992
108
-8931
9548
9654
3888
2664
-36
5624
-9074
1703
-891
-8788
-8135
-1044
7850
-9603
4722
-7043
-5433
6153
-3963
-3557
-6344
9350
9300
-8033
-8934
-7204
6629
6052
4769
1626
5863
1393
9431
8593
-5110
-7990
-9399
-9148
234
-7664
9189
-6519
5351
-8843
-8681
260
-9358
6595
-36
-3216
5946
3604
-984
-7070
9381
660
2528
-495
1009
5286
2344
9712
-1359
-879
-1849
-4556
-5053
9753
3566
-1169
-3594
1152
1123
3078
-2876
-516
3240
-4511
7456
-7323
-3832
-8126
2437
-9939
-7612
7486
-3109
-713
7371
-4248
9197
1090
-7078
404
8258
-9333
2261
-8929
6446
-1891
7643
1665
2947
-2834
-3115
485
-3089
8428
-5832
-5126
-333
-5620
-5179
8072
-6094
-3212
-9490
8049
-8407
3518
384
-4612
1512
-4858
-5066
-1547
-9652
5790
-2258
-6638
-6201
-7890
-6636
-6167
-5471
963
5933
8325
-4254
9035
1884
-1780
7042
237
5440
-6130
-7795
-4982
3742
-5256
-7660
-1164
6269
8257
-5305
871
-8262
-7986
-3127
-8696
9626
-1718
-8820
916
-2348
-847
7923
3556
-8277
7513
7770
290
-9651
-5098
-2181
-1820
2161
1167
1007
-4874
-2864
-5245
236
2884
1851
5509
-7960
409
9285
-2033
4162
-5972
-7266
7068
-1473
6650
334
2575
6122
-8784
7493
-8642
-9980
3772
-4966
-5625
-7177
1631
6096
5788
-9212
-5705
52
3387
-9717
1471
931
5302
-6396
8926
877
-5663
-9172
1946
7078
-1673
-9951
-4463
3519
-5164
4340
-9735
2713
-4292
3975
5846
6727
-1915
-3263
1773
1930
6122
-3846
4035
2900
-1017
-3543
-7462
5979
-7367
9261
-4535
5863
470
5268
-6297
7417
-5
-8238
8377
-5785
-53
-5190
-8783
3779
-2752
6009
-8900
2121
6350
6327
-9370
-9543
-5683
2106
-3749
-7425
-6057
-9251
-7981
8698
-4010
7571
-9649
436
-2058
-4032
-509
9760
1242
4181
-3421
3647
-1287
-2839
7617
-7719
-394
-4028
4080
-499
-879
-7308
7977
-2190
4055
5451
3718
3118
4819
-1675
2644
8321
-5746
7393
6594
7203
5096
9695
7594
3956
-4175
9270
-4011
-5727
7210
3001
-4849
1010
1056
-4419
47
5588
9677
-9074
-5678
2608
-2790
4136
6351
8079
369
-1210
-7919
-1036
-3270
8500
6204
613
831
5427
7572
-8104
-2825
-9023
-5781
-4475
2438
-6659
-9170
6437
4632
