73011
18454
70348
61071
70703
38860
70621
79804
59299
71511
75417
21173
94902
29180
3678
42353
70254
41664
91898
49362
11344
32763
23341
74660
56276
6534
50542
82785
7162
54836
54885
64249
28330
37083
44541
23202
33619
62877
95045
97716
68443
99637
31417
12214
18361
55333
58056
44889
87636
59189
42811
71241
59302
1813
71506
95363
32452
59187
40485
97196
32689
28790
63104
16198
24637
68449
11100
5572
84452
81874
77987
77292
36723
63994
51387
98960
63186
87687
90504
97838
53742
69739
14301
14003
59265
98534
8111
87551
91733
12486
51707
90486
24626
50196
45704
51810
54634
61428
14252
64378
73756
14802
35873
64110
43566
16296
34835
52310
31464
59787
76286
91908
27961
67985
9421
93233
47007
26177
42016
56513
99282
38239
89609
25449
72271
8947
64830
63307
10118
8933
12719
38854
94810
16638
52998
82454
29167
14708
66557
50751
56320
97821
58282
99324
59842
72029
11315
85951
78182
43444
85965
57696
39096
44838
38601
39177
69058
35058
67771
81866
43278
788
58144
80305
41921
5713
75517
96397
44783
61002
22516
70615
88596
37401
86005
97308
33234
24828
19507
52521
53604
18399
75646
22802
40865
64678
68854
69002
35922
39672
84222
31889
10427
4187
63807
52106
36307
68850
34037
36868
91368
18286
86998
43948
4491
47635
49562
81555
54319
4210
59756
81540
94356
95932
42583
80968
67691
51944
87632
97544
56055
33443
96396
5806
25400
76854
51492
97585
36111
29675
23011
5217
59931
23134
20742
98428
15054
55180
24806
98222
40907
91239
66803
29111
13384
4705
84655
46062
36438
34298
31481
37534
64678
80237
56787
84020
4709
81751
29820
73875
4225
33527
23146
61108
80466
84448
95076
22203
84723
63918
75014
25760
43715
63657
4575
20462
37784
11940
41566
69981
14133
82644
46397
83568
74889
23148
54641
43273
15699
71962
52671
90086
23793
87699
5820
37561
58812
67386
98222
16812
27562
91333
84128
91386
44424
46866
52036
60441
10050
20400
11563
21955
19925
92094
32410
93038
36879
38703
33725
20299
8956
79000
569
24628
21586
91281
69343
53102
73784
30295
46
69613
36362
68479
60390
91501
13562
56115
60842
7079
53315
80993
27152
27842
86431
24515
77567
32152
70030
91317
50057
20007
51736
12896
20846
27090
51378
91091
71076
43594
75506
2325
52882
29591
44537
37002
98747
59425
13219
47976
37481
17696
10536
50109
15941
50823
21654
87573
48715
59951
13698
47471
9938
34510
84345
33793
82592
65436
31132
87834
1657
301
10101
57857
34368
25870
9241
70784
75299
94202
65495
22762
1565
83799
84023
78000
8199
9976
24914
82656
69694
30441
76773
26848
87940
89650
88300
21294
50884
35253
36028
85470
52268
21294
96826
47541
52240
81343
34632
37720
45249
23635
68254
23936
22788
46499
7843
81650
76129
30693
93741
49138
55615
84932
98297
29812
87809
58992
71090
41665
38732
25558
84639
17936
74436
80132
18773
90083
39959
42640
82955
43663
3227
39425
78610
29050
19292
3995
80933
48384
44771
89398
93745
97803
26388
11555
33116
25355
73602
63144
83459
10769
24237
79589
49539
96622
74704
61599
46805
27796
55105
69944
12578
2429
86729
49344
47812
71428
41878
63566
13995
26307
46461
21637
63423
38419
33377
81368
93037
93308
52408
43128
96164
24647
84342
38466
25046
34019
386
27648
95820
47911
38471
25894
17426
79504
53536
34493
77371
68968
78939
6687
24559
48695
54834
23277
99372
42156
57127
70249
34273
70772
97331
42989
40881
1130
48540
90925
31517
48330
74256
85789
80321
65335
22150
52795
78035
55679
54836
69106
24792
54570
88071
333
44998
41137
61771
30011
38252
43025
32869
34137
4021
91261
58608
82310
86160
33519
45657
68927
47841
16599
53299
20640
8406
7095
4511
8212
68551
56481
54854
74920
61124
86526
12613
13412
83074
85563
47904
71029
66135
88951
53332
20133
96743
89220
94365
34034
73897
37268
97350
55622
24274
29104
43560
25442
44121
9194
68882
60150
16939
15594
15571
65369
48298
84531
66191
6056
68427
9924
79748
54999
33366
36452
12947
87844
20116
37356
23790
56686
46789
75056
97408
82038
47602
79651
13343
54411
62981
7342
22066
87818
28412
48928
22016
69067
86633
52235
49827
23929
10090
32105
28974
14471
40437
3153
58193
53412
85786
55764
52596
13772
85575
52441
82961
44027
69264
85996
89719
87701
4891
24824
11015
92585
99787
24225
99996
83583
33573
29828
45263
70723
39031
18240
81162
73199
66058
89925
20372
78980
88750
55984
82335
96213
45468
31430
37268
43102
94830
64821
91262
3038
63824
59479
79788
35605
99027
10761
3573
64482
38030
69783
96995
93157
92036
38526
95812
11996
66310
1618
91562
22999
895
55429
69465
14373
18749
47736
39677
30938
60841
18894
26026
23947
51599
57249
96158
95570
60148
94473
20867
46824
69262
96716
8878
41386
22819
19696
53403
71650
50375
89683
30168
52730
96516
37195
5906
38996
98614
12425
2561
86395
36083
93822
53646
32201
38120
95803
26050
77723
65593
88287
96607
54689
94399
52830
87332
78180
49087
88075
48743
59074
33244
4286
88946
32126
75551
590
29927
65141
31135
68433
68231
42399
90871
36303
42338
74534
19654
89273
32865
69729
28277
71111
36232
51179
34142
71725
8839
86359
50400
80527
11237
91083
41271
35200
45769
85301
46077
34309
55282
27276
37880
25907
83239
4382
54164
92949
20794
22430
63439
25158
51932
48869
26349
53991
3003
36648
96878
61951
93857
9815
30957
85881
4471
47971
97410
30760
83472
50182
90603
5677
30857
35102
39233
69252
24453
49278
62754
87789
62927
5325
29533
38365
42032
40144
50948
29395
65774
84052
91969
80227
1287
82375
24814
38261
27545
58875
47287
96881
84856
88840
19619
26778
64063
55795
46173
52686
79470
22636
80768
14632
58111
59332
8356
92740
84457
24482
98835
23072
72339
11086
35941
30103
30892
70503
72277
642
54935
10618
45046
95625
3861
13332
58219
1545
59825
37938
32534
86793
33410
44275
88837
25584
52292
63370
7287
88787
58152
87894
66812
88687
55348
30090
59092
96518
83207
9718
29894
20082
21481
76440
8806
19612
35742
48802
67891
40287
33136
7487
67193
20703
59041
18265
53092
35087
90032
30434
12724
67533
33802
71089
88081
8550
20200
98241
87684
23786
27684
79050
87528
31032
85741
81388
43171
59666
75841
91224
60997
42435
39669
79367
22245
42336
1505
45143
28921
87915
47383
7407
79103
42041
73841
51845
96046
85519
33434
50781
81755
46925
74708
27728
89423
93163
52122
5139
18806
97899
96467
2209
49451
92603
83587
37075
79337
55826
95640
57581
7580
86599
55138
91604
43149
93513
24930
80569
69819
452
16115
85133
2310
57704
98490
76695
60671
82403
38029
16524
54612
13478
69476
53909
50825
86067
39493
74617
41382
74998
69117
71166
87593
82492
77532
64066
71453
5736
96480
57534
28041
5652
82276
9971
7746
8619
61915
82102
37086
72980
52361
60864
18167
49441
20896
58674
82061
29797
9092
86764
69605
68157
7882
13576
63601
75448
22678
24888
22024
44080
59972
23231
1277
31556
44402
54579
88748
21464
57000
23561
5025
50283
24576
75489
32759
267
52497
15686
99867
47073
63098
28353
74037
17554
92680
20312
57819
65903
28707
67526
56936
63526
41702
18945
52673
97612
43274
24408
28229
79532
5515
97487
78258
60920
71655
21582
14120
33669
7142
280
75769
25176
63489
1833
55810
17590
15482
74516
47813
94763
83315
25347
96424
61008
76846
53038
77544
86299
16131
26870
29129
56893
56515
58114
97932
13949
54227
93329
44791
59680
10957
15059
4143
75604
83198
91843
54602
22889
62952
81371
2849
97359
31333
26109
5546
31544
8047
29765
92583
38951
97191
52212
87839
89698
34782
57142
58174
67578
41711
90970
28779
65212
67590
50260
13236
15336
78396
37354
33455
55700
18537
4121
10766
24888
81519
28116
92766
98144
68646
8649
66335
13736
36568
95014
81422
38214
50480
96565
11554
19473
31782
36548
60330
71633
14459
29090
66301
8859
60199
57234
67271
25826
92012
43022
93152
77502
71313
89881
94594
17629
71451
55348
47858
75000
48003
48889
56836
61840
28621
45373
89785
3869
73698
23310
30281
59897
94826
41346
74292
59453
1319
78955
68564
30132
79517
18947
97406
96921
6206
79034
97795
97038
84783
92375
55334
37466
52101
64466
12720
85406
71338
56613
39238
37687
57742
2633
93457
68253
97619
1157
60700
90987
61625
93761
25056
64510
3642
67542
26666
57359
40001
71175
4446
83254
35546
43598
92437
41723
89180
29565
85082
29282
14080
40273
57033
92260
40329
82586
49495
99320
15497
84653
63504
40916
26076
50986
47347
88113
28386
34212
19478
66206
91020
8744
96172
38177
41475
93804
59600
91851
68976
97209
14887
68931
17924
68922
51719
78417
4820
5289
71222
30764
38812
91578
45582
27448
88804
29719
49829
48406
6019
74402
29863
38425
38055
94255
75386
20182
65200
99971
57356
72280
31494
66232
84357
76821
88792
68424
38693
74070
61043
39830
10258
80806
59972
7540
82459
46742
35087
61283
38113
55520
40527
92578
21522
9230
25244
63822
81637
14868
27141
41421
75266
67395
52745
41208
6992
14891
53947
38044
8523
69358
2266
70502
55965
63578
19988
24709
55640
6404
81173
82383
56826
62352
8008
86552
96826
70200
91438
61276
34785
23427
83294
40788
55666
71307
47178
11540
57940
11283
87589
76223
78308
7216
44591
63412
75213
6884
33236
69978
30970
34728
66714
45709
26891
57803
24302
69577
23572
68980
18939
46275
74639
99702
81498
29226
10744
25466
97986
1024
43670
36189
24186
94371
55968
5929
97458
18673
49795
25049
82938
43137
14214
27849
4988
81130
944
11859
65300
32676
78655
6816
57605
11062
67329
44283
84762
86510
32783
22895
64303
99388
70409
71483
69042
81860
29211
55067
18985
99443
48166
95546
87959
88344
68664
58351
33180
65972
93803
84963
22950
29959
8580
31803
21481
75797
97898
72113
45007
47894
9282
9434
36939
66232
38448
86946
23003
89940
42545
11393
97999
36534
18929
6199
46959
97125
28624
86291
18744
30769
58170
73063
36586
85415
81007
16786
11274
92176
35388
56225
44540
72177
77272
64169
65946
35129
39969
40820
83069
59239
85323
20265
45842
22180
80926
40801
67836
5305
32316
12881
56789
48707
13179
81298
19975
13060
11124
49627
60658
4010
66004
82526
54696
95309
37421
16282
24776
28154
59142
59760
73606
49503
41230
95947
28914
33914
717
13239
69458
87363
54806
67473
21830
72682
74390
27258
6942
14688
57165
79622
94558
9283
97395
5938
41024
16469
96226
36067
27881
84184
67336
24906
10603
56741
56074
92219
49609
47741
71122
4023
68754
50468
86660
68281
65073
46846
66770
4627
49358
49600
52293
3932
4261
23955
78092
42453
13406
72794
61453
67902
26024
69164
83104
9687
65165
53209
82986
29639
39312
57047
39780
69682
45348
52357
1799
82330
44131
82002
5092
90853
71916
5973
43869
34591
85112
22735
39337
1028
10884
45039
83296
42058
42708
99399
23215
41575
84655
66724
99893
68073
6520
88418
43619
40622
84038
18320
80693
96996
56758
87289
44253
30997
62618
54618
41332
46483
2289
36372
43519
2283
73489
84500
16317
48523
76357
40894
52416
43069
82103
59206
84688
61803
48682
63433
19418
92869
41321
57933
32467
56171
60278
34156
17350
17659
98316
95401
9432
34038
66489
68440
36343
22717
85540
66966
32994
53438
78914
19922
46590
93668
21653
44820
85634
39697
95918
20364
36715
89730
1698
17300
54293
27600
99758
19819
15235
83695
43363
73050
84719
75999
17916
53877
97548
26913
67414
54703
85166
40924
88646
18192
66626
73374
34790
51241
33653
50862
19616
67553
36241
45312
30333
67915
67145
85030
80794
2546
45720
386
41334
55361
42839
52293
89042
89092
82591
9645
74942
52699
33568
14742
18381
90068
88580
56052
3476
81761
84975
71277
30277
50391
67482
8880
27453
75449
5782
32578
12998
26968
63074
86618
3637
67085
96652
30827
80095
20776
81590
51098
3164
7639
93551
49405
44277
61568
90444
55194
34158
63017
15423
89960
57163
61239
15081
73235
16950
69275
74315
27106
32650
12226
40025
22490
30466
24609
69757
86160
4336
61320
84124
31492
7225
47088
19192
55036
75453
98262
27638
88742
74096
72505
32359
13254
19485
35403
41262
95466
16793
95811
6403
95441
33554
90748
20918
27071
18667
69621
93066
30918
65357
17877
43403
92865
89312
39523
89445
63448
25530
30609
71656
73777
3201
59050
16045
83625
92506
81582
47779
60829
98304
96592
96386
16326
98956
93299
63121
46968
5735
85185
93911
18951
4862
54037
10013
28127
1035
56965
56221
37959
31107
18823
90490
58447
60578
88077
32516
39863
17402
58703
80599
30557
3245
34673
56159
19111
95777
91069
89255
49024
68057
28215
21653
9567
67470
9068
68185
94019
56973
54836
55949
33043
51636
93145
907
53107
25619
9798
39559
3937
72007
27413
54070
90470
49021
84202
44012
396
68308
65685
47305
86756
61415
78457
19500
32637
30001
26245
97294
45481
18275
6772
17952
39841
7679
83925
49454
61341
58519
13921
5878
39311
24865
88707
41006
16008
55398
5035
10846
54501
33157
55188
97760
29175
97343
91347
33168
10438
61485
90724
49436
68666
18821
63149
7172
14226
67795
52357
92118
24378
43037
17051
38193
78477
46351
99344
22427
36136
75978
62579
60331
13979
68343
67853
29483
13976
10899
36325
25777
31478
26327
49418
2833
26181
40523
69588
6268
53996
95811
19281
77665
63286
96223
93476
98413
13029
92
79011
22347
8802
63436
79234
67784
82686
31781
69577
33539
68480
11334
50316
63804
79123
87471
60790
23038
21954
6517
23775
62808
51730
68057
2557
63256
60346
55424
82675
51075
97906
36027
55245
68083
50762
87628
98325
6951
58209
42484
62507
62490
32454
93589
12338
22278
29115
85012
64985
61941
36090
89529
69016
11843
76290
71421
1468
9300
68299
68586
60046
48291
15476
14019
92656
51098
49715
32585
21157
18251
72023
6482
60476
18277
1481
75914
92569
57516
6702
82321
34890
72855
33026
93153
87578
81727
56194
58423
9232
42504
30092
52439
25305
71782
77622
59835
38179
52728
30640
64031
53612
54240
72349
92565
14694
2404
27547
78044
9221
2410
37955
64024
29934
23370
76625
95295
90808
29169
69162
35354
40920
96950
64132
49542
31452
41290
91453
97996
25749
6857
70481
95427
71573
23650
74679
60241
81568
23858
14638
50519
45828
3314
51632
93761
23376
15880
31737
18954
76462
81819
25458
44274
97830
21934
20312
87880
72665
78386
19438
99672
47682
53383
88074
7932
19160
70217
35417
8655
79980
95088
63310
88110
14558
27267
71532
83046
96364
21289
78062
19015
76366
14756
58161
92006
3532
79088
75015
12088
42452
99187
27140
70539
75504
63835
3858
18780
14779
726
72133
22511
59499
56291
72163
84833
83272
32469
10573
27424
81347
91630
90896
11192
24493
38302
35345
41827
2215
14043
71295
97615
13618
16020
84179
19510
16771
92381
18875
56340
10724
77422
80145
68486
40075
95233
77840
33127
28579
78855
16257
43249
44980
79727
9120
96912
75612
3644
17929
71300
96412
60270
39171
61838
29774
50495
35318
66971
89578
82930
45924
32187
98925
19963
82314
30115
62595
62799
11339
46592
71177
54161
64593
99274
81992
62671
35032
97844
2729
36840
66557
65825
86013
92043
32687
45433
31463
35421
51408
71377
44710
13352
20920
87868
30649
56724
45914
47129
62780
26954
44208
32572
70179
77868
29403
62604
78142
260
50626
85473
60532
44050
54979
73619
8331
71585
62539
677
81939
38250
28790
70027
54304
65676
43971
72749
83302
6521
56798
76331
78944
34871
11374
57064
16445
46640
95148
3815
4965
35148
79950
76921
86861
92391
42154
65535
40678
37008
22774
14839
48359
29213
33489
34822
96748
8013
39903
54778
18734
74932
57903
70190
21546
92309
33126
30713
74582
54386
36391
69579
90533
23597
6888
29704
33563
90894
98080
98227
90643
29726
21653
20022
81645
63641
72821
63193
9062
2811
85976
61509
7454
89311
86004
94542
2741
15718
91753
51233
97106
83382
98762
34384
96273
35280
34780
36406
12954
56849
62078
64070
61689
16495
93866
95345
89037
65909
7013
42310
4713
65859
75736
14637
21288
21226
66451
1100
3192
46841
30234
69117
17007
52948
53858
45813
49629
97862
42826
57138
2727
76440
48321
3063
62604
59408
85672
79429
37222
60479
86127
98536
30420
88122
10006
74906
87529
51966
87906
64464
32060
37261
33443
5417
51913
32295
63758
25392
97314
48756
79133
37764
95857
63613
90771
66744
11523
48458
29849
73769
46191
76656
2446
80625
19097
53254
36538
94270
85197
77346
66179
80798
46217
96831
6203
41580
37379
7572
91197
31572
53079
11257
74416
66350
41028
38334
65372
66904
39202
24372
81815
655
12447
38242
73420
38704
60825
92713
87282
97402
66336
84645
55261
79586
92378
27926
36774
18613
88055
69132
1159
38999
73873
98400
39342
84027
69148
12004
61093
93885
78157
37412
50662
62833
94598
43945
59839
96296
92572
69680
18580
24898
1140
56638
28296
61943
30518
93395
83792
2734
25780
29592
81808
74708
81013
41017
59463
68157
71633
58368
13984
58997
30351
61431
47910
49189
35325
1856
50120
8302
49926
82958
85942
16411
70769
46486
71503
94412
91176
39656
74917
90539
42220
59643
74044
45498
21950
16726
91255
8336
59011
53071
34014
9860
43148
43417
59857
74577
25719
68764
7101
85697
66242
10647
66252
16304
51864
50780
94447
17705
60620
40271
2029
31563
94290
35798
61461
83233
36084
41816
92859
4359
21660
75152
74907
30686
79238
43914
52660
96605
84853
80952
82891
12263
44038
18354
55105
19698
34309
69751
43106
13956
24225
1429
37219
89997
90924
77334
92121
79734
51255
27431
81606
61051
94655
83120
70150
80718
59354
12698
39601
97091
93048
90768
44776
82295
94319
68417
19178
61395
38883
84251
40284
76712
55589
70073
7387
19731
99356
16217
20177
48714
93732
86341
87945
89020
6530
42074
85541
20136
36748
30401
45764
10302
73655
7365
82847
44434
87334
2082
71313
72759
39938
79655
20586
44621
11386
93634
93709
38779
17086
19625
68923
59948
62835
85131
6696
57958
83395
47901
8527
58316
64624
47279
42210
484
23542
38022
79886
11846
83250
64328
29280
45440
81832
42008
38464
50240
61510
68042
49505
88935
27853
22986
35272
18393
15869
42043
65791
73662
92865
67111
21627
26363
25387
46713
58841
69047
32982
57598
62903
72387
33606
92605
80761
40824
71201
54155
81168
54545
74624
50143
30881
75076
26957
22046
84960
52042
1467
75516
84039
32651
24664
28147
92970
1433
49185
65003
8608
95031
85629
71574
6514
51122
97351
52107
91303
25509
16621
90149
49310
9844
96813
52028
761
47047
89990
94942
79596
74825
7057
31022
8906
3758
2316
9611
78186
69303
51667
50748
54697
91739
99687
12633
90053
91918
88405
56013
32622
64971
87931
40676
53117
69554
79352
62266
79963
52865
49409
86419
57586
67254
81463
46100
13791
33022
59443
38430
99124
10587
76250
74189
44283
73542
70788
99302
8536
92101
19019
17445
21730
12168
59048
32676
17061
84833
53968
40354
6684
61801
190
46165
14008
73746
25690
19592
30336
51105
35100
29351
22106
99763
62573
85857
16891
65110
57757
42264
34419
8238
68944
42393
27244
99713
31877
85348
48755
22182
69108
28803
82642
1216
25238
37690
49894
70029
83246
68139
24308
69589
49517
89693
96251
33836
22741
38487
35815
53237
57945
84863
13640
21727
39848
47959
76818
79847
14615
14440
40932
49268
15648
24155
49624
62952
15627
10838
32565
55086
62813
45011
46446
65205
38189
41262
42141
71128
74691
76391
2535
54632
83880
4159
47078
51032
93607
988
37297
68141
81231
32057
25044
50221
14426
52274
30032
93879
14545
51307
40466
4684
84135
10500
65300
72372
78168
71622
30351
64654
25897
15477
24092
48312
76246
69299
19662
36558
90546
35220
30893
79788
50122
8633
94657
31536
84355
41898
79469
32909
6061
42060
4719
13908
59028
8901
20940
35499
61368
15656
66704
52332
99912
77584
18523
87381
94001
54000
17273
2133
62689
27868
98094
36463
46335
27539
28306
47690
2951
70745
97286
534
98184
57697
28377
8717
93527
72380
59071
88258
2994
85941
14066
92195
12487
48504
6912
29792
10391
90577
48359
25675
63881
50259
40019
11621
31817
70040
18172
9527
9254
26645
70109
17112
75705
29927
12856
48968
46241
10066
42073
76874
56515
84619
41120
67287
75374
84486
32919
64936
96255
83982
72948
95188
78663
39579
34388
66665
47166
73532
91393
42614
18028
61253
34232
84560
50279
68020
86699
17760
65329
2319
98696
70685
31754
34740
86062
92181
23746
19393
9936
14979
23708
2800
76122
6506
48168
46443
63495
35421
84635
44421
57498
60756
97530
53586
52884
40684
68284
64574
34789
82790
72257
72746
58244
89389
68858
26183
34845
57574
95351
3217
67198
68441
20626
80202
93067
53962
11661
1262
56126
93986
93880
8447
342
95930
24858
85894
85058
32860
58154
49818
69702
32567
80601
39149
71036
48651
40042
66737
50586
94462
90052
91605
16123
7820
63370
58000
20565
67775
34064
1030
2916
43503
50663
1158
4696
35355
89303
28733
99245
30312
74163
32403
84309
68040
69709
44127
65450
31640
98460
45460
32485
55727
75809
71784
54712
13220
41128
65109
55796
17089
76476
12145
35260
49077
95918
25021
74982
59279
28047
10732
58979
17855
66155
81191
25460
90995
60847
79403
36755
65942
62387
30811
97561
70051
825
46457
98166
48097
63241
27714
40511
16369
85699
27043
41165
35297
81123
22468
70172
96959
80756
56318
15544
36160
41701
85641
12058
91492
20276
6944
42719
74719
44096
27511
38781
58967
90296
43883
27426
17840
5614
63912
32913
78367
9840
94599
10261
19730
49745
58496
72379
98731
95647
77660
27712
88512
37189
62363
53438
67076
29882
23101
74644
1211
60564
25241
51073
63080
51772
96752
50665
73513
88949
12857
45220
4909
49988
27420
40460
15139
74251
98055
62063
31084
66585
43283
92650
65906
38339
31128
33415
70174
80735
92022
59184
37368
11656
39426
19365
51722
54751
99074
27684
2206
24340
35532
90138
81460
65271
94547
82294
78749
87379
71927
38958
655
5623
41846
78584
3746
93267
26642
45302
82916
47986
60306
5762
17243
32514
97967
67179
90851
59698
45052
94400
56807
64430
57220
23855
72694
41301
98096
1713
64007
9955
31031
94614
62028
96770
1346
9255
55241
23535
31915
21737
81230
10685
93996
23364
42584
8442
63475
26308
53580
41648
83987
48385
37384
86424
80936
77533
12561
6611
85079
23214
92710
91931
38810
60715
29
25542
13029
14810
88347
50580
92200
99099
93394
84631
33895
76205
97071
78838
80776
43156
75716
41140
79668
7196
19611
42766
97789
86537
23144
17158
69672
68262
52473
19785
12399
42623
98101
53109
38959
56338
17260
71660
41421
55571
60039
69561
16380
78983
40385
53176
54951
50130
15078
71218
78549
71631
4878
29129
95577
15902
18956
39269
15347
72165
64887
5417
8542
25913
11526
43627
65356
13427
63107
58248
63751
91215
35765
96653
24352
77475
7356
86963
55059
2302
43073
10999
48785
74280
98020
65074
1782
14188
36464
43208
87417
60884
48951
31843
66078
35579
99632
74739
29464
95526
47715
78318
2472
22190
56937
53935
53768
37286
47847
63593
4576
6151
69527
4597
15448
75061
96182
73722
10597
54993
91221
46808
27119
28414
85763
11418
39082
75286
54542
55554
76144
94505
6086
6818
67685
57793
12985
78905
97984
82164
72700
17552
99395
2808
54927
74806
3928
6053
87526
88908
49364
39605
4992
55023
60657
47997
55560
22481
3965
74796
2208
8147
68717
31254
87004
13546
86365
11492
7927
56799
45173
61142
68941
30189
99898
46121
93220
47070
15303
86792
66076
75505
29508
84873
94494
98379
75685
5977
20171
23134
21493
37052
18952
97180
39760
89484
53490
91191
50660
17963
74053
32892
27636
3015
97275
61537
48316
87884
69214
1313
20220
79777
5608
28106
53054
48391
2473
4464
91284
35697
35789
72000
94642
81440
83466
24449
80312
65819
41019
14820
45077
86066
44149
98342
7982
60024
28979
6686
33974
88022
11500
71145
3871
58786
39351
59898
35094
24287
37340
50023
80150
54700
31585
11236
20064
20196
247
50558
76384
54966
58663
6556
63865
17110
70176
26430
37790
74064
13575
44216
86547
63089
19028
90599
64484
44039
30255
76990
54827
30047
86954
55197
19230
65881
55986
82225
44780
66364
87717
61426
29514
58633
75491
52194
17404
13304
70392
87602
1600
36337
52975
89801
86452
46092
77547
91209
41832
54208
3759
17236
19986
92492
85785
38535
74224
26530
20365
69382
96725
18618
76416
23021
30368
67602
89995
99296
79059
42696
72482
46642
76267
45482
82186
11506
88454
29953
29436
74997
7820
78841
96748
91188
90257
42712
34200
47975
74953
70081
38694
74577
55118
98319
30148
65692
32161
42890
77853
40530
10990
99187
14486
54847
73840
21483
49135
59254
65314
51739
46749
5443
89675
55785
62032
19584
54786
25899
22289
28063
34058
47933
63159
60454
936
34919
28223
76429
90400
80835
58126
39886
89731
56603
4274
44601
21959
52950
12843
72094
42761
24726
2618
1585
85057
65626
68774
69313
150
70669
89866
1705
10887
52270
16107
38520
66514
73414
88287
7010
14202
58247
58363
41634
55122
14941
48707
73105
75526
68441
83004
2901
49895
74174
46179
56269
43687
13897
78655
38212
33818
88433
26084
58598
71551
94577
16624
2475
88249
25105
75678
92662
93046
51154
31518
67515
90144
94738
86873
10294
62049
20053
87437
28090
52773
77128
24412
64681
23029
12615
53053
69239
63886
76155
68347
9407
67090
94415
86970
76039
54191
77994
52926
60765
68110
24796
87526
44644
63941
70478
12616
51632
74685
75850
55150
55692
25612
62371
73946
55372
45528
87772
78703
19619
78630
63330
85392
4170
60413
9810
29466
99857
83820
40102
18192
95348
57909
63077
96068
14108
1270
58781
32132
34481
59743
5945
81261
42142
12682
70839
53284
31372
248
77946
31853
17622
10867
91585
70029
5987
95873
31546
63684
73161
36506
94819
91065
26938
72069
46028
19547
46167
72591
69036
37228
31294
72720
28478
27696
18593
40791
54597
64969
57770
94314
27329
60758
7264
63757
97939
53869
92125
6345
47119
14065
11614
24553
19064
73743
56295
77903
39573
80528
79703
99471
99180
20860
93313
88955
56499
57992
80480
13712
57492
9230
19470
68062
10308
56011
15932
15849
73303
9770
43129
17534
13511
82544
85706
55995
52424
28959
29584
17602
77793
64
79217
45000
99247
28312
74732
10604
90955
51699
49559
34229
6271
46778
20203
51064
92716
68719
42194
90128
6458
22901
7215
38510
47330
41442
82429
54054
22218
76032
40199
44134
23169
32902
82909
60246
57434
5889
77991
92620
56769
43548
53157
93782
63140
57070
65974
39886
19561
18482
79700
70294
12798
73426
2902
55615
84336
76909
93673
67905
4513
84762
88393
78582
51732
69649
20592
6643
38063
75302
83424
93738
65020
2287
99758
90771
17780
66323
26088
35425
49837
92772
83868
56072
95117
93144
97932
15354
44128
23542
66399
60274
3034
79594
53259
98937
5065
90887
7801
46845
98957
63931
13905
24249
76741
16820
37247
67536
4834
167
7737
31762
21451
46491
53887
29928
91778
2188
999
91298
18490
9861
38815
43175
34966
53202
47366
68187
77690
51315
81708
68762
63222
864
20825
23137
1057
24840
46714
13835
89606
15879
28502
24652
4595
33207
43334
71484
18599
98294
71908
64943
35099
77082
38857
66100
22484
90064
30024
14686
85569
52822
90198
18995
51677
97332
84174
17672
13985
91087
40793
4768
18627
90244
10022
22567
11211
73143
2237
74316
39851
20717
64244
88832
33626
93036
92757
24101
99402
28456
25877
12521
74115
74983
63437
6555
68444
59366
25946
40369
10914
32424
71159
95913
39333
41836
69675
66053
49065
95970
22183
17500
19876
34936
41966
19990
48514
81438
41694
93732
58997
47187
83591
65937
11689
47195
14774
22277
45262
58892
97111
32773
26440
79000
33386
94444
93383
17245
75681
98117
82737
23907
54815
73708
63547
84082
51322
82795
18518
46589
4704
96254
16868
28446
42055
18330
28296
74493
43451
52442
883
39647
20491
76476
36591
97488
54179
61843
70050
56714
82507
64289
30479
21750
28095
41875
2024
90036
88044
53791
26509
7392
86028
14070
86712
72103
61171
18345
74879
88822
6808
42021
56172
44788
27551
96112
12610
481
76654
37540
87216
9204
28883
31797
35348
84686
96872
46519
20310
5041
10651
24874
88811
55818
45725
16013
92702
58908
40464
13882
29308
77551
90784
70426
67208
99946
20475
75684
47615
64735
56419
66518
52779
51720
95370
30086
22643
29272
44559
11401
20656
65829
32414
97406
93485
61743
53066
66831
89912
78687
37426
11287
8178
93747
45697
73194
77631
29259
3912
88951
31616
40185
47014
36869
74299
16272
75510
16845
74330
60641
82687
52020
48115
36572
89566
52201
66744
31091
43211
55641
23693
94995
86603
36982
77722
94877
72269
10323
30076
67089
1215
31278
38778
71147
88571
79704
26421
9772
23936
84831
74414
12965
75973
11763
15782
47607
8972
46929
82650
63432
11516
86496
98876
65724
16214
90734
8227
23164
7859
59276
3913
68696
78234
45879
99188
96886
71936
62542
38427
55301
49182
75856
90049
66043
26398
2522
31991
85037
43078
55193
59007
69925
95824
35089
37010
18221
89658
23250
27073
14591
39298
53235
55833
17335
63719
13797
36819
85478
98334
54598
75074
91453
55126
53955
86767
70923
77607
16847
9470
40074
47044
28297
44643
72041
83447
74068
90139
24015
82849
77771
34078
43361
37626
84408
99873
4864
13949
79627
74259
84837
82044
31636
49297
53173
68410
17934
18333
75585
43309
38923
23483
30818
48743
3998
51600
37034
99964
96831
24498
22670
599
69714
53432
77139
36089
83602
33782
20082
72358
28869
95459
9785
72603
22582
29032
53324
56537
37202
78204
57507
75774
26648
28544
83101
72871
82499
16072
51639
23591
11283
97834
84523
1352
67830
88304
24168
53546
51368
8809
47586
84074
33397
37547
4938
41547
31533
80390
98561
97130
77361
98357
63463
54610
16736
14806
20599
54836
47334
26511
11390
13242
45988
69537
33331
47703
2031
63799
77443
45568
87275
87404
24879
53852
40657
95208
81824
33067
31341
82534
20687
62399
8929
56429
17278
35759
79239
35634
36008
89831
89918
75398
47526
66598
10808
67800
20949
49432
55943
62447
85848
51434
41927
99601
33237
22214
82044
37104
9228
25936
1499
35462
58483
82305
59825
46668
31562
64302
9663
18685
64461
15683
83970
83859
3335
65783
77773
22178
62664
74921
82597
99750
15541
48298
35941
14901
25261
42950
44389
72435
75712
92141
84450
74629
65736
11326
58595
9620
93010
5116
91101
48788
90069
10382
39309
67917
26255
34696
59627
39625
51817
70983
4767
38504
67991
1793
80829
1745
31995
24965
3741
56514
86361
52688
97338
75837
24647
55887
11460
5062
13806
60830
69171
424
7467
6467
41603
74317
35072
18727
56051
73055
70201
92109
5801
5051
36351
19866
82994
32110
50056
93741
80962
33249
48726
26962
44399
18626
89250
84485
50494
42066
19285
93014
43598
96194
85124
19215
83896
15772
97152
79160
21444
81974
96016
76583
51242
16691
51067
48003
96223
44907
98869
73750
88082
25414
78635
92202
88934
67450
7787
36196
31854
10461
5772
74469
73473
96703
27579
1709
11569
93562
84227
82574
87276
30905
31789
60217
90960
85008
34859
49677
1800
2028
12580
85376
29802
24263
27531
37600
58534
89648
12968
50333
38995
99543
29586
29499
87595
27540
62104
3640
32568
89508
89796
38836
81236
26466
89598
22433
65379
79408
45313
74473
33770
87918
49390
32434
15408
60299
15692
20135
84833
64780
57041
13458
38341
90404
74482
73350
89621
54088
89209
35760
14017
51891
56980
17499
14205
70768
10225
48178
92398
19743
72264
15979
61887
91140
48167
7513
86863
24445
55513
3954
58208
92175
86435
57905
24949
83417
87417
92833
41879
82494
51200
5899
26235
9877
47223
3509
71291
78631
82634
63003
25672
25192
60775
67047
27179
97764
10186
68169
72608
23400
6417
86294
37043
41388
98057
96488
5117
88806
14888
8000
75474
2948
96900
427
7398
76273
99603
36101
3679
19863
41062
51035
81070
76416
49345
1546
7415
83278
84554
90207
31867
6903
79195
55599
25433
75750
79455
80557
33686
89761
22059
43445
32407
91780
61315
70887
13327
91188
70736
42090
24204
14142
42043
45222
64759
2238
5242
76038
11292
72318
60598
97309
93955
56455
72420
53082
90146
45734
11492
10000
34109
25282
90624
33016
35740
84152
68001
74725
85649
60899
89247
3925
83483
72175
83572
62768
95695
89561
75449
4898
33820
11064
27210
87954
61703
19912
5673
12092
70916
63820
23179
42450
38226
14550
77496
90114
9425
64373
22795
62212
36743
98450
75209
54478
46250
49476
3572
87580
84283
75517
12212
99270
64785
64803
7582
79760
71238
34957
90184
95084
48360
82030
95950
4286
5398
46372
82287
10067
85543
22505
76245
28819
72385
37024
68387
40758
17937
26253
23598
40634
45242
41977
63559
50940
25852
33810
71758
85970
16764
50446
48906
60514
41797
9215
43675
98488
94272
66826
12819
63316
96580
22710
44990
65227
16954
72224
51861
8468
66790
54479
34858
28451
80749
75183
57492
1850
23388
96350
74549
21603
92798
30478
86060
65175
72560
125
19944
56538
43011
80835
62065
19782
23751
88768
38760
21821
30856
92026
51517
68470
30613
34899
16134
59205
26897
29012
10558
35558
92009
64595
26940
62400
11133
87528
5451
88334
11392
17503
64483
87894
42386
10608
3255
43238
93433
14720
58040
19609
29775
99374
38743
66301
53955
51416
72261
42064
48692
15306
96409
7081
98896
36056
43602
40918
18449
75674
78475
68145
17933
72411
72958
53046
58290
49089
12079
61155
66653
74027
11206
76099
69303
98053
70363
50784
53906
80596
68787
24640
51673
30132
85165
16908
98073
6778
19307
41900
25953
81838
87053
89658
17621
20144
85027
68048
96748
47469
8129
12095
77331
5041
16615
43929
61014
33398
98791
40041
26640
8912
52700
98679
15616
38339
4785
41272
48890
69934
68146
90293
37522
79562
86514
82776
43922
23251
23396
48253
57054
36524
66472
78911
56738
38687
19888
52515
586
39319
26183
41939
13841
52711
15345
69598
15935
33584
60105
67517
36515
72530
23779
66950
78260
59155
37833
13212
28026
19941
14511
69003
57439
47915
76453
35309
25228
91544
63020
68458
6043
55349
451
97257
28973
17638
95286
68965
19863
17189
54220
43960
96821
78463
24034
43045
58219
92672
23011
58423
50026
5765
58897
41872
23651
61803
66032
94549
4227
99547
14048
71418
66153
77023
12183
94328
86478
75242
4820
31247
78384
48172
60331
24244
13286
36478
99720
32834
56805
36447
68211
51332
26923
81734
878
24507
48030
16142
98743
66405
26220
2735
91865
58913
3583
43661
29884
82127
56723
66950
29610
11823
88873
6940
64052
45475
21827
70406
93007
17856
839
19255
6268
72227
69028
84907
52948
57952
87318
83014
72545
65469
30059
20899
39078
3917
42827
1081
56727
31297
38140
20508
55764
29977
85416
94738
52818
71525
53050
73528
96102
82898
34575
97659
39547
23322
10255
94603
69151
82177
9639
41979
64110
66252
84473
60690
51660
62344
98026
88680
34108
71147
48859
95006
89322
67225
38756
28366
62688
21083
99974
52938
76030
74743
19678
89583
80645
48127
91229
30317
2590
99487
52064
94450
2955
84766
13621
64047
72861
99041
28015
27475
36343
67590
84734
79546
12482
3466
95309
19909
81933
87332
98879
4811
54414
47129
6750
58579
34188
95359
89765
17692
83408
66872
50011
52337
93539
5093
37003
34788
42182
95284
26616
19352
88057
45586
99438
88106
29101
83676
49827
86422
98725
54691
20208
46634
87850
41500
54259
99703
38319
16108
47772
23515
77662
67075
84097
64498
77289
88133
81633
18195
84489
24354
33048
66339
75917
97136
16487
35763
39758
30778
29695
8473
18700
62890
18760
79986
8653
55889
61484
81593
44937
72038
62172
4860
33948
50112
20577
88613
59059
76798
95182
62898
92618
48044
16476
2384
98114
94174
31252
22035
98146
19219
34687
48160
85417
88285
50068
13651
13766
21374
40954
51632
62737
58211
40080
46837
15546
87801
28775
36834
86713
8444
97992
64467
56416
66550
47804
59173
55795
12152
43527
70075
47797
73105
81358
87074
33580
37685
11175
72772
49868
38665
11904
75239
1336
86157
15673
13055
249
72970
34450
40476
30079
84519
79068
60089
42891
7715
67633
84027
9707
22223
57448
8625
14025
44332
14669
41285
75267
13738
13479
15099
45449
62556
48603
68467
67207
71299
37838
67267
38360
28869
18917
32407
60581
61340
3868
63126
80480
61077
53155
42887
15838
21090
70994
95153
99980
52883
46191
1188
82281
93125
32020
33772
66653
51522
49933
3338
29089
90144
38136
68221
94940
76478
8830
85040
61104
34791
1536
91442
77917
25359
7536
38970
95097
53161
5590
76838
88413
26919
50912
36916
50920
59119
80966
94337
7253
45940
81389
14014
55599
95077
72715
72086
59579
2501
97836
32929
99428
31083
23836
9777
88576
77841
31949
43186
32010
57892
12502
96547
99781
73761
96114
94379
38807
27603
35025
52534
55941
16640
40292
7736
14364
17117
79293
98714
39072
57009
7997
70566
59970
57171
85282
51332
48128
5758
95038
21259
78136
37656
82333
29847
83004
85655
50070
49423
58576
72070
38396
14800
54603
86718
15984
7676
8232
95402
99629
31361
30600
44900
8111
81768
50793
69667
30251
80287
35834
77698
43151
88244
60402
86865
97489
64266
70294
97668
9119
91020
33190
60443
6928
64937
64995
28773
57458
39261
93299
20399
28717
79735
32018
15743
51861
70744
96536
81280
43438
81702
28529
52710
40254
20189
38457
36689
74508
25925
56705
19273
43237
56231
93364
44448
21732
50041
35890
14449
72236
9264
94942
84980
49365
16219
1790
57035
89012
88521
27375
64212
55437
40557
62917
12836
87865
53416
16304
92487
73104
11886
71422
43364
96809
14007
52145
91622
16616
20130
86851
44907
55041
4910
54056
74249
46568
23614
34403
60689
66224
41872
99310
94148
13509
74811
70817
50003
89595
32013
90944
1266
42403
39181
13423
1084
64150
69686
61013
31282
89290
10736
7543
46917
55403
80248
30834
12143
83370
32696
27854
80276
94980
55783
13947
63601
71459
71896
51033
54577
88019
41067
3206
43608
64499
83809
62149
23272
94904
5291
59680
91030
17807
87188
24797
96937
97232
32095
60418
63322
84420
4905
39166
63004
87168
29087
59478
56003
20464
86407
17821
88
18761
9540
83335
47685
14474
73008
86287
55265
86571
51370
689
10825
63542
27719
41251
4198
41943
89293
91418
22818
24344
26620
61259
54947
38316
82560
10809
84526
74658
64927
49551
10332
54834
81304
95849
81049
97752
34487
11938
35996
74718
32838
36139
94479
77654
44250
62250
353
51199
27560
51905
82744
35453
84461
44107
36464
63143
25048
57137
83106
86834
30467
2396
57250
41836
11230
20391
18144
47481
77860
45054
10630
24916
40389
51481
35325
79028
37929
79961
89452
98213
58402
6571
21890
68039
27155
92738
77678
35533
67373
63039
95830
15257
82180
196
69336
65508
29918
63751
7027
89533
10910
65751
18629
28983
20409
72724
84589
95152
41279
24213
81292
21259
94528
43626
44508
3278
75164
75318
18587
60144
87190
34651
20986
30838
10210
60863
27016
64790
76554
83228
80697
97290
33201
43427
8711
17072
20751
17242
74870
29176
48444
59132
81995
28037
68787
69744
75630
91153
68478
92653
46478
88257
27289
82640
42396
30779
60513
22583
92020
53955
15037
49547
32231
6287
64409
11768
59632
77689
82893
93750
81990
32246
40326
39035
54857
56571
36490
60707
50950
38898
49001
42369
30541
5236
91768
61132
36640
12070
75219
92587
17418
72685
2494
64388
57772
55324
89674
15595
44303
35206
35501
33511
66578
99709
47251
11439
79006
40149
31866
39256
23201
30378
40964
63617
70898
93866
75048
33438
43786
76592
33171
26516
1826
60670
40640
10163
47676
21316
95498
66830
11425
20788
40595
23435
10900
62079
25267
70204
93256
1333
13297
12120
88971
57371
81249
85622
45885
70693
98694
92987
9769
81813
29434
75814
85436
45584
316
16225
75343
84469
39430
84027
6305
69463
65159
13225
91726
49431
27581
1165
21278
98811
50564
72943
30059
61236
95044
23396
98033
4657
34622
54219
9260
98423
7659
91440
71404
29693
77071
7355
94973
13519
90303
87613
74014
612
78880
51918
33225
85139
39045
35437
52586
32482
7196
51930
89339
26675
25699
26177
33493
80084
9574
17799
5123
29683
2485
88561
27556
48275
86849
55832
47611
55616
72437
44648
14479
51710
75406
2045
29513
87832
22682
73921
75254
64038
15947
78411
31640
76301
56532
7504
27229
15593
19870
10096
28106
28757
27561
96372
32845
86197
24547
63936
22875
51512
72428
42449
90093
57782
24716
13849
75312
78479
22784
85177
75026
82263
4289
87021
28328
1074
75130
59690
5223
85465
39665
48998
82624
15633
2492
41597
57594
21240
5147
13614
29315
17995
31272
24033
95628
89546
5529
94324
52822
30685
63089
64207
95451
44928
75421
56134
14236
45364
80303
53878
70322
62820
19131
73213
88845
74796
26295
60472
59204
20356
72118
24135
49355
47145
64011
10799
10206
54876
30908
32753
55433
58622
8008
54928
98938
14710
90523
7526
10513
30964
30830
23954
54249
21436
84903
12945
54813
6792
12296
74515
92796
55531
66044
38994
62776
57847
5620
51886
80189
82802
12082
63439
89342
11477
14703
3867
41429
73629
86415
28912
50534
79429
50062
39716
35675
56743
41614
47545
96921
71131
79925
13005
43486
9282
14173
74086
43214
66638
40983
99627
15376
67080
72253
72795
42001
44617
66369
46168
84504
26335
63342
1749
77195
18006
78772
80689
55122
48698
79761
86023
95660
94
87380
46676
20205
65215
41327
16120
88372
65488
11050
18344
96778
94335
87053
53554
51295
55440
86811
10592
21176
39197
53594
37979
62162
57122
80380
19588
44330
31127
52423
5511
21463
61148
41937
48219
92293
6412
52409
93764
40065
53278
23810
14777
93949
43715
85863
53855
66367
18477
70453
18112
96399
5480
39116
35222
45531
48157
17019
35202
6652
62486
61439
9042
70120
7421
66731
13053
1522
49018
74059
48734
71429
98618
96198
32163
51902
83637
96342
91661
12130
47709
96972
83751
22299
52389
90594
7653
6896
40778
21758
35995
98724
2588
21427
37130
14263
84289
2470
57349
96849
45244
87350
86178
68893
358
94292
23324
738
32695
98499
41032
7366
31238
23036
27468
43232
73862
73283
51069
99492
74268
55017
23288
98076
23174
93341
24760
43965
90070
3243
54558
35280
21381
2349
5839
61380
42012
1576
79843
58666
8765
48491
78065
15779
88225
7106
50127
31182
74566
61461
33255
48115
74784
76651
485
45090
2710
9000
94043
1786
43101
39546
21360
26248
65183
10974
14831
46825
67469
73760
97815
31643
91492
77538
14451
1658
85214
93024
35725
65164
51459
47936
42688
60752
94380
97612
12344
33886
78143
60116
3320
94885
91550
42327
38739
38724
17390
74648
98164
62494
90688
486
26091
69275
45183
92987
53827
97471
55560
76564
81548
85293
92935
4770
16859
31242
34768
96670
68116
78530
48107
48860
14726
378
12235
12404
81836
25218
92646
8291
16643
42543
49383
63425
48566
38497
90636
64761
86467
33544
46799
6050
7517
5857
23664
85259
78515
3897
2050
97841
65131
551
2347
91367
71080
24801
13991
83346
73963
68477
6359
62223
97335
16729
74463
98528
10912
30248
29943
40269
11907
58349
52645
47841
43227
29764
24505
44270
53660
67347
70172
23617
55885
80513
60634
46602
7646
29869
90115
960
85433
77026
46707
55688
11684
85392
56
81291
52990
6664
53992
65121
55467
9812
16495
16162
53171
75512
51492
93338
13172
97038
44354
4707
77565
97305
61380
84481
7092
89210
13702
73810
16227
5546
3119
48077
34682
12274
73197
20151
73243
7915
26588
42412
67860
53428
25676
32702
27235
21646
1199
39746
13024
25874
9737
4819
35664
70588
21866
84461
60870
74309
60260
88479
67052
152
78031
97224
80952
25949
45884
70843
86039
78568
21944
25828
76988
82853
55736
34642
14717
27073
73692
67212
11477
73876
88424
16408
70370
2040
15432
65506
8870
95961
46982
87098
6925
42909
77456
73206
29820
39269
44509
44514
72374
1993
26953
84528
28660
40573
66457
38110
26868
32841
52556
8072
58136
61594
50477
93239
10292
78746
23044
61603
64074
89190
75276
32253
46147
8431
74679
60223
77166
93956
77303
5957
89267
91832
2676
19042
16657
33953
59377
79023
29485
34182
3180
63080
73576
42536
83871
98891
96499
98288
68631
54447
47901
30107
45211
96360
59902
61347
36191
2810
19494
54289
98135
32620
46474
74547
89512
96086
73491
22126
98386
93974
61583
22092
70142
72200
82224
79115
15022
1856
43202
14697
84741
52534
754
91364
70554
77156
20122
68061
69583
34265
76426
46727
17908
34232
9380
30528
4636
70300
44430
7716
49413
53538
54732
27600
24295
12047
23259
40435
86416
38528
27090
80186
77264
55461
45976
87799
60781
63116
29595
75945
26130
67471
11257
12454
95998
94534
59763
26359
99202
68046
78273
66134
50510
14027
86036
80873
43207
68122
86468
80061
96771
86439
42165
23134
36787
24054
40588
8071
73481
69485
61466
89239
29150
43806
40704
74039
85220
10382
8662
62359
95703
78802
84424
17246
88406
27126
6813
11534
20389
64662
61104
33130
3255
69900
61125
5026
88327
26514
67305
38838
48901
22736
65592
29211
7710
40140
58780
88700
19607
18485
28859
40793
75225
32783
49956
93764
63571
25590
29141
66494
46367
88473
7750
19492
39375
33761
17210
40514
65312
82810
42566
8243
5606
90161
29204
15559
4322
58723
8533
19854
25932
43179
63704
98358
4886
73571
99543
48053
10985
27246
52931
59509
4443
79252
6757
5983
51446
85430
25487
92281
64715
64483
62632
72877
27270
99220
99588
36657
35255
65088
52678
52489
84334
52747
5652
74307
28542
94558
34992
72091
56066
19728
50888
2559
48087
17592
41807
37284
55102
10801
58380
97086
81687
25572
95744
16938
47021
84695
21782
31845
76981
39670
33488
57017
44326
43974
71408
24631
25745
90547
77348
73685
95474
44408
42057
7163
9810
14372
74801
23817
8303
64282
71150
16073
63322
24152
92969
30966
60280
37520
9757
99442
36072
91804
7763
16398
328
95840
39932
43210
86872
77565
93119
97433
87496
86525
87259
46569
80597
94404
74416
43587
60074
79760
23272
40282
80783
90590
54925
21105
2615
15633
574
14397
61740
8389
32559
96297
24908
42130
87478
74741
67747
89360
96999
10343
33614
17082
47699
98107
21573
33298
21679
38078
12569
13104
30190
56253
45376
4620
64999
10068
9553
75712
67390
83493
94704
9180
18029
36327
61018
83663
90622
27876
98079
78088
79382
66454
22930
81766
94409
13466
56361
68665
34758
13951
48199
25640
11732
48234
35442
27543
67295
87737
72434
10308
2123
54523
15771
67735
25341
75001
26261
96116
3594
72415
62570
7023
46466
48014
677
70454
46994
65321
83826
17494
42992
87504
43059
54437
25654
40124
32308
93882
58489
61275
94478
80699
19431
66713
71133
60683
76098
87839
4849
67030
22995
45327
95283
24514
70454
57613
25601
50322
39532
70263
91139
78381
42459
21419
47312
78025
89526
24894
86236
68017
46692
35331
46009
34506
91935
91338
88929
17974
56397
3994
87512
69881
1382
72821
44770
88083
22746
84751
57002
32604
37324
71467
99618
22154
57461
64874
65235
81123
56988
62114
89595
69489
79188
85188
58664
44503
31111
91941
89948
36408
31687
58173
19363
69436
7902
31825
6071
66714
51761
34028
28617
67578
38402
23028
84862
90579
69522
14589
8943
79813
53263
90579
33697
80793
44768
81402
98066
92218
93399
53698
25392
91363
80953
17253
94318
99736
5034
19739
22374
32905
67132
57716
34470
89931
67656
5516
70230
50064
13879
76962
30199
5975
26678
21170
52877
67860
56084
38568
80475
82085
71583
56359
48217
91301
16315
73448
21108
83473
60518
34334
60897
48876
2681
89726
98987
85387
6455
2595
52156
19031
68446
27290
60776
42891
8053
64709
90763
22241
27556
9900
76958
87666
39393
15447
87353
53999
46189
87777
45031
41210
47597
43766
53521
98523
56447
24929
80875
32994
85375
38266
46350
16445
26397
92841
26444
10737
6913
72215
94965
9944
97378
19960
1079
20720
95913
28772
53141
33788
71770
75916
39196
55497
24548
99432
61126
65330
80312
62915
77060
71578
54015
91249
80379
47309
2731
52492
41862
17372
30353
23779
29596
89284
72349
69452
48374
51496
72646
28764
13166
8298
4661
62628
53601
10376
70393
74713
66673
79147
22610
2570
22060
12442
39139
1507
73420
83567
97817
82013
40408
11783
12985
9543
21665
93389
79313
50481
29783
60883
74968
47348
28494
98443
22703
99270
82587
19760
69277
73387
10006
26348
39296
76849
58684
15023
35428
88273
24433
75784
10124
90085
49057
55272
72723
76620
19127
47886
76372
44383
50177
14696
8974
57210
48614
81766
48330
35813
47985
90724
52798
37452
48858
10929
71197
96225
74022
89086
79365
39450
86217
66053
48877
94646
79790
24902
66083
85456
22425
10161
80328
29123
44277
23729
46673
97104
71729
25461
76172
501
47961
74091
34851
91136
79018
30906
51671
45944
77666
96157
53237
83167
36648
49216
12996
71424
48897
48902
92499
80909
43204
12556
49983
45138
80832
52202
59181
86785
53553
46707
55098
32272
9444
88834
26097
57645
39881
33509
15621
14928
82294
59561
25796
31896
46965
66003
90932
47822
27228
41837
80197
39957
15153
19510
70510
67530
47912
54125
65787
29518
19782
55412
1798
64610
15091
86415
13337
92134
6592
11217
2969
48382
58724
53514
77990
69475
5229
20576
63275
20364
30873
41328
11197
84174
97373
37411
76791
63663
51827
60138
58669
96620
20605
56225
88159
26966
56658
55630
38568
41891
67718
65089
37671
43013
96958
784
466
38293
79371
17508
43328
67374
99498
43695
93436
57076
16678
99400
61652
35100
20351
59939
45223
18174
93921
19609
65615
23127
85059
37390
12688
71085
5155
12403
43710
20988
27859
3887
86149
96022
55707
42221
57818
94809
42466
27857
32439
94354
56856
81135
37763
50410
33262
75200
88958
94267
85208
32844
178
2920
5485
70800
98570
55533
6835
81218
90540
59296
23667
60424
78405
9620
51956
4649
75434
53264
33526
45472
83663
90960
49029
97759
62059
87787
17162
96655
78984
48953
74290
71054
33733
30361
90807
56885
98306
92839
78127
62147
8139
6378
60790
78945
87638
69361
79028
60691
74677
31834
72707
57236
39730
56396
44172
46593
29894
45978
22347
78174
57159
86228
49869
54681
3127
46907
88066
95957
42071
9819
39814
63602
30638
91375
1227
42879
50359
63373
99018
19223
74343
56244
98933
54872
74119
12075
36
58458
99892
96842
71550
47320
5560
54964
51193
84954
43949
73696
43616
81829
47962
91437
88539
37901
2818
37508
90821
5800
73573
79089
93159
228
47873
56201
49883
95566
21500
3360
66577
81616
95904
48574
66972
20372
77109
13271
31831
48200
98151
28223
57526
27414
46073
5745
81038
36585
26917
48871
23166
99088
16835
91791
80348
68054
29137
83017
7157
9468
89090
73715
66621
6903
88071
3815
43882
20584
49417
59701
24239
18043
38651
97618
29528
46833
36185
38648
31134
76593
21566
39973
80714
14372
89882
30823
17229
93056
98063
51253
7163
54514
74420
24364
37031
81524
46586
77399
15876
30158
52313
30651
80323
70656
84570
27772
83234
70423
12021
83328
23090
52119
87460
83385
87843
87718
97295
89612
77001
20422
14617
66797
47380
19963
96643
58138
30136
24731
22809
6722
27565
49750
88691
12601
22814
61162
6982
73427
69046
56417
88615
67997
8718
97959
84154
55573
66579
41863
3228
65108
60550
6584
6368
37720
84930
42833
17889
60420
57696
23832
92924
80276
25735
58457
72233
73442
77045
2556
85546
21369
9342
50963
7391
24230
92151
87729
64073
13273
29774
48157
17744
24972
14580
10861
36108
84012
35183
59922
66363
5085
71433
3289
45476
70456
37330
87598
27330
72050
26336
89832
69280
76165
65089
74748
98468
17878
19710
31633
96995
5708
78214
20612
59664
22733
94159
71090
17618
76228
42810
97505
84710
47044
40272
43745
73287
17463
64361
83069
39966
26021
39447
52873
92981
20481
7691
10875
50358
76160
10277
46055
4143
36006
96369
19645
31585
69359
96701
44044
92273
56711
66891
63754
53055
36178
44383
54315
40122
80238
50032
9850
48948
30729
45936
88787
23458
38182
90819
76657
46227
17908
93861
85908
58325
16562
30976
48336
90251
40130
28400
90568
99484
45840
96315
63359
37608
30015
17296
66935
37528
42273
32156
53793
24151
3994
90500
2209
33111
37968
37793
14927
52792
93552
50049
38916
78744
14854
65031
78191
14338
33513
84977
83941
24367
10272
13901
11846
50711
35135
23986
59288
24775
66565
12855
2992
47423
97962
93052
93322
3140
99233
43082
59009
36756
85073
29227
61429
68750
63315
87541
28119
49973
58024
24903
65297
64718
1661
18926
29597
50356
61120
16765
39824
54683
91787
36859
72853
34742
98186
80585
85327
30301
49002
19003
18274
72134
67579
96473
81512
47449
55055
3963
72430
81841
16414
64375
57218
30534
92369
80247
21893
17076
62221
46018
35769
93991
98811
29610
69775
3908
20429
4266
11766
48578
35508
67259
45603
9821
71776
46025
89935
13418
92179
45561
5346
83724
6427
74893
88737
97097
18025
75216
47876
6114
14674
39178
91423
98449
22581
5672
92038
73243
87164
78870
29907
73140
63639
87210
89859
97871
19660
58580
30751
7369
60184
854
89163
89779
24154
91644
95909
95026
41060
57694
78867
79394
23051
10696
91603
94430
74085
97337
31523
71626
87836
70374
3885
72298
59906
20205
23882
3477
98247
82188
81375
45791
36768
12067
17687
14572
31084
31570
49415
25134
75079
53734
72742
97219
60159
31704
63148
58752
59079
49211
46016
8291
10452
52078
41752
82705
95916
3182
28989
31754
75311
72342
50278
26957
78641
60858
88770
7360
78885
24512
46088
86038
57441
9967
23557
90534
46938
70804
307
92341
45861
61529
84088
72853
17495
58654
69871
2904
46052
6944
98667
61099
24740
29191
90770
71050
84377
49499
15022
88770
81905
72614
76296
72582
29821
36272
81037
66503
54812
49020
88761
19512
98783
19843
35275
18369
93230
2641
58284
7590
34869
13549
30163
46645
40508
309
80662
28852
93752
85595
69833
34046
70337
91305
28184
39781
3266
34363
97683
10698
33437
70367
6856
64648
25483
92772
50640
27777
44914
43209
60340
54390
52097
41876
39987
18267
7314
37423
63582
55906
44801
90910
82315
89384
30907
82369
25248
20078
67512
86749
20048
46620
45522
98597
60550
22721
45621
44534
58683
23786
58707
44196
63763
66709
38987
84127
47498
12209
18304
77657
20328
16164
54483
24776
76685
3295
20645
66034
64030
80327
12961
48556
41390
98723
36049
35406
4746
34264
87272
37338
95360
95522
1374
10069
94598
69336
62434
44737
56482
39043
16632
30078
51052
54712
33242
31057
96151
45875
72078
81544
4779
38227
70176
36375
9409
90442
65998
41357
24506
48263
28950
44433
78875
55615
59952
67803
62687
28246
25185
62210
2547
81961
946
19494
64451
1000
99254
54494
1301
88617
21143
74235
65722
9044
52129
1274
13598
98235
26941
32524
16031
23735
81310
74259
88277
82746
62988
62818
42632
51267
85062
22962
36407
61193
97250
8475
57247
67980
3703
28389
87135
31958
63348
41616
67039
79841
12066
40692
28033
48167
35854
8216
69423
46563
60731
68424
70124
80789
73470
53860
76855
28664
24945
52972
33109
53287
73573
11355
1487
472
80099
80443
3242
90330
64746
59429
39684
22461
54059
14450
30223
34565
72383
18288
47878
32753
74431
2259
73539
79727
79228
73043
54227
40710
345
28777
22731
75977
75599
61267
8788
86769
96476
44660
67673
65169
46693
76342
78045
39287
96969
59068
68503
15268
55266
75180
97697
38697
38156
97101
14769
51358
55921
51874
66343
22290
8845
9061
21085
5568
80244
71509
43974
21895
76503
1525
88317
31518
33238
68303
38179
27221
64458
64105
78861
56458
92082
5316
59442
2859
5618
54717
8046
79183
22108
38717
42854
13771
29071
45439
9833
18464
79871
56350
81876
55107
99947
23854
44293
71527
53027
36869
611
84992
21272
14697
91716
76101
92595
30954
88284
65969
85439
45000
19615
70219
71701
74698
41443
45800
4586
82324
542
1879
10313
32493
25455
69876
58492
88615
70860
85473
3932
37740
94819
41450
19387
20550
10640
41904
29828
28641
767
93272
3148
95077
6518
81283
56699
37505
80692
43864
5212
70981
17877
17483
66736
62401
63949
57433
53980
58026
95651
62989
77404
80538
60551
28280
73884
83819
81422
13530
42769
13546
69462
10093
25385
67717
32229
29059
8261
45696
82390
43702
92843
82288
22122
13695
81218
36326
62521
23013
67035
90585
10009
18937
78360
32864
47086
29281
88552
78813
25982
54262
47025
88729
38332
79911
66280
1610
43249
19918
10800
38655
55238
11907
54450
39104
83951
80173
95559
23792
58138
69144
74747
24554
28030
46898
78770
62785
8697
93499
45499
42665
88526
75718
18507
2888
90901
27997
6577
21044
28618
87606
46412
78088
77101
34838
4210
22737
10831
20106
89365
88852
15675
1110
68965
78167
14910
13042
69331
3220
48860
7239
13174
44339
21750
86778
81115
26414
85550
42840
58493
60193
99413
89749
98048
27515
94050
26941
99387
68964
6859
31913
10417
88050
8485
32258
47456
22447
27296
46194
63594
34806
81947
47463
36851
3641
44558
96996
23447
24207
77159
38326
88833
67368
14571
36432
46998
39513
12881
93764
47374
14393
90561
52539
73297
66466
19040
95243
97061
74412
60591
31530
23322
71332
63540
19945
81971
95380
65062
73323
60215
19495
75373
58266
15721
3088
30986
21763
18454
19753
23479
46475
74612
97586
69376
53734
74024
37389
86619
54039
81219
55173
13992
39227
81330
97207
54082
45273
33370
60176
26412
76082
38422
74604
28385
38100
99901
94626
18242
20104
5338
58543
38162
27065
42544
38049
79850
9365
12731
93453
79260
16484
19706
8643
52670
55313
34790
79040
18696
56314
96862
44274
50910
43066
88895
12132
66385
42717
58728
162
68368
30207
7529
1833
46805
22620
19639
40303
56975
76771
41595
80186
63931
93256
70545
1417
23949
66876
42661
51667
86915
95459
49239
20421
19173
15665
48350
1370
78444
26125
21388
54159
67568
68390
90264
90033
63759
96779
76189
15404
67568
49448
87452
44076
79378
25171
87890
56567
61329
9116
9846
92650
60465
69119
13306
81408
44704
88203
2766
87672
15507
7187
62565
77524
43859
16604
52852
62971
39871
11020
59696
48813
71378
43876
74654
91662
27189
51675
94453
22010
48928
70277
52178
28030
22885
25714
72457
4095
71185
52658
85705
81492
93286
7088
26742
56546
8182
94242
56901
34455
11037
85220
7820
86426
57460
90782
60638
99979
70188
21021
54076
54417
91942
12870
71543
85692
2445
45597
26243
71819
2655
68269
97011
7639
81443
20256
70188
16597
72210
4627
98602
68912
62160
94824
2260
57285
10237
91749
84691
23340
26038
90747
27478
93533
43028
28449
77803
42676
72162
11028
39492
55513
43024
57522
42089
99899
51225
46209
66283
67817
48190
89521
35227
47635
77565
87354
4506
29936
87978
25052
34832
59244
64814
79973
78310
56232
77256
25789
1033
31661
40529
21963
70241
57061
72815
48606
55310
51064
74791
87616
42200
34341
49514
27335
45107
18033
53025
38651
85685
33955
36865
32698
18366
41898
78523
10495
30415
22620
77311
82038
81427
71745
65612
25490
57345
85679
63150
15470
94720
57506
69745
23578
65714
12318
13618
30649
60698
28153
26755
20593
67347
45174
47547
34523
39349
99915
14558
65024
24227
98068
40659
1764
55212
39766
91073
73008
62584
46917
18985
44425
94698
83535
88953
34586
38543
79663
44343
62243
20906
61398
1963
61368
63400
8655
53039
774
28310
78436
49508
69855
59857
69299
49546
37815
82762
71728
89480
82439
15618
42531
86454
14791
97971
33851
44550
3224
66808
49905
75787
5062
45735
49553
20333
43457
47252
96680
37382
68696
52184
36979
2568
88006
74020
28126
88027
78317
85977
44765
81196
56144
35195
7840
5504
97919
35021
80213
50930
91979
15191
87751
37205
53637
5294
24896
29640
93670
1689
64943
14409
36667
75677
79385
67295
71448
17278
73932
186
52715
25296
64702
32221
29472
29815
57586
23324
92291
39882
64182
40731
49526
56436
4055
91064
35040
98803
91453
71770
24051
2421
62706
96233
35216
81370
1636
84616
43990
66576
4031
10950
97570
27404
66823
83266
98288
15744
86811
51622
89793
80072
35880
1319
37668
59961
87094
97847
63567
65944
75689
45515
854
84593
77297
64950
66009
94109
9433
15139
39478
37309
30549
72446
7327
61924
10168
25502
58091
32891
81276
56399
42357
11302
9067
90657
84957
30023
36266
10020
27009
62876
68709
46194
52823
26209
61835
81131
13247
93192
94428
10228
57025
90401
21291
80367
64244
14974
8287
58310
32293
52248
80007
79480
61705
67461
93644
41918
92218
96479
84971
8354
85170
10316
55694
34527
96624
99287
87420
59268
5444
33997
54202
68977
48859
44752
77597
16835
11416
1903
52906
61272
32470
56456
4520
96723
42631
87232
60516
2999
81637
68454
13824
66941
89530
92086
40681
88704
82897
9092
35712
42747
17689
71159
18139
89767
84075
81720
19390
37920
66073
93237
75643
56588
19202
8931
74082
92941
83803
35403
59190
4423
84603
1626
47668
81640
71471
9202
27505
14427
49250
48586
39279
88997
61983
85385
96667
78850
72342
79773
10932
67691
44372
94229
97962
14506
45944
20235
28824
62413
81587
42398
28435
87608
50238
76464
31170
9409
13828
77684
49193
22672
13538
38246
65064
21278
93877
90453
9953
48894
61094
9234
22511
18552
27040
20260
71538
97190
52233
73546
93882
97600
4813
26123
81148
49726
32477
19562
36603
72894
15745
52363
36304
2898
48428
79399
46690
84613
25550
54752
68134
51546
36031
57103
88081
42460
12708
45019
44928
612
3514
36514
97749
64251
21909
77802
44442
94477
65091
34125
98639
16136
38582
94101
47814
91397
54402
73733
75653
31779
96910
75922
34615
50629
76556
83475
48573
95016
90118
82145
41526
87372
95656
76853
79540
73526
86294
22217
16198
33873
21100
23677
99229
59282
35583
83001
82344
33176
69818
4644
40250
18490
8258
68255
54361
3923
71654
60977
54282
23773
1874
36021
19980
28083
28702
98371
90563
77599
50986
76613
77447
75716
2596
91670
12475
78237
20858
5278
1787
97217
64137
56389
85104
15936
67393
30411
79407
91164
53808
64679
43334
73348
86009
22585
49808
8950
50557
53831
26048
16587
41501
95112
34283
3001
86796
12567
93519
16419
52368
6596
87832
54801
41910
73388
88464
77819
52828
53713
63235
97678
42842
62671
33178
69351
1649
7583
43031
67267
15356
31098
44430
83518
22153
16756
83806
30897
8959
1268
48031
74764
32933
37237
62633
87467
15711
87864
22010
96216
33692
96566
36640
85186
36877
37176
25958
33183
99985
50285
39028
36667
13470
82878
27140
37405
3474
49935
45409
66903
88560
65450
95385
86904
87024
69197
99624
73395
60511
97270
1027
17679
33034
62598
61391
3882
62389
93937
54399
57782
45881
40783
19844
45905
52610
91594
38758
6469
83208
8398
964
44952
13777
19773
59019
480
2854
69641
26326
70429
3252
74002
48160
96476
81336
78746
13183
59027
93400
44124
74548
67032
13341
27234
46297
39482
27050
71668
5389
4893
28088
58036
72096
17713
89088
97709
71848
31532
59415
87962
12703
67082
1405
18469
56202
12896
16151
58651
95801
85676
86073
93842
9443
27116
38219
8958
70149
73988
643
4813
17058
98128
87389
49211
85171
17920
78360
21536
11908
25723
22242
15191
76283
21800
69328
94156
33489
34461
86465
86003
79382
26312
85419
67395
91125
3448
78105
30974
79087
38760
36517
40653
16974
77299
22450
27193
50328
80333
93244
17931
346
58409
80936
18325
48280
93367
8079
14661
3201
69936
69644
93281
65582
79785
5072
17977
80158
7986
61008
98144
31316
190
82391
17900
90320
64731
34913
95911
