70785
59024
80731
29442
79228
83702
87551
84667
45026
68435
693
36732
54113
84844
27143
37257
4265
94591
8511
7698
69505
80672
15327
62531
98864
17565
99781
31873
88263
71137
3076
79040
19469
54906
69395
17478
34042
49224
92547
76172
53807
60064
22590
38609
26150
60172
69877
97600
54818
23969
39099
9978
43920
12400
26971
90899
28950
57097
17724
21258
61493
94157
1220
50166
82070
75909
52469
39977
83561
70761
2053
23138
89336
15982
5464
8126
87730
1192
16514
40979
4524
83346
60957
99240
73043
32268
40907
34222
31924
71370
25316
418
58778
58227
88595
94600
90129
88815
4326
56985
77494
89164
55392
40595
90454
94076
71335
66410
99162
12066
93886
87980
22417
70303
4016
96268
43481
61645
70426
64207
71574
41379
26473
85815
93934
12958
98191
17770
63880
71437
19366
22461
27356
26536
74335
43736
36499
45125
17191
40471
78573
80569
35266
42418
34274
26946
98492
85482
3866
82767
16368
4549
3609
90616
16164
45861
96555
91611
72872
17922
65064
39746
89125
41298
10693
99948
50130
18264
88168
90104
12525
22696
45623
50634
70389
64647
91990
34699
33640
98246
13857
5164
24185
38944
92314
47382
16308
68168
49211
12901
17069
79894
1818
47213
84113
16396
43138
76263
17474
59135
75498
42210
90906
70752
27467
46624
44396
53971
80595
25043
95371
92411
72480
39697
21554
37192
14029
74990
93824
53627
5568
75601
2312
10264
992
39143
6759
72357
75411
23690
46683
84538
36723
31336
47260
92492
99330
88331
31669
26114
95745
41025
57874
83737
67804
46127
20905
30991
90559
26238
78206
74187
73535
36345
80923
96322
10399
55992
83659
52241
49878
62031
1495
93368
25195
39546
63492
22308
30564
35173
93480
6715
62623
24804
20316
90764
73279
32360
71547
41506
60520
94089
55066
23975
25444
86586
10463
84005
34097
38497
16050
89919
4509
11312
8541
71866
92760
99981
90462
39513
76957
47475
39380
4709
56536
25310
8577
46908
73399
47321
8566
65789
72357
94933
17815
86188
61590
47644
20141
65561
25897
48980
99204
2365
73176
13629
54075
16848
83375
85025
52960
67473
3124
3189
78544
78104
40399
66225
18276
20522
90557
21241
94818
32545
98985
45174
95681
59463
41449
87380
21318
32578
63586
75306
79980
39353
90039
29044
53878
89562
41018
73891
57929
49034
4106
30137
45317
8997
85163
65996
33357
47619
48159
95575
20358
95216
15545
71353
99374
73583
49436
98024
56015
61683
57189
15897
55617
21412
55298
82922
83668
60717
68695
45412
3565
42096
30460
733
86335
13717
67158
41200
98856
44044
67305
94231
94738
61686
22051
92363
15470
35714
61138
79989
87242
64775
92792
3658
62853
83021
68657
58344
579
1977
96731
56329
59922
71588
41425
18499
79473
30524
68638
85931
45700
15004
72463
17256
10228
72933
54755
78985
32988
51782
67923
53222
99282
6815
23380
36732
36083
29632
75059
57855
73508
72250
48607
57808
44919
51345
76207
85524
61222
47294
21289
76501
51802
30464
90752
64250
4531
49684
30224
46588
8364
2496
76960
5492
33554
6097
12301
22663
93788
7631
20682
54786
38579
89734
34763
36774
64396
8915
61122
96199
80149
74147
81353
2837
47921
8145
16970
30191
91033
48188
91074
35838
74827
15672
19233
46860
61981
79837
34022
94160
44145
19233
65486
16608
38412
51799
4569
23880
55568
27342
19875
44732
58420
33869
70043
37218
10781
76054
1309
12853
74092
21694
27021
26840
26169
95397
61641
96475
99506
45034
12082
82397
96778
91447
99761
40321
62092
33786
76670
94976
15292
98774
73818
17214
34650
98464
58731
98877
23209
31735
56085
26949
71578
63504
6434
7999
84893
98438
21432
38934
73702
46421
76719
52039
30411
73987
80088
5100
51975
97611
98651
40259
27548
99221
55869
58955
23352
19908
46331
79459
69181
39111
7479
29810
74914
57921
50544
83275
23095
29927
39553
49727
90490
44687
56245
50682
3297
74557
30359
33077
54530
98121
40061
45806
30850
15829
95044
23192
98917
5941
95286
74710
870
70628
70834
2667
11205
10961
39667
33895
79294
20001
91020
3327
92752
30002
71095
22697
83993
90435
54766
37917
8710
14146
41685
63086
80303
11600
46187
6793
50592
53690
23505
35065
84551
67743
81597
67005
90869
965
66231
35463
27800
51845
59398
35432
99348
59343
90732
13728
79945
67967
97269
94159
36367
26030
42218
66838
24686
54471
24213
2310
3151
62993
78575
22404
99496
78248
92359
80518
11265
89847
83555
76386
31227
10813
48829
66543
23756
31228
34606
25680
54124
40609
46750
59369
13124
3564
63292
52607
20792
24960
51772
35702
95013
59547
53474
86721
43151
23213
5795
55386
80338
29372
92747
13137
88588
97957
8639
27545
62922
56381
99633
73767
1724
34727
2104
52593
19130
60861
99702
38494
47273
42020
54900
1152
74109
39298
25412
16382
54830
422
438
80099
36481
71221
21922
69677
82653
52466
97245
97772
35162
38854
93936
9672
77563
80824
98929
29080
72979
70264
18495
75962
75455
69002
99588
81181
60959
67881
15986
85930
72183
62135
37936
10601
35608
60523
32317
71994
12599
64598
20476
16935
43699
25023
48564
81478
41925
16353
29158
7061
31525
79123
20990
61216
19150
3515
21920
92323
52474
37410
53636
69742
64429
80839
20003
59482
56690
73187
40664
35882
67014
75175
83644
55860
83334
1505
96168
39437
43519
547
91451
56463
75980
49072
84939
93037
30885
23105
6888
33131
30284
27912
2819
82003
79988
59592
35958
89029
25594
82879
91268
30634
2933
35686
47640
99924
60248
96911
48039
59767
61947
11832
78086
37423
33437
6009
45162
55941
67720
23512
65699
91441
85033
33035
36938
64365
69662
88735
953
58960
91286
3276
76606
51636
24090
27531
37502
96251
61542
43808
24122
65566
14446
30620
55954
81820
1370
80525
12366
27685
20980
81639
18706
22305
73475
48132
41173
44588
58296
92730
30831
61050
55279
65642
3281
37808
20683
67522
77430
97303
80256
9991
13044
10986
43137
37289
82769
23223
18834
2094
18105
90143
86116
56943
41094
70028
77722
51083
7971
25218
78209
5583
61879
64
36098
61114
82431
30899
62181
7987
49400
81137
43823
4758
70295
66558
39701
60317
51179
60363
40594
62217
19369
3054
20751
55576
1697
75741
36368
8762
87422
51585
34679
5140
84941
94194
3257
55806
71369
67876
42125
47838
62740
30557
49123
94523
7718
57885
39504
57987
71309
61154
17007
9113
6440
70094
80916
64529
97650
12819
66082
94849
32515
25248
57007
13374
11303
47143
94926
34865
52339
44467
26840
88361
59776
87546
68046
87824
80587
75833
38329
86337
56187
82538
12370
97268
74841
6931
63032
1399
73541
64387
45761
86757
42999
4074
36131
45572
32788
38016
62697
44370
85576
4999
43581
8123
27763
49387
48921
29839
42787
87118
28020
92747
22814
9597
73175
4784
92591
48584
21923
60231
89301
18702
99619
79896
60597
1907
9157
73609
93366
4428
43110
81669
6962
93046
1937
65927
30632
24508
94764
24285
42453
37228
76372
37383
88344
13673
10346
5712
36562
28005
63786
58306
54172
19656
92314
41262
17327
41645
11276
20815
20484
92112
10930
83924
75273
36322
3420
29999
51647
86869
52299
44814
36479
76632
5082
35650
47439
58254
34591
83219
95418
56624
30237
90343
57918
47152
82980
18149
75736
31795
79909
87376
15133
49733
33578
66200
38966
53094
96379
33903
37845
49871
62776
80539
93429
66110
86673
35468
87201
3806
58957
81669
81161
35825
31515
97711
48661
17630
30731
85437
73590
86418
15875
16344
54753
24064
22525
53773
25886
39258
53933
69102
60309
41646
85027
49531
84611
57248
95146
39023
85817
32200
3829
89939
21720
89760
86103
73887
59330
79383
21263
65072
74611
43990
69620
8549
89174
25836
20391
36881
42911
79381
5222
84696
16075
90091
49308
9234
49975
36817
15197
36952
61710
40348
96136
59331
35375
64998
48377
47404
72180
1954
83882
92206
996
25811
45333
68899
83134
97767
4846
25970
42211
55923
30543
61593
69697
70859
36851
18785
59661
92613
71917
29166
41913
71633
35232
23996
70967
74721
74785
57005
19163
23500
75952
9978
76608
68652
95932
60004
78699
68016
38880
87666
53294
46437
76429
26546
53617
56366
95074
18789
31922
53362
96456
13458
28690
12269
18436
21168
51350
86656
69313
92113
39649
66903
54816
39521
71437
46346
32014
50340
64948
57323
31819
36712
57183
34054
30063
70137
44513
14565
32574
10444
51355
59394
47795
10082
75787
70327
24533
80478
93960
47898
92249
27672
94838
38896
79672
19773
17888
60063
86110
99441
96745
75092
48241
42633
34610
33856
30312
37365
28406
17539
73924
33210
30136
26064
26814
49352
38812
78476
53348
73192
10444
86675
26601
5531
36868
9304
67585
18393
91607
15161
61190
27865
79336
67585
41552
93167
3272
80388
72248
77834
90215
74923
80128
43544
29976
89480
85935
54650
66735
62297
10505
87379
54112
37212
73348
25283
54399
50838
1093
32656
78159
86570
51658
67751
47205
97263
14959
41945
19060
12867
27104
12776
95167
39501
5723
31761
89440
90863
77877
93904
15668
46291
23409
27011
63800
28449
85252
66107
19055
41345
84021
21267
8995
91040
37666
75619
79701
72523
23224
41002
42967
76037
3087
9331
97531
70606
8541
60454
67899
22877
72862
44236
45412
13297
68656
29547
2344
26956
71544
25278
75558
64316
65191
35617
32797
32808
16404
41486
9700
74178
36010
17861
94206
92078
22589
51456
57711
90724
28352
45144
63762
59285
68609
6578
50434
83362
80417
1481
78229
24199
52975
42108
27544
56176
93408
90940
72531
35560
87177
86599
34048
78717
30895
12315
92941
26560
11190
98019
18748
21447
73693
19173
98634
18228
76842
1356
16462
2638
29024
43304
46658
13885
30691
31665
9571
54864
49248
12771
40622
83526
74383
56793
87039
30407
75304
24868
82047
16916
92100
16190
42742
94594
32409
30888
71299
86547
57316
1212
83728
89703
25455
16093
14782
47032
95695
42231
24722
3537
33857
3669
81359
19043
42448
92080
65617
7565
67878
69180
11239
75788
68244
15794
4707
70430
11312
26175
34685
83392
93642
81178
1687
11473
30154
28135
56700
16052
96178
86711
61335
75072
98733
85800
12248
47767
8887
43785
34027
95539
2450
79125
10149
73024
91438
85015
1520
10221
52266
67963
51287
9960
10529
57739
74694
25244
54061
87063
13281
83487
25082
14126
17087
72986
46673
51200
87086
80347
43170
51175
39490
54692
85177
99038
54658
27296
97675
95596
61849
64616
84454
32448
41738
4047
92790
54997
84483
84911
32506
95903
67122
69285
65176
5467
36847
21044
52286
31939
44838
6208
4746
95169
16585
20258
61419
7632
72809
36119
89175
26110
64857
76601
73255
19313
42409
2348
71983
14030
70181
27244
59188
2240
26747
39640
27371
54625
26004
96748
34773
87871
84414
72222
51751
2088
443
40853
82725
31996
91064
2578
20529
23363
57705
86877
69197
43447
58631
82909
16693
34334
92659
3149
41563
23399
6830
54521
93947
81447
96790
38114
27673
41963
15343
1605
49915
24941
46408
94714
34794
10319
61868
41447
30065
31575
99481
91095
71962
20716
79199
79765
75906
26526
74116
92818
58108
78032
93541
30058
4600
81507
28135
84165
48443
68493
18272
65260
64773
97443
37226
66367
30522
42121
55325
66657
64984
57670
97503
32724
82000
56450
81819
22875
99303
28783
51541
54568
73620
78813
63796
83357
40996
45084
66386
40892
93238
60779
60239
56451
56379
75647
6206
47039
19196
15010
19170
32041
85213
97078
9259
13755
24478
43373
55221
51092
1530
40565
86420
88353
92047
55817
20796
57093
59482
39383
60354
75667
85029
37041
73738
50877
23782
90249
88776
15653
61281
58448
62133
27655
33072
43750
66940
62609
82802
37736
38703
26680
77153
15920
65644
51738
63484
24343
19867
34215
68471
50281
82659
66982
34083
24839
73147
52771
1785
28182
3848
52709
49458
76346
89837
98435
83077
52477
92355
73860
91182
14450
8404
7764
83949
15903
68778
50180
28413
67260
93854
71347
14962
77129
52743
12180
87093
43329
78739
9160
10537
97038
77091
78859
70658
96790
85540
80739
58173
26193
71084
4198
93825
10119
80400
21346
99308
4347
5300
48967
32345
70351
74568
13338
97681
94576
25211
16813
90590
96757
84296
16155
66120
96978
27846
18211
25829
85727
43545
49271
42955
78037
53291
43599
82776
12258
101
77989
30483
49184
54703
29707
31419
3362
10194
60652
63409
38784
96876
84030
62844
19515
88391
3843
56067
83713
84811
86772
81190
67510
87042
30086
57823
91268
21193
59859
18855
69029
78905
78865
15308
54840
51074
12941
42262
88614
30865
26613
13885
51455
66104
44488
72269
57173
45107
29169
41126
30111
51109
30415
81620
77376
7735
88737
109
3864
53785
14038
28819
57223
85279
32888
67480
89899
25831
75484
26242
85556
66394
85364
53427
18825
29501
6776
29695
59438
8180
8357
63484
52072
60734
82985
88018
18085
96770
41369
90397
67767
89379
21822
4722
56429
13202
88466
21036
42260
47697
38218
82208
92187
48814
45280
47282
91503
13303
21373
95550
53664
82127
84021
49231
58394
15615
27521
73510
66521
66131
51093
46565
58093
7833
73601
956
88824
13972
88178
92660
8789
83157
13486
84462
64555
44361
58547
75112
66189
36936
6242
78608
39307
93291
43098
94923
57722
31947
3841
61076
53007
34321
9271
34663
23855
13204
40081
3059
49945
92907
30494
26866
97571
94041
61416
18201
89268
52999
11958
49902
52324
55123
96297
60415
62223
32945
84801
73055
13709
85722
97462
36633
35220
2169
36450
17521
2916
52260
19024
98019
87759
448
53141
81030
36603
69046
92505
2322
86875
43050
6091
34245
95089
12902
91813
2539
70709
52420
21689
25911
83207
3890
76713
10562
69988
34239
4106
99560
48775
76407
66397
33013
86428
6714
29155
91928
21481
17371
31366
38521
81977
18366
34154
56539
30985
12809
40063
35856
27452
39163
44502
64436
18934
86557
61836
60654
49483
76915
42660
79416
20630
636
70995
61112
50762
87674
14547
43979
35545
80135
83636
6490
14840
36075
82069
18253
54418
63744
2638
47023
62472
64657
36398
67385
14667
86528
71591
34772
82900
32007
40740
99518
11487
96417
80940
40474
52360
10990
29972
62408
72625
11007
81397
86872
6218
55796
64586
24546
27171
41696
70882
88664
61003
59135
32689
42213
60665
54944
91889
22968
81485
10716
70077
10132
98887
30478
28479
29198
53271
7897
54862
24190
9310
127
99451
68802
46776
99304
54639
32162
43803
40259
14451
46702
15745
7014
71705
64932
54486
83349
60119
54768
23184
14452
15485
7796
85796
40784
76077
68664
73905
59524
20197
71149
70628
7662
77343
91392
41573
53919
90161
44655
25780
99232
27563
48083
58989
84759
47558
52006
31244
45301
10142
5337
37223
80145
24964
54417
44946
6113
84920
89337
88841
30559
98964
58297
43403
25978
1424
77954
40626
23492
79853
19107
1045
20321
48225
25553
7106
67864
43864
21868
4703
46874
44829
10989
91357
77939
22961
12635
39363
65125
89618
22868
70786
63971
90014
44773
78250
42935
95961
60192
89102
59025
35462
97555
13891
27907
57349
10071
99446
48072
64925
25181
22568
31394
15287
83147
5332
65938
55191
80182
46808
41483
39858
7841
5080
65664
93815
93461
96130
6450
88806
8936
76258
67487
3783
22969
39052
96552
89700
77348
6993
96890
38561
23571
14225
81484
48815
73497
37074
36372
21568
49949
95085
56708
9936
10277
88272
32393
43291
84413
91175
55181
42455
87748
15179
56476
80920
65686
91565
66645
50757
95626
74770
73477
44742
43695
49337
34752
24564
73371
98840
71905
73488
19932
9973
5430
25200
49150
64625
45356
91492
58097
70954
20317
16439
128
28626
40155
79301
38230
84264
54931
85463
65087
45083
71113
80918
48908
68914
71305
51728
73085
30674
9858
16970
14474
68150
32775
36279
74267
63170
27542
24346
38862
32444
47689
55860
38874
89845
93055
96811
75390
19046
84313
40063
95578
90584
69257
86687
14413
53551
93559
33720
49067
67821
19554
95538
50102
55616
53407
36813
5568
62086
90586
95212
72110
49729
70417
56985
72065
9611
88694
69299
56042
22957
27694
64874
62371
28707
47868
94551
52939
33685
9858
98758
40899
49170
57328
19778
9130
96437
24200
50175
59200
39599
45490
53840
72149
89308
61059
36614
33325
90459
19989
57394
44622
68117
953
72511
70037
3109
45139
13584
27439
82226
91988
92167
89758
31096
74017
99914
17316
55496
87658
77115
6046
64499
17934
94947
31485
93626
91217
76242
27727
4230
75911
26210
43092
7149
54595
97674
58491
47868
64533
61912
51646
96799
94445
10910
96294
72512
82025
92982
89336
76366
87399
54411
79429
60698
64698
6729
78917
22243
47641
20024
94578
61765
22097
82980
27372
37348
43760
51500
95166
77690
28230
89163
13421
19818
74257
2404
46863
1418
22826
92402
74643
62761
98776
41086
78503
12522
94102
98435
77067
17677
78294
91932
70008
6154
75871
58232
77531
79296
98589
19417
29275
21627
64318
16345
80036
33707
52558
5973
36633
82921
78946
69038
63651
43956
12752
9264
85999
48301
24792
56789
72051
72881
86355
68684
9496
74605
24841
53017
57964
98417
67444
82704
94602
24877
36283
52541
58685
30596
45265
74615
28648
32077
14175
14773
22804
71856
63963
26343
27310
86683
29866
74576
25743
82007
96463
26623
22927
39598
79561
77764
26023
97291
76755
6703
44432
49997
63559
58562
77116
9420
30895
73949
38177
45471
60547
22076
95399
18859
31325
65759
47109
53049
15770
1540
25339
47405
52785
26187
8710
15637
56903
70659
47786
32538
76788
80034
30675
28669
67981
76851
76581
48173
99260
31440
6949
98835
45235
2656
35021
19885
4264
26320
43378
21586
83849
10861
27045
19826
45831
45066
63132
98931
28853
58818
49148
88295
89770
22497
65293
47064
62802
44323
9419
38266
45373
25144
80030
71980
2686
88175
54556
98741
84143
32892
84172
36548
68495
59554
9892
99764
15829
13376
49720
80666
50017
49353
12255
44605
67381
86165
75178
9886
82815
28893
60940
53865
94449
47395
1607
80467
85914
20251
91044
43043
16752
18951
19134
15859
35233
81922
75619
54890
68974
79748
76382
32854
54138
99180
78966
36674
3352
66730
71065
5947
64832
25008
46246
18697
30149
34350
14441
42518
8891
96306
57756
31895
53896
48889
53783
99381
45079
51620
90501
10406
65832
79229
20199
70476
48854
49733
64319
16777
12759
68449
11200
10273
10812
37027
70254
59655
4711
72933
63967
34304
5017
46246
49013
7980
30859
89930
25972
88915
11751
38962
1054
91095
79907
36785
73757
24296
64756
61550
9504
86604
51005
35192
69286
15623
12014
20391
59139
88633
21988
94672
74864
37353
3457
37603
28834
31639
69023
51770
68090
69126
45372
84903
81019
74948
97595
1717
74016
50350
76936
8037
64514
80313
24873
48092
18732
96159
21574
53807
42663
22212
54931
71127
39618
24878
78902
29567
31123
59071
7875
64075
55497
14036
15644
13749
52635
57768
54320
68091
44949
87088
67555
58538
55389
53180
53872
53151
86323
83971
29047
53411
63738
38422
19239
67268
69310
44011
46500
62930
83709
15708
1554
79382
28985
6035
88648
75752
35085
73720
70843
29155
44401
61376
21461
97082
32562
30630
56393
70710
27289
97050
51632
7665
49536
84435
39335
2208
45129
44892
73482
38980
10311
59333
81311
29271
43254
94376
98249
51168
38688
13467
35199
48012
67143
7479
7018
85932
91953
38756
6535
13489
94663
13545
55669
91171
36861
72784
46031
38448
12245
37289
56566
60252
69140
19597
61676
60073
84466
98966
58903
37601
29918
51217
66047
53867
9624
10939
10438
23641
5545
67115
76911
78689
45751
41285
23492
21757
35977
51878
64178
61288
78096
17588
37034
54976
58148
81827
7821
39655
70806
42733
59790
23888
41593
92011
74549
66051
3284
71441
33148
48326
97659
53038
316
6632
90915
86206
9116
37323
32148
30338
92622
17999
43739
67521
19381
63872
37505
14838
1421
50791
88943
49814
95657
99520
79985
30965
51979
97439
34985
17564
84908
5651
76076
36596
54115
92757
58813
34267
70957
48465
81421
84037
1474
7569
22504
71694
96672
80907
93560
22970
37182
96169
77176
7435
12932
13920
97248
28629
65
77253
46976
86834
48164
1345
43271
79744
67908
62009
5725
75189
76246
24985
51885
10874
78995
80330
93345
26967
6719
71736
37057
99024
30442
18672
97342
9978
31652
85731
44485
12199
68224
58035
29340
99973
27427
90587
58322
8970
43479
45542
73266
17127
26891
21665
23965
7558
93541
50025
35187
23902
50537
61498
36664
78310
28454
30762
26422
53506
4963
24836
25780
38736
93596
42474
65654
70381
24928
17017
61538
9734
33527
6071
22676
66806
25069
12530
9880
15630
67503
72023
42238
66419
1240
18814
18000
60187
46797
85224
79197
26684
91622
30469
56831
85134
3011
29606
59232
90522
26847
13453
34420
36694
88958
57906
44073
58714
67916
42529
34323
79975
2862
62721
40079
5272
87395
26805
14651
32335
23909
27824
73038
9021
32291
37551
97645
18683
18084
49572
91830
65607
44544
49545
67463
11317
1274
47424
30958
37078
64618
98209
34047
78946
3652
76599
11193
56915
66315
16226
92565
38207
69458
58486
81107
26155
32302
66428
59177
37668
83654
6083
37752
43726
46096
15507
20831
10141
47619
38361
53647
23947
67102
86135
79089
57225
51969
28734
12005
26416
53416
92820
32984
94675
98413
61755
33024
46288
975
1270
59008
96229
42636
51469
16399
17343
50699
55322
29838
4736
91696
56374
25123
85356
56115
51016
8135
90088
34718
413
2853
61437
60634
55642
69479
42580
22916
88267
4031
42584
99505
26983
29052
74706
69879
21823
25156
7467
61560
64730
91921
46980
17549
85320
59580
96979
40238
8826
68842
75380
21180
50729
97237
44971
3395
46538
65967
87724
11372
28209
10251
6030
66389
15412
97942
15990
35998
4966
51046
7448
85862
84531
97228
36174
82432
98287
32114
96192
56827
53578
19588
59738
8592
69639
45025
45608
25432
35569
95744
12638
61555
22969
84281
49736
94165
64755
24832
89604
63382
98541
37038
64823
64462
1882
98693
95156
15510
23493
47343
18533
27314
5489
43346
94673
58857
64534
20916
68850
46597
47538
13925
83122
65297
48684
37687
80406
53289
94128
43805
24853
30051
94389
72978
94875
165
5563
72505
73764
78560
15741
34639
40065
24434
26096
33400
53869
48425
99765
34938
13261
14088
35148
2566
45691
7099
4133
91905
93192
86886
90556
5400
68513
45156
13103
90267
52750
50061
64310
88627
4265
48979
39638
2255
32376
28506
59649
50770
76945
99226
73723
39484
17372
26243
25671
35417
59701
62581
56901
67411
36062
76396
75736
43295
92093
36385
82267
23346
65941
81279
67097
73890
68206
25005
8537
12164
20654
43532
97763
28427
12803
4562
31650
58166
51453
62358
45580
81666
99980
25180
37090
76189
90399
21075
39269
74521
72502
89976
19620
44
92626
587
13923
47694
47305
3108
68689
66662
15080
55522
94999
54846
72702
52003
44829
60535
27046
33759
73400
63127
36295
1174
68698
23400
13318
39601
98045
90055
40407
83464
26487
55170
44241
73903
8285
87960
82821
65463
93253
27375
88037
21347
39792
49049
19247
9920
55185
38358
15878
76329
61129
66183
8909
7998
788
22446
65916
64240
96657
62325
21763
34084
20235
4271
50352
49563
90849
84174
14907
74412
90278
34565
13207
55098
61084
56368
63015
85755
2739
82382
78046
88681
52772
72163
51448
34042
79906
30311
80241
25086
92302
81724
83051
71132
55308
99252
18053
69910
16138
29052
13379
4286
7432
81339
99089
91981
71341
90380
60923
88613
94172
93680
95678
3169
56363
91428
28515
38866
53072
47402
7051
73415
63982
50251
38644
93544
23443
54933
22667
78658
4562
86978
23816
72564
51564
60692
11586
694
12003
8450
33848
17868
80061
34597
20559
40212
2484
69579
12178
9057
53436
15053
1253
45903
19727
59103
88972
86066
34080
41209
3974
40785
53028
51643
82095
52446
97150
74945
5457
53512
50445
71535
16436
6282
61949
89125
56789
3316
91793
33522
6710
64727
42255
6112
25243
99612
47278
60466
4116
38721
35685
62049
18245
29110
36837
43070
13900
23343
3811
85247
87032
64594
75420
43870
70465
21830
27691
77006
16078
29931
67708
24074
85847
11023
18350
63545
98437
37675
44840
22173
54689
14161
25523
17299
76326
77777
67125
26958
27577
42358
56961
24916
64182
63285
19933
20036
40007
94282
43654
13409
41502
68015
39194
58250
75048
79465
71983
25108
33891
18408
59481
2901
40575
30126
88499
53571
82239
57808
16818
27188
82273
98839
80666
36683
9823
50327
20901
80366
27856
34366
99121
47013
58445
75097
9310
69224
59095
72527
41922
10083
30814
7389
20216
14781
179
70729
93372
99981
74114
69152
15711
80447
89057
38772
11087
48644
38976
50847
18175
94124
33893
69062
36003
91104
58072
79219
55826
83574
32631
60625
84209
81834
71959
88936
95667
19395
80569
66376
54634
623
22921
36165
79474
57091
43379
9800
50897
7614
63370
60435
84140
60972
81825
20792
99603
94820
62276
37690
70294
46116
25327
17043
36724
74093
99225
81165
68917
35440
5553
3638
14879
81820
55870
37594
78710
73952
83215
64059
59671
26589
70409
9715
67491
28188
50168
86040
84768
24704
89622
78620
70790
39899
36997
67787
14079
25485
49529
4492
40069
48198
45888
78975
84873
37613
11603
57243
45250
227
3239
82579
32746
86960
14650
54577
30523
36325
16013
31630
59651
48658
16466
83628
61812
38117
47225
80733
50746
664
30007
58266
46596
77663
94830
99697
59691
55179
88666
58117
57947
64661
80145
87752
51399
42574
80895
74110
3248
75627
64903
8436
90382
60124
67512
83542
35206
85870
95981
9001
85980
29168
69972
65910
64846
12033
18273
84716
20830
64881
76026
36883
83085
1938
26609
21981
41116
51342
45578
54268
53793
18461
97356
59993
31229
79352
30282
55101
9146
61540
66286
42161
57905
19872
45523
97756
5029
77087
77573
55821
94276
49238
12149
76943
27387
42669
82146
4301
32648
69470
10395
84004
46037
92028
57552
14278
37122
8991
92600
77740
69520
80564
45382
98473
36337
80522
23429
51486
21849
44613
26536
81129
19671
84094
41140
34671
39146
71405
47663
71213
71689
36060
85323
23243
10768
7524
25690
17240
96724
36328
97537
9633
39890
6673
98193
73111
95507
43948
93153
18874
85162
80509
24814
39346
81449
95729
51910
41875
39604
41164
94333
49625
18140
33020
54506
28290
20407
94536
3478
11555
17240
20297
35552
16836
50788
11497
25824
8613
51655
53645
19795
13052
12435
63165
83544
68948
28590
94864
50233
99947
91132
70479
6830
6572
6878
33542
76709
67917
16787
26884
78488
71967
61455
76309
27068
79545
27925
52632
80272
78155
4868
7391
4382
68266
45750
37794
85900
87547
20602
12128
37442
12688
89954
33226
62807
96891
97435
28562
17086
56326
93685
41827
54695
38193
38080
99641
21744
83878
5565
29608
95435
42731
49354
10263
69036
11604
40352
32963
95718
60862
53495
25371
43780
65021
97113
36135
44913
18425
2376
53613
29814
54234
85998
44567
85875
76044
23437
58491
58129
15336
2257
46479
5144
46366
89797
35925
68562
81101
63684
74515
58957
85415
50371
55233
43485
89416
93682
95945
41625
96200
64687
8205
40801
47156
77888
25412
56931
26904
11698
68136
78642
96701
96858
7340
32775
9067
80629
74656
46613
33101
74884
32765
52484
49187
70129
80029
68544
47733
79278
62224
83290
56589
23043
57880
11837
52098
98415
71353
32452
9284
12808
32308
61061
8299
34274
8532
50090
68688
45068
46031
31203
67847
1178
12486
18456
18227
10156
99755
46677
82998
34723
94810
41481
3381
28808
89895
66503
65166
32623
2326
38026
64244
9547
24837
97663
57340
53592
53373
30596
98966
14194
79971
73844
56561
58387
69941
4060
8683
72914
72034
84423
99470
8775
6433
30613
28079
99875
58296
45391
1230
84132
86065
29046
95827
19920
23099
87160
12944
79609
41448
57181
97047
17582
99559
82243
31177
2525
12720
40058
57183
59246
76654
40152
40142
82097
58542
95233
48910
84887
32336
25038
14955
52372
35143
30054
19835
92332
84062
73950
72425
1137
17749
64711
67844
85920
68484
42196
59641
65121
27493
26858
37125
22671
14750
35150
37311
65763
14971
17959
57192
8219
82887
43323
12879
9080
29168
48001
25331
83269
46928
9772
75105
95538
5935
95155
82175
69490
87758
19601
38505
40866
24239
23933
29074
70593
48198
26147
51937
17379
12387
34967
13255
2403
41009
23971
88738
42033
31206
90321
32512
75734
50100
54298
15510
79896
89632
18714
96531
54716
26822
66254
28225
72868
37739
13890
97044
25971
32709
99843
48461
2095
7140
46385
62505
64826
79777
89796
49711
64007
40839
46021
49652
53625
51173
62469
90661
64617
98598
27222
99918
49860
91108
68103
26377
83566
95432
75635
50557
20338
52739
74632
44381
94077
35563
30470
92082
9395
18179
74075
82053
29780
45580
2859
27370
11069
32857
85144
87366
16148
41827
66395
47723
50865
13600
5408
19735
38327
66900
14475
54312
13487
53800
99996
39152
14165
78310
65420
79229
94216
90942
661
69954
32388
66464
54272
5145
28232
54533
27177
33
51216
36569
38844
52567
58191
46301
92770
45965
78325
13137
51604
48811
96331
45201
99986
44869
1130
44678
16768
43400
82345
71225
88613
91067
68420
23097
15756
83611
13404
65483
36776
97078
26338
9956
64503
77624
77520
9610
32864
68134
91282
45771
91262
76422
20391
63098
50359
97775
32236
57833
18024
57797
52112
31098
35824
46893
17569
97305
23537
8497
75763
5354
97155
64813
69942
28592
77318
32868
26718
67710
25708
86122
46688
47760
62135
14072
74567
53543
71226
75342
88027
62937
21209
77202
77029
44000
73
6446
72413
31024
13893
91090
36710
13500
35271
29794
68776
78387
46409
92995
42978
47867
87403
57813
5764
39677
42930
21881
68416
86852
49836
90781
83882
4601
91132
60610
49153
62796
52505
33312
77244
76882
7328
16258
30099
95034
7613
19077
79728
48898
15098
99946
50916
98072
40435
66187
4150
99735
29653
31166
1903
99971
99288
36074
98018
56338
23695
50495
5054
79718
88232
34628
40201
95679
73874
84494
61978
57244
57307
48712
63213
44842
73439
73121
27491
49157
79929
24434
96774
44475
51247
48141
72199
28341
48483
85951
58765
84771
94035
17179
27941
91670
45427
4226
4042
47723
31244
86894
67494
86064
85646
14207
18029
9154
56473
72174
82750
15539
97314
86058
61681
95328
77515
75543
53661
48922
22969
54844
84799
66529
62786
84496
59428
22067
97644
59640
41223
55643
91743
50031
27313
86528
13025
29896
5433
91753
25703
71832
33722
77117
27562
15884
3346
30272
66464
80796
37013
93229
50384
94592
42120
6990
24332
33924
27909
93805
87960
19721
68681
87938
95451
42765
79626
43403
16749
1520
65134
29055
13825
71940
13261
52541
1872
50147
81638
20334
58133
70574
38710
42753
71464
31603
46361
26283
69228
48035
31328
73621
97742
75363
86782
22003
8024
13649
39083
73825
6297
9776
65277
45674
42
57953
49248
51676
26826
13032
55609
55266
37953
2156
40243
37597
39242
49845
39601
71387
32603
55820
24348
25051
67150
77101
79911
16259
82211
68376
79503
54542
76532
82439
86405
53407
18897
13505
30190
75765
69947
76822
90450
38900
48571
83345
20904
507
53567
61758
98631
26118
39010
30468
87923
48296
86708
81243
7083
72418
84500
16511
39505
48886
14852
58321
75462
30683
7631
31893
81759
51210
24324
50481
40886
18201
23361
38968
90691
15766
48057
82087
15321
79748
99552
81472
92949
26211
40295
62143
17131
95269
52511
53041
65119
69826
10765
33809
58922
35281
53194
62012
73816
9620
1600
51558
29423
74094
37270
961
89540
60572
95511
37771
8506
44798
29174
45093
39553
46906
23836
93374
17971
52265
91988
84061
78890
15916
705
92808
3269
24482
74949
37057
27325
647
66660
55000
24549
35127
56679
39128
34719
36881
70409
10534
5469
95068
46593
38848
567
41761
26844
41250
33445
63501
43014
41528
10292
60236
32748
49683
96124
57056
34437
69681
84663
429
82324
77314
34619
81823
76495
65054
53502
1478
26600
15044
65690
48157
9117
52407
86797
50230
99206
52790
57206
84558
90635
78694
45612
63013
63870
26547
4905
90157
71708
56445
85511
13153
86976
33637
97872
9100
32677
26037
22361
21813
48537
64642
95832
8342
36828
6557
30303
84230
29007
93055
25299
34038
91308
98953
69820
4736
41785
82136
53180
82332
15156
589
28594
77876
98149
67270
2456
42032
18903
78088
57037
33996
48233
59682
55277
15070
23093
79955
59778
69817
47731
96722
7819
13967
92229
58086
81231
57331
87294
9147
87232
53313
34777
39600
28534
44555
89749
53751
2796
27699
36239
94229
26607
10513
89171
92250
10098
38797
24949
42224
45851
76446
91119
89764
55729
74842
95027
12269
33292
51294
59074
90897
75003
8988
85954
65419
20654
1140
69236
37114
72976
2336
38994
96324
5062
60742
44290
95543
1213
73276
90488
83644
67105
26982
58837
32317
87129
36300
81698
77404
17253
11282
378
84622
23735
47986
13886
75496
55579
48363
69099
58645
61599
99174
91281
98546
53486
83653
83018
20054
32223
75296
97837
41062
9959
38569
26948
81922
46338
25435
93464
87673
59017
31620
59504
3668
19762
53003
60792
88610
13090
82049
26474
24241
65437
25349
17383
63573
39193
93284
30192
96524
46988
93665
63462
42710
90138
30465
63015
82648
7406
77156
46298
12210
92985
2075
70052
92993
67462
70177
63903
97395
76945
9334
98767
39420
11684
52928
16322
53485
8786
31863
69866
91728
27024
43758
75332
12600
20526
24268
83061
48842
21694
1119
33513
80720
34058
77348
50509
82929
74959
51803
80648
18562
99879
93191
6591
51913
71098
73311
92689
33567
15369
67485
74481
97659
37429
62349
5969
92137
6722
41921
80692
36524
27687
63217
38049
25258
88418
75914
5646
25412
84601
59909
56315
44503
61682
22659
93473
9986
36157
69215
86598
71488
11380
17670
4135
44154
90141
52071
24632
8212
95206
23236
68021
71016
81140
83211
48197
60541
30876
35834
68493
82273
30200
2067
87665
79560
82378
67487
8752
62837
26558
68466
55268
40934
30711
78608
80351
41840
31289
95215
11457
10515
47714
56253
51198
73541
98120
13967
9350
35655
19809
7772
10490
60339
68770
5429
37943
81258
94616
48475
70863
81481
95429
61702
71878
27122
97239
76730
155
2736
2832
76697
80085
90997
1696
56043
47832
72029
63616
33837
70110
2544
69497
35536
34013
9421
76343
31959
78195
22980
88779
46759
69343
4499
50731
89196
14427
3372
74156
16893
10277
22384
66899
1955
486
52494
62690
15805
97748
4714
29666
74216
22284
45619
19867
61765
89261
60620
46423
56525
61436
61726
40851
32451
34367
59648
94755
91711
26842
77608
94902
80793
69461
40824
37707
33437
42309
93661
58317
50526
48411
51499
90294
17070
43915
30444
6814
37254
42030
99103
8690
43045
3464
12988
20228
46880
40071
66401
30366
57378
10897
79657
22020
64982
26491
33950
75687
68488
32829
37303
27332
94566
99347
52243
58283
43960
54283
80203
93532
51312
9092
55584
79587
31741
12107
15014
59146
4905
3249
68564
77802
58851
45692
51320
49921
59427
62637
56137
33366
99685
44423
53347
65389
66231
42545
2511
78244
55539
37160
84694
69359
62498
78873
53
18842
4000
55012
54649
9163
54940
65796
98096
90923
12748
66664
81354
63835
86017
32700
43939
88302
90383
66165
13918
84313
90816
49826
90933
27150
31937
78675
32830
52163
97425
76288
38381
58637
69564
12797
39720
35464
77345
78979
59699
94613
5950
21133
39743
39288
62926
66597
1084
46198
97913
50387
21444
52376
43501
21302
57840
72408
60854
76862
93987
5225
73581
70773
1415
21248
57433
93152
13953
16606
44899
90742
17545
93229
5486
57011
36567
51908
66771
48181
65787
50266
97232
4066
40136
33044
77437
41857
62393
42649
3976
63817
65876
33798
30928
29866
82327
19875
54957
39346
26532
83467
28036
4996
20758
8603
29475
83058
60054
82373
6743
46954
10074
64162
11856
6110
21202
56156
7040
99710
81091
42603
76259
74790
95052
23954
32555
24671
83980
33767
14276
74554
36434
67458
63848
66259
13562
26372
91812
26716
55684
82220
99894
66003
10172
81725
87415
80970
53049
56657
58704
27317
44570
73578
34932
28966
92869
3666
87056
78259
76071
38409
97759
52915
91613
49808
19301
81712
18157
31559
58010
65445
33697
43972
37583
36625
71484
43012
37249
2582
95125
26410
69526
77157
83075
32139
95295
74561
86891
65272
24497
43716
84832
22610
9657
59135
59020
65861
8785
97221
3039
3285
2088
93474
81281
38223
33141
61074
9860
95363
47142
19710
46791
9061
50475
17947
29239
94832
9707
75901
46053
76082
24402
98518
8899
53248
539
80135
98536
2651
94037
49681
1560
579
77088
80739
93261
15940
97458
24796
61650
42422
45215
41959
11996
75775
12871
3524
70900
60536
36209
6552
94923
39238
56105
61262
40242
22108
66099
52148
24627
85369
87968
87868
96117
37420
83691
92835
67489
6690
30473
35325
81991
76792
1520
7742
40042
2815
84038
43835
17068
68216
68117
57891
55084
68490
21939
36232
27877
51234
37446
94270
83733
16345
41528
17947
26034
33606
34095
80190
22872
46995
62715
26732
4904
30728
27533
78638
15166
11276
75584
37703
64075
91596
16177
32051
38478
34148
37567
202
90186
19345
44962
9033
57616
53542
12871
32691
17487
17368
40824
85901
74527
34660
93360
29956
59827
90998
86667
92576
55552
54893
80580
59959
11393
2042
86149
11815
18187
8345
29471
58029
89496
51800
97532
69609
80164
20163
22551
72693
74359
25929
17596
8484
12010
76508
62661
32114
98849
58282
69368
13782
65666
4203
31896
1101
6587
76896
31397
15525
32879
92851
68020
29262
66585
26949
26740
20915
37030
58776
13637
49543
77406
39472
13640
93013
49858
27690
66898
26055
19150
16594
3236
19912
18162
61798
44203
30812
37782
2125
93266
28784
36185
68152
95118
78379
6339
89906
71374
70934
8062
96518
93132
94307
32240
14145
82666
19364
79455
26742
70234
20701
4550
45675
21279
11632
23641
73685
30636
22200
94584
74047
18795
92798
77806
55695
58490
59755
1604
74905
46500
30408
22824
52533
69888
74476
59276
41980
5992
59502
95580
25162
48992
91598
65488
40602
34675
89368
85437
71039
66211
87284
69574
95503
4693
42147
58498
33442
8781
3037
65666
84111
33865
27075
68628
4918
7686
22742
38046
53085
85119
76537
23009
93660
26099
53492
47872
51904
34010
60768
21505
46074
20460
89855
37350
84526
4674
86547
82391
45278
93638
67916
32051
78071
85248
30851
84744
69120
24163
12310
91034
97806
66023
56186
62481
97105
17629
32930
43539
27979
22157
96258
96828
80487
97104
74631
30240
42995
94171
52488
65164
21409
77430
56239
65624
24498
55032
41665
47132
3820
52334
51712
54956
60621
18570
71599
71122
94715
88206
80961
14897
57078
51076
53526
77991
5399
72883
96973
77230
67866
81457
83493
51129
99340
70190
33756
65062
3681
90015
72596
43987
243
92533
7205
37240
80881
75173
39671
77782
34688
2962
75732
51168
36451
21649
83311
31401
23585
16518
6824
96229
51815
85002
72041
66624
94688
17458
25845
15168
36395
44793
56725
73985
15203
56766
21547
77187
71348
94016
86112
69325
80184
27481
25429
78464
54692
5855
73371
66042
7714
56645
23002
58831
78024
29756
56497
89985
4196
41557
73999
30269
63597
18805
63952
84696
83050
71409
1399
75832
73027
15292
69004
58863
14641
52866
21761
99781
67976
14249
96121
37716
59966
5292
6077
33530
17036
39101
76734
28500
78439
28872
21530
39701
23910
33290
69080
69389
15625
89740
57500
82724
1489
44685
77116
43149
13062
99824
73242
90138
82183
27795
67924
16565
23105
3563
99109
56294
652
76110
42056
64733
1479
56061
16252
94150
63007
79622
29068
19260
45074
80224
65532
7103
55553
19150
67051
2015
86530
92533
72300
32718
41339
21281
35651
79557
24086
11077
88790
65276
22413
4007
36943
29695
2407
35475
67247
69653
41098
85438
30263
82077
6470
97270
75776
71540
23246
73488
61782
22181
47915
75253
60473
79282
8178
37039
72671
26009
55597
11213
96718
51760
44923
27368
55309
31857
50381
17011
96792
90558
11382
93638
46392
85644
27967
87126
44440
49251
4627
56096
92626
45577
89340
7137
59450
4126
77483
25423
15523
32160
11029
95207
64857
67066
89871
76387
46783
47858
71467
50239
3953
95642
95210
26108
13665
96506
21268
53585
26552
14379
59029
34632
52207
39747
89584
92992
62146
14828
28681
31142
33812
90840
80951
75380
74899
97951
18552
71502
80014
29973
91498
95763
61690
86047
88116
32592
40847
72076
49120
91618
58535
36898
60118
43346
30278
11657
97181
81369
26599
13358
87851
35964
46076
27674
35859
25656
40012
43968
61175
32194
17133
60046
35078
43795
86628
98196
51859
73230
99344
98782
96252
41178
68755
75821
71082
40554
14256
24023
17860
31957
7651
45470
37338
18248
27085
32950
35145
43116
24131
96711
87896
3724
16762
7621
86638
40961
6381
25597
67567
9088
85847
31346
20843
80043
34447
51009
47295
75954
35991
9266
19974
55146
83430
25182
13996
54403
17824
28398
18245
19352
47819
79499
66009
79408
68260
32573
43056
21892
14786
46335
66033
36199
48827
94180
15694
2747
28553
37824
48623
63902
19984
813
94076
50796
59654
23357
77845
83668
71113
94406
76770
5530
81326
67315
69595
71986
9024
81714
6120
9452
63575
45819
94406
9287
64112
69099
1294
71938
96544
41550
14325
17509
479
1841
4906
87279
94412
24284
35004
89450
30307
69369
91015
63054
30442
40018
10576
96935
14848
82563
4256
4652
53042
33341
96155
53493
38818
55532
47302
33756
94623
6911
78587
91968
14779
69362
30223
66719
40013
40993
77413
58842
10581
41572
73856
64008
99983
6017
89416
95963
65974
67652
92581
48433
39731
89696
63227
96527
37118
49059
35830
63367
94992
68646
77321
21757
59683
93125
87707
11386
67524
54153
80073
91725
95308
16471
17126
37752
39831
50639
45412
5616
43463
85213
72593
91130
11482
28867
53389
81960
45811
32362
95495
23357
16703
13168
77475
76075
76207
2009
79526
48092
70985
8992
96479
26666
9775
40307
329
85292
13998
58554
47549
29364
67778
66487
66783
96075
70518
18860
36120
17360
12320
53940
36489
24133
37745
71844
86259
7977
2668
16885
47759
8314
27945
96772
76291
50960
40082
57419
49777
60817
1560
64239
65237
32696
5277
2143
61310
98609
2369
11344
2794
26088
95916
70143
17162
8647
78797
16604
12383
24531
94448
30298
94482
80726
50890
68505
53721
13331
41130
76485
66665
36091
32847
23304
15674
86826
12302
62451
33752
28516
50540
90313
68875
75445
85043
80939
40638
7022
85738
16501
58904
6549
2505
14700
89017
36904
60886
59288
21498
53638
87092
90457
84632
41933
96839
78323
15496
42835
39259
33337
60321
72114
28711
72543
34646
7782
10035
39053
88672
17426
30191
95223
80444
47181
41985
9752
15496
62314
26359
79845
81137
32066
44838
77828
3735
75204
93355
77761
98353
46097
16137
23968
67959
49896
19609
52843
89426
19883
55113
93079
89557
39782
82622
16974
55402
66768
52504
85302
16849
79253
58694
89174
73308
16347
78707
58605
89408
33369
6564
86121
11898
44851
47169
18262
92734
59000
94215
97902
27224
60257
92869
32484
88165
69148
68145
74294
5781
58375
81581
69840
60322
66936
37908
91583
27832
28218
62227
30564
74342
43579
44083
51963
81711
21654
6789
18962
22870
5991
70291
18115
60756
58421
27877
94225
61542
96305
16026
15174
4010
46122
93818
39020
58917
69901
44709
36585
62426
55456
96408
73697
93782
84609
95594
10610
37785
68423
4750
91462
58252
52834
26500
77721
10412
2218
11758
33081
57560
13129
57671
18042
37995
78220
50554
38378
91400
31187
47785
84234
84623
69688
19112
95357
56733
78985
18302
32710
29174
49814
19821
82652
92333
57013
53594
73815
33130
13260
62911
10016
11473
21504
10779
40163
34786
59469
18740
64675
88767
11214
74298
45959
92627
15048
35106
77600
63607
19425
73685
90666
97034
75108
61856
56842
17071
30251
40423
25728
15456
5396
40555
13578
31499
12988
34794
45034
53625
4284
50719
6643
10141
81014
56773
3375
9733
31806
54591
49975
38854
13245
45949
62116
84752
50817
81573
30709
52434
52780
4578
83888
6238
69093
17353
22974
85703
28174
23837
25537
55792
37663
25170
92924
81656
18065
88498
11603
33499
12282
44130
89392
69661
20376
35319
13532
22710
86937
66890
76676
42451
43141
83466
43564
58888
19290
62944
46463
12275
49992
3956
74949
80344
31040
28705
92155
2196
54628
54900
97587
49977
99025
91214
81097
2765
25410
48429
25826
44447
33868
8955
92299
49367
8118
92558
79072
47231
98895
32828
27486
71736
10413
83421
94890
65006
31110
58946
61458
65644
6390
65291
69309
91838
11343
18736
89154
84640
7205
86364
19967
44203
36990
44685
68499
55742
12316
27855
89421
82604
51276
43939
78539
11356
64146
79450
45034
50063
13159
96195
53726
85521
75553
92588
66007
28822
83934
44605
36998
3135
83322
7202
14746
45573
43987
81815
46250
34536
12727
4643
17848
8617
68838
62335
12946
49400
74574
92961
33542
67137
96653
12389
19245
73255
31396
77276
76837
5116
79904
72701
75257
49976
3522
27823
32664
77709
95755
33534
82957
36118
54601
51310
15761
6414
65280
66594
52866
28643
80678
36643
30628
81993
17550
6874
33478
59011
33192
23530
63086
49392
4263
53114
43201
47055
12641
67706
61891
25558
45212
2815
94040
49027
89768
72095
60902
10479
37561
84657
41587
18456
46255
61649
90406
90006
96636
53788
29557
81586
90927
35781
306
52459
9300
11936
5797
62962
6388
48856
58744
80515
42538
8649
81063
59211
70094
98210
3309
94136
90425
72242
22931
27219
36362
71672
57904
87555
17297
34654
40266
86914
54755
1560
87976
21168
82162
92997
30840
81855
18911
97854
99291
28108
50543
94469
49146
5753
89280
20344
74185
28887
59745
7444
8757
24703
51844
10409
49905
54370
36234
51492
98205
96653
29136
20209
41926
31761
64025
66182
19029
50135
33235
42380
46817
2035
28607
1406
68311
84728
49629
87057
69062
49336
55902
86325
50068
78819
42212
50494
82325
60462
84356
38940
23181
99246
65694
92115
98481
88128
54961
97873
47925
63033
85296
24889
48599
42522
72952
87403
98863
41171
37260
31326
45348
84962
93387
69360
96682
29690
17281
1786
4202
43973
83196
93623
29514
32817
10187
81854
47615
33022
99259
84305
46457
5672
44158
73733
97039
49587
10572
49135
51587
7964
49738
43643
73209
71268
46865
97407
13520
50411
67801
19526
67286
92690
98909
57969
76441
54454
48627
73317
24284
23609
57723
66588
29359
28115
90916
46998
77562
8019
56369
98581
80220
84267
19066
10885
38878
5217
88177
67254
48803
81790
86110
1405
64547
90735
20868
99061
43988
77039
52585
55788
56743
78521
54598
26986
39732
9513
44459
86747
2564
509
31720
74386
33485
97231
95214
18197
23464
75742
88993
97545
34481
93906
97912
11358
14157
25016
79435
6063
64046
8710
9057
60418
1240
13464
78935
57080
31137
70253
89738
65737
83041
18475
55813
72994
84314
94985
46127
13800
8123
11754
10553
76101
28217
7138
81920
50997
39486
41295
20497
86285
81401
3924
63058
52078
63142
3569
91786
19815
94718
61395
56967
7520
22404
57473
4760
35859
55915
35073
17648
20919
19303
71960
28155
55920
29964
98877
18434
25157
19282
20468
88648
13096
75525
63237
46395
84656
8340
24276
3549
25939
41825
46666
33802
37561
3028
20684
61495
18379
73158
53995
6642
75099
16038
32025
92321
33954
7618
19106
19628
36993
64043
24099
92959
61456
78254
59538
42751
28935
56519
67175
27112
8358
52296
55167
63405
50474
94203
70963
64881
99103
51513
79577
91109
77518
95010
86750
92866
29087
41937
86390
98032
10707
45203
1314
99135
37383
62
47824
79762
69493
81639
94707
40674
94343
27726
13296
41576
42603
74006
79941
74
55251
55577
62096
56707
93161
13
93858
5519
92150
43134
13413
75390
12981
22084
43867
67872
17409
67607
24127
2433
86314
58111
424
55710
9038
46270
55936
2833
53149
41129
28902
28729
47337
19774
47797
79977
15391
89223
90448
95551
72726
55032
3901
15097
28974
79251
87965
46878
91978
5541
51456
81187
3010
24895
31525
94126
16827
61968
96624
8906
53221
20304
35235
2756
11988
249
58422
91038
88152
11057
90165
77105
10209
85649
12929
22178
2955
49545
85843
89072
79275
84145
94294
91986
63943
55228
78802
50787
38012
55865
80793
70899
83976
92823
14994
52253
34947
81371
89215
47513
16181
77749
5402
25399
72405
30027
43219
61666
43831
72073
83590
64671
2456
95421
24768
39997
50526
9971
75336
94380
31075
23793
29646
8755
81694
32727
16543
3857
80575
6496
18048
26460
8927
11576
55955
68711
74732
40562
78506
81208
29711
31005
97067
90412
35773
9815
56455
59463
15042
391
52897
1492
13036
83799
91620
56360
83798
86605
13099
67233
78275
77235
28581
95609
77767
44929
31993
96387
24836
82095
28582
13113
16333
93426
4489
28208
52385
73903
84911
80315
82406
21001
36098
57718
63185
49509
19188
92965
46324
32717
85319
38116
787
67621
30048
37572
82890
69100
20019
32203
97019
64691
397
90134
9440
40868
57673
51041
27023
32922
65430
56035
54681
58500
41440
63210
20073
62971
12289
63978
8196
85667
86348
79395
77731
70201
15574
39122
82886
52032
89399
31671
49625
43594
99298
41242
95001
9277
2053
6710
22562
98604
20051
88665
1620
27912
5066
31261
63291
30376
1747
36467
15298
96920
91945
73718
29903
29534
39895
32333
97660
45685
56625
71651
32553
50445
87697
77243
50437
28627
61849
71206
7722
72961
35260
94730
73207
37532
21561
30740
193
90569
26159
60786
30796
93483
70684
72533
42805
12501
29086
76457
74529
37922
40022
92626
59787
93396
14937
97867
99154
7979
95157
86996
11274
64299
53656
95322
76654
90188
41822
75406
89719
39232
38242
26456
33561
79386
20642
77578
82689
66796
26561
435
88794
98301
73974
78227
52382
19106
1944
22410
6956
76970
89296
32518
86011
57711
9631
51179
65964
51021
44377
51053
26974
18097
11214
93967
51619
35313
56327
25909
49865
97778
15629
84390
24224
86325
84571
56808
42284
67533
92676
85637
39002
30821
60311
27309
9231
81595
15086
95278
25897
34733
94341
35694
15837
50503
69022
53252
94995
22170
81724
41014
50495
76466
83948
19473
78805
29091
21816
38524
56056
89279
93147
77206
28392
1665
46647
89269
79979
69862
37021
3573
28572
46816
80690
13107
13863
70889
2944
47371
45988
32664
43153
82517
96782
80114
42084
22989
20255
49828
66803
67033
82112
8679
18841
79382
11140
39418
54094
75535
4411
69205
83233
43257
9751
36211
42324
7852
21967
88940
92598
46097
13619
68468
2736
59743
35647
49572
78176
84021
64498
88215
82631
77276
35194
92424
57730
7801
510
68029
93653
7107
52491
35117
68889
31541
14552
24274
1148
27465
13196
20561
79928
53432
5309
64429
28961
57322
8946
58036
26480
96450
27598
75351
3492
94172
55129
65867
54900
38426
20181
40822
25842
51194
48792
6561
59545
67746
35206
45974
1799
16399
71474
28507
49674
87917
26251
88244
30521
90352
32661
62848
57291
53691
5115
68542
40438
63867
64177
81604
7874
46654
63936
26813
84955
95855
66709
36112
31469
92269
64661
71706
58410
75081
77603
78459
81044
79678
18200
85069
82784
78863
60042
38671
17255
18026
91233
47346
14052
30543
29580
23625
43856
77863
77943
30876
36842
58155
67007
60326
70158
82036
71318
51234
3361
9263
68048
40766
93678
9049
38072
15532
51954
28304
75033
13291
42299
70436
64963
62680
35109
43255
55393
64804
40733
48621
71716
53228
32246
74470
71857
3183
3268
4776
85055
57654
33161
74720
92242
5224
2315
2035
60786
74181
2710
16574
85630
14474
71099
69438
54383
13911
46225
21812
558
29943
28106
29914
783
98751
71654
49375
58625
8179
13190
56402
85418
2871
15875
31316
37350
57601
88221
78520
21867
84639
41526
63966
87387
16765
63518
24899
54517
89141
70943
36202
4843
15411
29413
99744
82569
37901
79582
16041
76925
9346
66938
80209
30673
61844
70262
77508
91593
16741
1068
42254
49657
43108
25124
18763
24428
88871
32219
43328
93336
41451
17695
37884
11866
501
83746
15057
32639
4738
39237
61847
84652
84011
55489
31133
41858
5257
64179
39859
13096
67941
72529
53864
90395
6442
86540
36939
21514
22497
54122
92578
42190
52395
30845
65608
23884
52964
87348
45299
11845
77448
37373
72179
65757
36849
16067
26719
93818
69166
23955
2507
75697
47195
41153
34930
22363
72190
91317
55733
60568
17348
91720
93905
27226
35455
40583
66806
52614
6746
26322
49586
85585
31616
65970
53524
55029
57992
758
93813
29728
77001
2120
11292
82417
45855
44139
73817
43279
24490
67377
67070
9552
53385
54372
97094
40070
89507
30823
40126
79676
63657
30429
47665
91060
87065
72211
38276
9737
68055
72729
41006
66507
3621
69422
12844
2304
60776
27007
17895
48586
91945
29290
49131
9044
69975
71236
16244
72276
34795
42794
9083
6859
3787
88131
74887
94298
64827
95757
84975
58763
28251
98872
72207
69553
22616
99631
43473
97739
66446
83020
88171
30184
39567
41849
72079
33517
88002
26265
22411
37164
75562
68593
76279
72624
17754
84412
30339
51743
88726
83102
56621
82952
17298
89792
37231
36959
2165
21469
82859
44736
28625
30249
41370
97876
5974
54608
83011
54435
52759
84948
1005
66426
37406
19162
96144
32726
47323
67214
71558
6020
74642
81682
38574
81467
27810
51382
36748
98840
39218
64697
56067
19079
57106
97051
63899
71570
32755
55799
17267
19849
98071
81777
35697
43126
54972
43767
48612
22846
23798
47587
38363
14507
1137
3670
67989
48993
26548
57080
34161
38096
95999
47916
40383
41657
90107
61628
57359
20218
32742
39515
85399
98391
97612
26085
51340
74201
16255
5755
68926
64783
70086
44970
77418
99877
47815
72874
99089
42588
37316
31834
97114
48294
31793
72740
2505
26540
56705
30108
31331
74945
9618
33480
25700
80741
42740
12883
73005
69042
95298
47763
87314
4109
2543
19683
79799
42293
53540
39300
49689
20899
91321
28229
40922
36724
22476
85886
47791
56931
81726
68045
28176
10907
16031
16441
23748
18403
44468
9626
72221
19171
54211
99105
14597
32017
90937
52897
83
53168
76854
88533
86053
59964
47007
97277
55879
54046
7066
6928
53633
6284
18305
94432
70445
37771
9429
52774
33599
5413
42873
61931
67608
5221
75604
82589
86236
69932
31772
25971
28905
14764
26923
30886
22617
87192
2344
62028
53155
21128
57881
6301
10036
3530
90060
76274
22250
95580
11807
49405
11816
75655
47054
83595
33076
59717
99720
56922
18443
78375
76232
88193
84072
85361
52553
84196
33472
42247
86992
77975
41314
37170
85387
16600
5628
12440
77684
33758
51594
17964
47613
47671
39638
46268
19162
45029
24736
78067
80217
68049
64562
67187
23220
64962
52606
76590
92695
76948
40462
95125
12042
12266
19499
43683
74902
64991
95799
88980
75830
35602
88010
37552
29605
75461
22011
94534
78047
16804
86004
43359
65241
12050
70778
74895
86784
82003
8621
79207
92509
81046
15218
16819
32497
29359
93276
64175
797
38478
73862
53
85052
88024
31048
78645
90882
85873
81146
46773
67435
11420
17940
49197
85084
67555
16424
59989
88130
80671
66233
55093
21471
26065
38196
72884
42167
14145
94015
38247
62258
54732
2239
81657
21093
34576
97617
7638
53135
76237
82495
51316
55607
84712
30489
80781
89290
89040
49359
1945
50720
98959
89424
69104
88862
45438
37770
98577
69193
50537
37437
21127
77709
35595
80498
91093
15396
45735
94040
28149
40337
19688
50027
5843
90853
42468
95064
26159
65712
99109
94941
24854
80265
37311
36802
54253
93894
3395
89870
16351
84121
71965
20363
59969
51066
62406
29043
57997
77009
12002
42800
26214
25580
64126
40224
77323
17679
44827
6800
95151
29752
84845
26005
63782
12754
49578
91989
60091
90224
88945
20029
33937
87666
15597
39193
26349
22605
42731
39693
85147
7979
61676
56268
63567
78506
38665
66374
783
58870
95712
62463
52233
24260
36610
28827
8385
94927
34117
8990
17177
51809
90976
3192
90587
93277
52752
57634
77846
41947
78237
55083
94739
20283
67781
41802
46941
95061
27505
57822
54512
16396
86982
77577
85064
4724
47342
73667
90731
72600
73699
44145
89831
47421
50941
99031
70167
7907
67519
58582
2504
76757
28096
90278
95210
2049
9431
5410
46511
75717
67206
5907
4419
80687
71782
79460
63535
79481
75450
3265
5426
38249
8073
51583
25796
4002
70644
77446
93031
15116
36041
93044
48422
16249
98219
84996
81216
82639
6327
8753
79930
35141
84797
23180
59647
66061
58188
7077
83576
51090
17352
13499
14974
46541
49846
99479
15574
39764
26938
59645
71794
54611
26360
46025
61952
50020
28888
18767
32315
17070
85816
71836
77195
73402
32562
98918
2447
95711
58830
53000
13895
67194
30662
69836
20113
70933
41195
51589
29431
99709
71277
67993
46682
28329
44093
13002
17838
70932
99649
83997
26046
24523
30711
85526
35998
19165
62719
71440
95839
40694
9978
20100
34168
49120
66769
22249
89746
48323
82962
85447
6349
908
40428
26211
74816
70280
86445
18954
28726
72034
42731
12641
67661
3978
46925
19094
81676
24369
78978
39547
60817
78458
34057
20546
74671
57908
53759
43640
49510
43064
3447
9634
22653
39205
60416
66246
19905
20227
2497
54822
381
70552
8580
80061
20714
8162
29892
86664
69541
94738
22864
95219
77
76269
36321
74086
84342
6624
21981
17779
42592
41995
7935
50423
73467
96133
65280
27942
42535
17314
1716
9156
53806
26329
2937
25407
15918
82955
16490
75729
62615
48396
18588
78064
59253
11470
52944
44979
79875
16725
75846
10025
75259
39580
47929
30368
21341
3519
63554
32969
1643
77009
44137
18130
99710
9129
43418
43378
24646
54705
83766
4795
29471
47064
44224
12477
97395
30195
32735
23678
82975
36637
41009
96554
1843
63358
61686
8646
65656
33704
93047
12154
50876
90772
19514
51085
55877
34205
79797
54257
11342
67312
51452
35111
52171
40786
68679
35515
5860
6076
46256
20839
31605
72932
40589
14151
77698
20708
21780
29613
41901
60816
36701
24239
54525
23006
89238
40634
48002
97705
82358
88923
41354
56569
18266
43216
9956
11847
90155
73606
67618
27547
95520
9370
13940
74829
86488
32531
53328
55391
22667
17200
15659
38312
34856
89624
20747
7485
27733
62693
22355
38660
47219
44873
55969
93316
95263
30310
38647
26735
14484
59743
58315
12544
91818
56663
15504
31388
18152
58133
10737
99280
68419
21259
35377
13543
55475
19472
8265
67843
62938
13094
34449
54477
79576
79380
45688
55799
91283
25767
88123
50252
64913
70787
46051
14129
97481
55170
95181
99990
16149
81698
89413
79790
5553
5918
69367
1573
2219
75716
74213
34576
18807
96521
79722
72885
96181
48999
82017
94464
29881
74504
42962
92103
41511
95324
4644
47701
68964
41838
71792
21077
27545
14484
8407
71091
46293
83128
2442
41720
99670
18605
45607
51827
39237
69130
16209
84371
81768
74083
42416
62170
14100
43397
60895
15458
50107
25938
29786
12376
7590
32032
29588
13718
6446
30575
32218
25296
50437
18716
43721
69671
39027
35705
19727
94927
27499
55942
35926
2081
84054
52418
49075
7731
73498
70272
57516
16835
41705
429
27768
78904
7284
58908
90021
91232
64207
54319
14778
28646
29968
58410
66145
2749
72606
32069
44487
4698
67784
63637
74954
90628
7023
43370
72397
27391
59752
20860
40567
18561
6697
10973
40023
64850
24065
95695
46224
88495
46990
4662
63142
28290
87328
20711
57610
68522
21089
79197
84334
305
43069
12601
55555
35969
9677
69678
79874
45523
34579
8240
43546
83266
91600
23168
85477
87049
90704
62332
83439
36476
67339
96009
64137
73890
12985
58380
83355
93864
77674
34073
45717
80464
90031
83893
88720
94853
94660
32256
40838
74218
82598
60183
86960
54559
84389
23092
1438
42520
89730
38763
24990
67823
58916
17727
80924
5392
73626
96100
17456
61336
82174
44316
8640
5264
41660
84908
53322
95193
92760
94541
91417
81291
9063
44764
41839
65953
77260
53635
73241
96031
37417
96209
90741
26723
68775
59090
30679
5992
34849
22039
70168
86608
56123
6099
34947
12007
87896
60693
22349
58697
79045
84200
23697
84957
77594
68589
34595
19648
39032
56874
65151
11039
30132
16638
48119
24814
19081
86180
32320
93403
16764
31850
78370
67657
94502
46852
42616
36223
67038
69027
62984
19580
8956
91861
67320
30454
41467
52396
19474
99062
11349
15920
98760
48418
39535
54916
54248
93962
3230
81276
45641
81400
35518
88279
68753
79926
33823
13686
72690
4457
27067
37550
44130
6198
19817
99903
26356
3397
93425
15109
32527
32343
58064
23672
63539
16461
57678
88581
35988
33543
46633
10567
99061
8419
59401
92716
59431
47499
58653
50826
14094
6134
44190
84780
18749
13624
45903
9916
33564
63082
92280
33293
52418
26944
6420
44320
34036
96534
83870
14314
9625
70190
95373
90301
2144
27496
55886
11509
21025
30244
46593
51089
63847
52098
77523
58795
8860
24254
83441
68142
48305
4678
34544
98465
55931
35032
18127
71348
8337
92794
62632
79300
44228
28233
54366
8571
55663
2253
45339
5597
27947
96607
38461
70154
84650
61895
33922
37215
20751
60424
77444
84706
14996
17459
56904
78758
85553
58819
28423
75698
5325
60178
86806
87829
81846
83566
62719
20096
12176
73842
76707
57372
18471
21836
70115
16354
81654
97261
50320
21282
83474
62621
7001
15282
2308
52837
44636
51736
65770
47495
74603
76261
23222
35884
99103
85155
4882
91656
67554
94743
93253
76377
37790
78305
67527
15344
81819
57506
94730
87172
6576
8059
50363
2073
10933
16124
18210
4034
18778
45669
49297
26175
85400
64757
57866
31931
64785
60573
38247
40106
77500
85290
36074
46894
72052
1298
91676
72931
64743
32559
82131
57721
90112
5100
90337
83829
83602
14586
63602
65421
93797
4663
67882
60856
63989
57777
33157
69760
42677
53437
11429
92986
5015
1707
33502
93450
63403
96626
91427
5151
24033
55252
7123
43868
31805
85227
34000
96590
89418
39005
45474
28181
95641
83553
26100
4922
13758
58268
932
37015
87175
1165
69589
41290
65625
39823
26282
81643
34460
18208
46631
21677
37984
13615
96330
63788
20995
15142
23270
48243
94868
62978
69525
31500
34292
313
21427
63321
61639
83280
42248
20506
63382
53621
61675
47068
98149
42935
3438
11196
93103
16423
48534
87552
31403
31396
17996
39186
53433
62806
85676
60530
24953
47343
22973
63307
18677
43044
37468
98366
82253
16116
72184
75582
48764
80539
70649
51479
97088
62425
87927
83987
98682
63521
77577
52990
6917
31349
49400
98927
37104
73143
32011
64580
49967
88733
37150
84960
58493
85297
90105
33915
90578
73791
41541
98001
84211
39887
45159
56288
49408
87113
16468
99946
92267
9660
886
55309
86345
50064
82537
81622
24746
47706
99314
23845
4732
16562
12336
51330
81915
98818
1345
39511
71642
39206
91541
48648
10494
31398
17334
4329
67596
79168
21831
14445
19107
76353
18074
16329
25767
67561
33957
93090
71639
9692
21957
53380
86734
4437
91196
5245
49059
56483
71678
47276
22369
65352
24681
32170
32908
3726
58068
99249
18952
24877
61429
75584
94015
50330
45789
41349
24191
5124
94549
18818
42620
92824
75213
22831
44292
28597
29797
56689
6631
36414
40848
55401
48802
93089
5141
80201
97948
32441
54939
10275
3287
61728
68433
45554
76914
24080
60691
87657
79773
14292
35041
32330
52693
4978
6083
95321
58117
42151
9236
81794
32456
30148
49997
65586
51550
30015
98713
4570
58623
73127
31726
88704
27696
59417
20931
44834
19659
70692
43920
98105
50743
22192
58884
32755
46444
77004
41166
6011
21835
59813
3545
60586
91476
72865
13960
38441
20846
82964
8810
67457
46437
10530
52730
11098
6663
15776
18175
70922
18090
97289
10652
96622
74875
39265
93857
92876
79223
61561
7635
70854
20282
71918
48796
47440
99003
7
69576
