9321
7015
2554
3326
8042
444
1989
5850
1658
6333
5449
7043
7643
6969
5852
9033
3461
4175
1274
6298
3059
3331
4741
4473
3709
8249
7476
9905
1468
4913
5456
4341
8721
7365
8785
3706
9080
1785
4001
8881
1606
9435
4920
8719
2364
5623
7577
4372
8642
3895
6767
4845
6188
1302
7132
433
8605
1651
2737
2111
6287
8373
3064
3962
4204
2197
5547
8767
1567
4894
8596
838
1790
5886
4440
7224
3868
1057
8989
4870
4738
2448
6551
4329
8360
6932
3893
8395
5599
2503
5196
4937
2500
356
4309
372
4974
819
8292
3801
2646
4764
8889
5146
7560
2160
3225
1142
7861
1
8897
7598
7575
5255
1599
6793
1769
8883
3798
1600
7167
5754
4727
3068
6714
2103
7146
5529
7927
8052
8584
8248
1603
2254
1216
83
2987
831
1480
7150
7541
8562
1239
7205
768
2131
2972
36
9896
3299
404
4339
5302
7248
5300
2985
4631
3519
9949
1300
8962
1891
8406
3503
9188
4828
2605
9114
6666
165
3194
169
2301
6968
9756
1408
8176
6941
6970
9863
4394
4761
463
9716
4765
9902
6467
558
4975
2033
9833
566
7028
2943
9684
8389
6714
2994
8454
7050
9270
6606
6155
3751
7364
3618
8894
2163
8645
7394
5364
8480
7349
2852
7296
1501
5040
434
9571
7585
4627
4551
4402
9435
411
825
5499
4606
298
5646
3800
3005
8477
7965
9886
6187
8312
5129
4803
4286
5611
2764
1518
2540
2471
9622
2075
5074
551
169
1515
2987
1558
9252
7759
8244
7784
4806
3853
9489
1781
6643
1855
5475
7530
6482
2262
3329
4184
6487
4196
2627
3170
9725
2283
4175
6273
2584
3110
7512
9963
6345
5463
6983
432
5756
6785
4769
2664
7031
7116
2720
726
3449
440
4559
1443
7176
3367
9953
1668
6765
9037
2409
3451
3856
8524
6140
8748
3323
3979
4160
5312
3944
9011
7096
4992
1396
9781
9448
3515
44
2495
7468
9463
2724
2677
3404
2697
3231
761
6727
4483
9258
3485
631
4737
3053
4578
7186
8184
3652
4449
9505
6906
9368
1310
1774
7385
2619
3791
5641
7443
9514
1377
1391
6056
3702
3825
2687
7306
2052
5336
9610
4581
5775
7860
9602
4656
8582
6255
1109
160
4147
9789
3560
1123
4267
7429
7267
8008
5282
120
5877
8582
6398
8166
7036
5870
4952
574
4863
5414
80
547
3938
4256
2670
7347
7897
1239
3196
7015
9006
8956
4329
7095
1089
561
6989
9671
6368
429
5025
2405
5354
6829
5731
6055
4047
7539
697
1537
5552
2756
8485
253
7258
9757
5132
4351
220
2817
6387
1411
8020
747
1894
5889
1020
7610
9957
6671
2537
4889
9637
3968
8523
8678
3380
6163
6280
4623
6092
5602
658
9028
2813
853
474
9382
1089
8402
8527
6767
6525
2208
5765
4159
7337
8850
9528
3267
4797
9060
2731
6194
9842
3419
1257
1923
6392
9851
833
6238
3303
5953
5881
7651
1236
6733
7707
301
8032
7218
9570
9202
5935
3396
2488
9683
3606
1702
5807
6127
8727
6297
7935
2319
947
3523
938
2166
8736
1910
802
5126
1383
6696
459
4407
196
8376
8542
2717
8360
748
1748
2484
7404
6071
343
7591
8767
5141
8586
6548
4958
4516
5226
5686
6136
7285
7036
7514
1174
4037
7859
1111
5252
1336
4515
1519
6052
2390
2850
8903
4974
9212
4245
2958
3488
6545
4848
8772
8857
6028
5827
4713
9273
6354
807
3159
8283
668
4924
9258
9502
6412
3150
8131
9338
7254
2029
2873
5039
7857
9798
4552
583
49
7776
1664
3700
4294
7469
6453
8851
4635
9303
9405
9949
8380
7434
9489
7701
3479
7593
1851
351
8886
3900
9402
4293
4791
5286
7581
1862
7280
821
7684
6425
2959
4903
1133
485
144
8824
9583
9059
7009
9783
4329
126
7269
448
6282
2319
4059
720
8523
8236
1413
4662
9146
7851
2102
7396
1395
7451
43
2995
5124
5577
8733
7577
1250
963
605
8008
9395
6326
961
8227
5126
5354
8471
2643
1947
7108
7847
2924
5962
3965
4402
3004
3907
9295
4832
5805
8051
9653
5582
923
3498
6347
6247
3280
311
7281
6024
6328
3928
2516
3727
8970
5885
6342
95
5056
2838
9618
3783
5750
1479
7994
3835
3344
7959
1921
4945
2188
6189
8513
6655
8476
6851
3076
1714
6371
7459
9604
2020
8337
1586
1990
9979
8162
1910
8906
1631
5211
616
2224
57
2599
4099
1541
8413
5267
7879
7132
7530
4687
1457
9207
7021
7658
6532
3747
7912
6602
4997
1784
4275
868
108
2040
8637
9794
3194
1973
7802
1650
3281
9292
3783
667
79
8551
5333
4970
6030
2823
5491
7287
8759
3856
2116
2672
2180
256
1949
9569
7584
2772
4948
830
8795
9700
2703
8956
3887
8175
5803
5806
3360
1701
1654
5418
6575
633
586
8452
2575
1320
2910
4251
3059
7186
1731
761
1585
1778
3376
2037
9128
5907
5757
5932
4754
765
512
4787
3154
9236
7892
6802
5452
4912
1202
1151
3758
9397
9493
3043
6880
1377
4549
4841
7065
8416
8073
3772
875
5013
6521
4044
1079
8448
2298
4997
1715
5496
9199
4185
3298
209
8454
9120
9307
5483
3298
96
7739
438
6677
9699
5970
3846
3240
3757
8637
7830
1038
3681
3997
3100
2454
5963
8854
3253
4510
3618
1027
3621
5594
4310
9442
3934
293
3800
7923
6485
7495
5486
9812
7538
6545
1788
5412
1831
1931
1983
6173
1273
5110
7741
9954
3894
8395
2961
9593
4160
2152
7229
3266
7359
6269
5201
3670
7307
3588
1863
751
910
7884
1543
3662
7053
7282
9262
749
609
2963
4751
8397
8592
5156
8622
1935
4121
5030
8006
412
4250
7915
1742
4080
8013
4269
7352
2690
8593
2589
2023
9759
7422
8158
1779
2480
3872
8936
3705
6087
1863
9744
3453
8233
5229
7649
5417
7163
7509
3783
9007
2571
2124
1995
8134
1782
4465
1337
9695
5148
6655
3975
9391
6796
9426
3660
1036
208
775
6105
2915
2678
896
7957
4095
5642
1173
9249
8321
4176
5022
2847
181
4439
2721
4102
2490
7087
2962
4205
6762
2718
5569
424
7194
7420
6137
2888
2620
8736
7727
4331
906
7509
6038
2721
5964
3961
9355
8661
1488
5206
4802
498
2065
4385
7653
5136
8048
9486
1931
9118
2285
196
2653
2631
7227
8513
5776
9337
5492
2234
547
5201
6821
899
39
2391
5621
7733
4772
6407
1468
1234
6718
3850
9991
7316
1056
1992
5135
9937
8759
7431
7116
3165
7135
4853
8372
715
9358
9987
6958
6795
2054
1563
1646
4025
2009
2448
9937
8760
1651
7913
9139
9525
2291
424
1161
516
8316
918
3436
5643
7827
8947
592
9249
8238
2402
7717
1156
4527
5039
7256
9253
7922
3171
6337
7780
4412
9136
7911
7674
1980
6604
6453
82
9506
6495
9804
6910
5327
1404
9227
8673
8633
1402
6489
9100
7757
5678
3038
6122
1462
7541
1282
1150
7946
458
7030
2844
4987
1019
3283
6107
9253
1359
9870
6054
3371
3132
151
3832
1235
5444
3906
1027
5417
3015
1831
1392
9593
5208
8179
7936
9758
9352
1257
7270
7811
144
3458
60
5700
9322
4091
2553
7462
8535
6443
8834
3601
5981
1162
9302
7606
7139
7479
2400
400
954
5660
1870
6873
3227
4835
7186
3919
8596
1615
2986
7379
3608
2235
2271
3859
1934
1753
8965
2381
147
3268
1082
9378
9018
6528
5256
1371
3640
5959
3274
9727
2380
2446
9530
1957
9063
3496
8236
7277
6126
1857
6156
715
8360
4806
3056
8343
5773
8299
6461
4624
5854
1787
2213
4041
2738
5118
4950
3914
896
5652
1958
8136
939
5715
1935
6450
6539
4163
8714
7838
5673
3232
6591
2730
7590
320
7237
8910
4918
323
9040
7127
8857
6720
6343
7940
7829
114
5503
8775
7274
7426
9536
719
6472
6927
2301
163
4129
4420
8598
2181
1452
2875
9757
7687
6074
5145
2159
4729
5425
8089
1529
2059
9111
3166
2531
304
7354
3604
2813
7282
9617
3765
7971
6895
7029
5823
9249
3963
6204
837
2047
376
293
5825
8328
964
4611
1300
9643
2734
2543
5429
9554
1673
7040
2481
7300
5053
6936
6244
931
9448
7863
7155
7373
4537
6510
8855
8407
5123
2600
1947
6746
6765
4147
5219
5476
4121
75
2712
2826
1722
6973
2386
3054
412
2504
6027
2252
3376
1692
4924
4500
4702
6136
9996
7033
3877
5841
8271
1502
2930
7240
2680
2831
4413
7918
3932
3882
1428
3694
9932
1864
8651
7132
3217
9525
3149
9066
9639
6354
5981
3885
1606
806
3394
1120
1363
9452
7251
6196
1916
2902
5057
2654
2571
9992
7628
9000
5258
1605
9663
7728
175
221
3635
9059
5085
1827
4083
1639
2875
1679
3216
7051
8909
5656
4899
8309
6016
3495
8666
4185
1589
6471
5474
4003
2273
4674
3363
3966
60
952
2260
1966
3133
4219
5401
8460
9422
2310
2065
8078
5147
8079
2398
2279
7314
2201
300
1333
8910
6055
1581
2890
3468
1844
2025
1249
9818
3226
2629
7211
337
181
7122
4252
9106
246
7532
9045
3443
9268
9622
4722
598
1329
879
8045
2626
899
9589
3151
270
7785
3040
564
1999
3342
5909
4287
1542
5980
4881
6226
1140
8841
2141
4848
3486
9919
8995
177
6083
4390
9079
5276
2821
8512
9663
5583
5443
7622
9832
4429
1536
6642
5844
4966
7373
7305
9012
8862
9889
3624
4432
5841
4216
4985
1540
5954
8241
2775
5194
3530
3142
174
6707
9410
609
2194
2023
4040
4804
5836
1497
9141
5631
5299
8215
6157
1872
5250
1167
7020
743
3965
8695
1591
1620
3554
8909
8777
2628
2328
7582
9511
9563
3403
3582
195
7038
1545
1278
7309
2886
6807
7703
2791
2963
1011
8773
7714
7942
7048
6428
3931
956
950
4516
8475
7909
9313
5848
2867
2685
6070
4639
5264
7417
8881
4266
694
1613
5902
3537
2625
6060
8343
8253
1909
7665
4596
8864
7266
6185
9172
7294
5608
9781
3914
4372
323
1852
2798
3586
8454
7296
3737
7060
2119
7373
7390
1472
4705
6583
2645
715
6084
4661
2111
615
760
7853
2403
3901
756
2994
9011
8719
8942
3057
520
7802
9733
5826
9737
1477
4178
4617
6006
2542
4031
7636
2547
2516
6640
9422
3419
1854
3947
1698
7657
2779
1652
1766
4401
9856
1631
8535
242
6402
5677
1891
9533
6095
1073
7273
2432
1575
8927
2697
2688
8303
5790
5018
3860
4377
3311
4766
9198
6326
8552
7181
4361
8760
9531
8606
7190
520
6342
3185
5687
3339
2945
8234
6435
6596
6335
9418
9760
1376
7714
9020
2281
8687
6882
7141
7500
2408
9307
4218
3510
5289
8059
9724
6920
9999
28
8804
6860
4863
6180
2403
5124
2990
7753
2035
296
3043
2113
20
756
2865
5710
6168
4973
640
2208
5429
7865
8818
7024
9407
632
5114
4792
8896
8369
5407
2125
8215
5792
1492
4116
5466
7142
1460
591
5771
7826
2322
4209
3600
7909
1980
2632
7288
8956
8056
4194
9221
1902
8338
3477
4731
7475
7576
9719
3073
3730
756
6158
432
8970
430
6621
1844
395
5069
1385
5101
148
8979
1243
1359
8252
5707
7195
4669
2679
4370
2374
51
1266
2236
1842
9112
627
8480
4175
7256
7533
2156
912
2971
6184
3442
5850
2510
348
1382
6067
6461
2788
4731
5160
1588
7639
6457
3057
1952
4471
1191
4138
3081
7810
5271
4714
3686
6170
114
8327
3126
1131
1379
8503
6713
933
9599
2425
1038
6739
7193
8758
1594
8052
1876
6288
5906
2647
4837
8342
4484
7703
9995
729
343
4818
6820
4687
9501
9439
8247
308
4403
4368
5814
8780
6283
8315
4608
9572
6715
9951
1000
833
1080
3304
43
5367
4689
3028
1822
7789
2965
8980
8702
3258
9099
501
9675
7595
4210
8776
3167
6699
3507
4828
1442
3208
9425
9556
4762
7631
7788
5917
6645
7708
1747
5004
7732
8781
2884
8073
1065
1438
4538
8591
757
1893
9077
3632
2750
7992
6319
8368
1083
4416
197
8553
4573
2674
7290
945
390
2653
1721
7487
6103
9673
8815
8492
3682
4238
2165
9361
9755
9873
843
8025
2070
6373
1711
8824
4163
1602
2019
7332
4256
3579
7524
7208
6069
9489
2176
9733
6426
6911
7274
6961
245
4981
4902
6637
9847
5949
3572
7272
3690
2510
5083
2763
1924
9894
6481
9921
5304
8177
4341
2720
3279
1648
6549
1309
3947
6156
3738
9459
3142
1748
3721
1185
7443
9393
9623
5651
3663
2125
1768
841
5026
8496
3874
1052
7374
4490
3414
8592
3933
7157
1618
7078
2904
3895
9515
3052
7224
9989
8575
5044
6006
7834
1835
3317
8967
8790
6981
6111
4941
5915
2451
4092
5866
7973
3845
238
1702
8622
3369
9745
9373
1334
7359
2195
5851
9913
5816
1836
9126
9633
1196
6865
4616
6054
828
4062
893
7025
2751
3454
2413
8353
4512
8338
8472
9659
2467
6749
398
2853
2348
4805
6085
9172
7139
7000
8300
2687
8201
7032
3345
9241
7719
5806
1991
3489
8225
3348
6942
6960
3930
2407
1893
7130
2442
5255
475
5556
2096
5168
5455
3476
7149
2619
7371
5823
1756
85
8758
1922
2908
6813
1714
6440
508
8330
7605
8669
4559
4907
7304
5312
2993
8522
3375
2836
2646
4307
8952
2058
7834
966
8583
3494
8360
2376
7629
6339
8826
6026
2772
9363
2931
1538
7632
5325
9267
6253
5590
7311
7173
4893
7954
2667
1483
6537
457
5376
4491
6451
2397
1640
1715
8071
2607
1752
6755
7750
3177
1022
6922
4682
5585
2854
2728
2081
4213
906
3706
4184
459
8166
8551
1510
2166
8952
8485
9310
5932
9083
1403
2687
654
4671
74
4191
357
8739
4020
8688
9985
1649
7791
8232
1862
2469
3088
1891
3051
142
1265
5439
4234
9487
8510
791
5950
4071
42
1414
3058
8846
9276
56
3626
3252
931
8062
9881
2562
7113
7445
9871
5004
5876
3620
2102
8858
7121
8396
6978
9499
4938
3045
6210
1174
479
942
9342
1249
3365
1494
216
1397
2530
6829
8441
5959
1950
3526
9347
567
2790
3678
205
8941
785
5772
6241
2797
3739
6323
724
7271
4021
9805
2860
6661
3435
7324
1426
9336
1203
1397
6191
1982
1883
2763
6786
3467
446
5896
3799
26
9401
8274
1682
3071
8614
1715
930
1633
6287
4760
2947
47
43
561
1413
4860
3920
4467
5076
8894
538
8189
6976
2777
664
2217
9599
833
9294
4773
9476
6430
2462
1514
1291
1994
1920
5047
7259
5392
9544
2809
2698
9992
2259
7891
7533
2396
7800
8764
2982
641
548
8884
5658
3417
8852
7798
9836
7885
6071
7122
3249
2629
5706
7301
6231
415
7813
4966
8871
8944
4564
2616
3312
8611
187
9775
7442
5164
6897
1804
4525
4131
3785
8884
9111
8631
2090
7846
9872
5734
8772
219
9068
9589
5247
3061
5389
873
2163
4382
9253
1860
1066
3146
7097
8102
5342
8140
5390
949
9675
5983
9580
2968
2949
8751
508
9192
4322
940
1268
3924
8209
9551
8448
5003
131
9561
1303
5418
5201
2109
3953
4896
9636
3368
6849
110
4226
6418
5903
1704
8864
9157
2743
6603
1777
9523
9564
6857
2538
1166
9060
6602
7048
3734
4542
9724
7882
297
560
4288
9510
4365
5067
1227
4056
5507
8701
8226
8592
4254
7085
2713
5714
7889
2824
7900
4421
9758
2819
9612
4932
3686
8354
4477
418
3496
2435
8553
6608
1352
5045
519
3244
8558
2350
8652
1369
6964
9990
7867
9365
6429
3891
786
5908
2552
6634
8588
129
282
7020
3101
4897
2923
1863
1787
6717
8536
9717
6168
331
6626
1565
1240
7646
9746
6192
7420
9135
5261
6328
3832
5212
9797
1958
7857
4372
299
6936
5142
5196
8847
4366
664
2825
3329
8043
5497
3109
3854
9935
1449
3844
2694
5216
6140
7444
6336
9001
628
1528
3287
9131
4002
1669
2149
6585
1873
3397
1380
3046
2229
4293
2229
6131
7735
1615
9169
6729
2890
7924
1441
1682
4458
9560
9593
7324
2881
211
9203
4725
3409
6248
8767
4201
1589
3703
4830
6609
7642
6021
8701
3871
6649
5236
5013
8544
5334
1643
229
2187
349
5442
4299
8278
3378
6115
7723
7194
3549
2592
7830
5208
6670
9839
457
3119
8996
8896
4696
9366
8885
4822
9879
2890
3680
5052
9395
5646
7976
9418
480
4916
8334
2359
7548
4354
4802
4979
9011
7826
3869
5718
1684
7695
3197
5644
1628
360
9740
1872
7500
9069
1040
488
6679
7064
7501
2242
7972
8402
6287
763
6168
3981
2720
7104
9689
9345
8773
304
4096
1126
3754
9029
3636
6604
3943
7843
5715
5085
7248
2881
8561
1127
392
5755
9295
7677
4071
4592
5867
4536
1580
3824
1796
7417
9667
6881
2425
1691
8981
6915
5302
1488
374
7958
186
4089
1962
3352
8368
97
6286
9334
7662
9336
1691
2904
2986
7248
3707
7445
2448
5400
9247
7979
2804
7340
1418
5590
8986
3268
201
9168
1691
1932
72
4389
6025
9631
4503
1735
2168
3794
8981
817
655
7567
7737
1936
2022
7281
125
776
5479
9218
8884
8219
4192
4775
5083
5155
5379
4970
8487
1864
2385
8232
7442
3079
8139
4155
5127
5518
3188
9949
6151
5674
1680
5657
1606
4447
5453
2867
5630
7931
8027
6444
6873
2552
7197
2196
7480
3919
8526
5473
4209
5343
3931
1753
3666
6851
6964
3353
4579
6391
1296
6768
2093
8626
687
4132
7478
2731
5368
3007
5668
3892
157
1367
8577
2325
9695
4401
5588
1808
7238
3381
9397
2602
3278
433
8268
8539
3022
7444
6708
6821
3547
6117
3675
4513
3478
6240
4130
1266
445
5810
7873
5732
1936
1973
6253
3225
4825
6434
6191
5024
4416
4089
9849
6249
2888
3164
7284
782
436
4599
6179
7761
8935
4046
8184
2687
6492
1980
9476
4010
7803
8104
7017
70
1821
7451
7391
2590
628
5147
1555
5949
2288
1937
1431
2894
5765
2795
9438
7370
5365
9107
7222
3658
4264
9204
4368
6954
9718
9435
4777
6101
4454
7407
9177
5383
2881
7481
8664
4160
2910
469
4163
2091
7464
7054
1443
8995
7032
7617
1669
5991
3904
8348
2089
2752
454
2319
3806
8370
5385
6707
9678
9853
793
9228
9359
6356
7430
4693
8877
3851
442
1363
6150
4973
221
5171
6386
673
3108
8584
8218
5718
7613
6209
470
703
3568
1209
4776
9558
1886
1496
7289
3366
3415
3556
6228
2983
1084
7708
9743
7307
9012
1005
476
2012
7698
7684
5035
8239
7803
1447
7594
7835
9403
2781
8982
2767
1019
5893
2718
7875
6716
2272
5462
9187
3934
7792
3906
5084
2978
752
8707
4695
7199
9647
7199
3264
2484
2894
7883
5666
25
652
9621
9798
1756
5364
6010
3821
8678
5031
9945
8151
2226
3295
237
6594
663
4095
3291
4413
7399
739
5423
1988
3432
2370
4748
1277
6559
9245
6990
2159
739
7579
2591
186
5440
7871
4353
7207
4675
6691
5689
6136
7626
1875
6670
213
7224
2850
8345
3345
4643
7905
1140
8999
9547
5230
6817
6055
1138
8173
4206
8276
8133
1952
1595
3934
6587
2607
2627
8274
6249
4097
4047
9827
4513
8436
6118
4534
9446
6341
6601
8543
8566
7854
295
9772
9210
4084
8443
8331
3205
6248
5336
8263
1816
2457
8993
9695
4174
5246
4446
2050
2193
298
8635
5677
7797
1987
3938
657
7574
8843
8709
5510
2368
555
1351
8422
9841
6983
3161
4898
5686
1745
230
3625
8589
3806
7949
5150
2469
3896
8918
8225
4084
6952
9916
7659
7115
9449
5825
9947
7261
7401
6773
6207
7284
8448
1309
8765
8914
6441
4191
6972
3939
9456
6080
3553
9170
8825
7682
8105
8582
6500
6973
1707
5605
454
6859
5442
4899
7229
5181
2661
2528
1028
5416
8774
608
1232
2140
8645
1287
4568
3912
6162
3686
2459
5133
5331
3959
6011
8427
2981
1929
9211
155
3712
4187
6169
9075
9560
4783
2959
3845
128
5543
9600
3856
320
7790
2517
7912
151
4474
7901
3361
5972
6078
4604
3058
2641
6338
1300
5819
8611
9237
3128
5016
3783
2147
3825
4331
9708
4052
5445
4356
2029
804
2828
8642
6248
1665
8319
9745
5169
7439
1823
9067
5006
2978
8053
7734
3739
5582
1080
7293
1893
8595
2402
9394
9210
9913
1553
2395
4656
5801
4604
5827
686
2995
2536
696
4748
7457
9807
9788
1741
9070
4372
1317
619
7418
416
332
3877
1443
5561
3657
1401
741
9421
3359
2473
9053
5480
9443
5925
2999
5897
3900
2019
5231
5628
5874
9184
7426
1028
2590
6880
9379
8931
9891
2830
8074
929
3717
7456
1110
8386
5997
3239
1142
1407
9191
5523
4737
5896
9493
9092
2368
2726
6163
7614
6080
6169
9146
4056
3876
3240
6210
7241
7940
9734
9565
3197
4884
4722
3
6444
5434
5659
2461
9257
7139
2429
8271
6525
3393
1896
4364
2170
3687
8133
9589
3985
1411
5190
9163
8114
6337
6498
6486
1137
3259
8050
1447
5988
5019
3399
1181
4881
1426
3414
9224
7282
9136
8692
8577
3043
1443
8245
9186
8859
1073
8358
6014
1307
3118
5975
2284
5646
5629
1120
4477
4605
2816
3466
4691
3278
9600
1611
5759
7558
9038
2446
2902
4278
3399
5457
6310
2
1733
7020
8544
569
9658
388
4425
1748
7991
9719
1435
4076
5621
3663
2660
6349
8225
5409
4206
1078
9172
9370
3345
8746
1184
4014
1448
873
4205
6198
2333
93
1645
3425
1385
8979
3681
8299
143
2751
5340
233
3146
9099
2097
3611
4775
3722
7647
3848
7634
7633
8935
9923
4111
7976
6628
4501
752
5779
8465
8068
1856
7456
5076
6398
939
3087
7160
5473
6950
376
7641
2212
6760
6465
1438
3590
2049
8510
8687
3077
3968
2217
5315
9189
8567
1682
2703
4974
8126
4589
5597
1375
2138
5203
8928
2293
590
850
5504
343
8858
4843
7664
2050
5619
6173
5023
5969
3123
7919
1713
8358
4465
4768
7970
5089
3101
3644
130
7978
5622
7549
8512
332
4988
3972
4325
5727
4720
6148
6750
3568
1813
6753
6622
1806
4097
3394
1378
8727
9276
3395
1486
4192
2329
5297
4082
3442
5641
478
4047
406
2734
7599
4274
1045
4932
3242
1981
6437
7837
1583
1042
7922
7243
1944
8736
1532
2191
7557
8474
9747
1091
1887
6521
8422
8026
2439
4494
3937
3952
8063
3249
4885
5477
2989
3514
5465
2936
3039
9132
7533
5502
649
2969
3595
9815
710
5184
5535
4380
1192
4224
2345
82
6442
8522
8900
5706
4923
9301
694
6744
6127
4008
402
3102
9643
7187
2598
276
7473
4926
6792
5191
5175
8506
4714
4560
4348
3626
3415
3455
1336
3486
8503
2422
3898
3385
4385
9859
9430
2949
9315
8788
4334
6321
4979
9634
3085
1320
4281
9906
6352
7764
3153
5589
7729
3750
6299
9287
6412
316
7398
9947
6371
8267
634
3970
2947
9908
9612
5951
5174
1460
2292
5504
1901
8235
9965
834
9084
2278
9468
2530
4103
2962
5040
5745
4955
5440
8605
9419
5306
1244
157
8304
7999
4696
7998
9950
5931
7458
6392
4405
8547
2369
4883
7600
7669
2693
6942
3979
4338
1495
6374
882
2334
6489
2861
5879
4326
2555
1266
4080
6105
4705
9639
8159
4618
4547
6280
9534
7193
8597
8271
4201
4549
6221
6936
8014
9918
7736
5144
3414
1724
334
6627
7983
7454
3285
2343
6740
6953
2500
2444
7081
3463
1793
9934
4056
4340
8664
4693
895
283
5401
4410
8327
9767
8005
2152
5979
1699
6684
4520
1680
3014
572
7758
8579
1179
5657
418
251
7812
9145
3112
9402
1725
8602
9919
5428
2787
9470
4774
7105
1939
2328
2937
1797
5414
4720
2046
8115
2639
6411
5224
8419
4752
4438
8807
349
5542
3573
8825
4579
6466
5167
510
4237
8732
1683
9856
2305
9119
4612
4263
5769
1575
9748
8431
9994
6834
7781
6308
9668
9260
1290
4991
4482
9751
4214
3940
5372
8711
9823
7883
6152
1457
9342
2987
7390
7265
5231
6897
6283
1630
4133
462
6860
1571
3887
5640
6030
8496
8607
7442
1132
3466
9783
3477
9223
7748
2764
4919
5291
4255
6085
3625
7248
1100
7355
4814
8112
2927
7758
8842
2283
4791
2043
300
5890
2977
7590
6220
1157
5831
1618
3983
1865
6778
160
3066
6648
1362
9237
581
3671
3581
4000
3083
4606
3504
1479
3343
1104
9695
4422
8487
7248
4323
3093
8799
1364
3513
6748
3815
8797
2106
9034
4980
4395
946
8151
5430
6048
4931
6899
7342
3827
7030
3462
8537
4161
6079
1563
2976
337
9984
5325
6665
3278
6959
3133
5840
838
9003
7492
264
8972
3311
2446
5603
1136
5218
7074
5801
5323
4446
7590
7110
2743
2871
7039
5455
2520
1386
6548
849
6368
4809
3463
7821
1767
8411
668
4220
395
3464
2086
2998
1241
8599
6371
9876
9640
8298
9099
1736
9661
4036
4192
8952
8337
8166
72
3337
8867
2600
3333
6333
856
8344
7736
2647
6658
8825
2347
6115
6041
7176
7834
5559
6143
5124
1031
3968
9373
3761
5864
8677
8149
8622
992
1594
8638
9619
545
6706
5941
9449
1652
7707
9827
7287
336
7283
4622
6370
7727
3557
2279
6551
2395
6259
7570
1185
7590
3547
2901
9267
2542
6209
1661
8267
6455
2355
8202
5151
8988
5546
9950
6443
5520
1309
5159
7
4225
5583
8781
5349
436
6239
9060
8183
5295
942
7147
6247
7012
7550
4683
6850
8549
8904
8671
7919
7646
7885
6714
2686
5345
275
9242
4688
1744
8237
5338
2294
304
4078
336
3201
9734
8958
150
130
4905
6740
9216
5605
1161
346
7892
4555
5754
8877
4955
4487
8584
196
5805
2301
6396
260
2825
4285
3462
2628
5391
7294
1960
9701
1058
4002
2322
4046
5007
2848
4250
2369
1055
9214
4702
601
414
3533
7016
5980
5906
8926
184
3577
7791
2739
2102
7051
5830
3313
7709
2725
261
9831
6403
8751
6894
2665
8887
3803
480
9867
3645
7306
8703
2278
7018
7363
8354
6946
3781
4546
3443
5157
32
9484
8584
2994
7526
8867
6681
4011
6131
1134
1997
3258
4457
152
3692
7551
9433
5431
6504
7935
257
3583
7064
376
8205
6092
7439
5996
5041
7958
5975
2194
7519
2090
530
3974
4526
1998
1615
9713
3626
148
9079
3091
8352
4165
9898
9538
1872
3782
564
5806
3830
8921
5223
8331
4805
9058
8421
935
1723
8822
7214
2150
580
8110
1800
333
3946
3087
5299
4288
6786
5998
595
3173
290
5010
7856
9296
4629
5086
4031
4031
4644
8425
7700
9325
654
5745
6764
9189
6635
9793
331
4513
1747
1084
4949
9820
6409
6627
4641
2924
8732
9099
7298
3764
3758
3368
6535
8700
1471
6046
7879
3927
3298
1116
4722
2968
1650
110
9160
1403
3082
1312
3537
7496
7236
9521
6166
4986
9832
9211
6608
8387
2886
7955
1758
7780
8081
4218
6280
4658
9021
3082
9786
2854
6459
7140
5983
630
4807
5842
6450
7093
8382
1769
6317
1400
1856
5760
7677
6456
84
8909
1675
5134
4924
6750
8438
4477
7628
4630
8899
7807
9808
3371
5607
2354
6695
3996
2906
7014
4796
9904
6832
4384
4000
3027
7848
3338
9677
4825
4903
7459
698
8186
9472
7773
7218
5354
3623
4376
1472
3487
917
7281
9335
5830
161
8265
9484
6455
4008
8946
8566
7891
2479
2216
9502
2881
3115
4171
2232
5807
7037
8024
2104
6248
8241
6671
656
1355
8730
3360
4318
1348
9779
8534
522
6299
6772
118
1205
442
1587
5529
8099
9535
3056
4737
9248
6338
7467
3773
6109
9402
9572
5780
8276
7499
1468
3208
2244
1273
4600
1393
7883
9331
2004
2792
2733
5175
1981
1831
2716
5162
5672
8047
9660
5363
5592
300
6771
5047
1695
6280
178
7973
1756
6620
4222
3143
5513
6325
6986
7231
1532
3627
7231
6534
3252
6107
7507
2415
9734
8825
5259
3906
7389
9522
8992
4778
4609
8970
7928
404
2513
3309
971
1235
8427
15
8513
345
8943
1252
6498
9875
1082
8777
5661
8208
1365
5220
927
3797
2626
5942
7234
1377
9099
267
3497
3685
6741
4412
24
8000
9878
5126
8303
767
5595
2068
6551
384
2624
5135
9905
8351
1984
7101
136
8866
8041
4306
8454
2490
9381
2633
1680
3996
8034
9090
5650
390
4652
791
4416
2799
7645
9034
6751
1053
5748
7784
311
9476
6013
8448
8493
460
2299
9573
3198
157
8014
9131
9846
1429
7361
5170
7465
7829
9648
6842
4840
5673
1233
9854
5792
2296
358
2407
1263
8920
979
7310
1248
9998
8262
9143
7646
7187
5335
3725
1451
1331
1008
9989
3433
6399
3728
1347
7246
7933
9111
7410
3818
1711
2684
5351
4568
8289
8509
605
1948
6533
3175
5980
5362
2064
965
8646
9780
9947
9246
836
5789
1583
9063
5930
3424
3798
4067
6876
1033
7678
4879
1501
1694
9546
7485
1523
7206
190
7131
1104
6863
2742
2197
2828
8510
5980
8739
804
6027
8499
5153
4632
1041
3958
6868
9040
7784
9476
3812
5806
6042
3591
1239
4781
6223
5029
1382
2074
135
6429
3368
5857
1927
7229
5352
609
6801
9817
6762
4139
5963
8940
4882
2887
5691
3777
2772
3351
7550
272
69
911
9163
2830
810
7509
3401
7709
2740
555
6714
8815
2330
8044
7591
8759
9643
5032
7603
7650
9708
6660
2581
4349
1209
8225
8993
1926
2333
5860
2219
3924
5058
2242
3578
6730
9433
5698
5208
775
4252
5188
8687
9221
1220
1785
5495
824
4165
1824
8401
8394
7622
1631
1532
8672
6516
3857
8210
1386
9668
4845
1863
9718
6576
8414
8527
8065
7542
5153
7702
8891
9530
5492
7042
525
6119
885
6246
434
7094
7981
5067
7602
487
3269
9109
8508
4395
7477
6988
862
7321
333
929
4164
5143
4608
2631
6168
5034
676
4055
5884
4210
6110
779
8355
8249
642
3719
5987
16
6120
2370
3375
7479
9825
2056
3980
1002
7449
8848
3556
9500
7605
559
3478
813
1541
3640
168
9213
9220
6718
4119
314
959
9898
3874
6217
4100
7926
5088
9052
5055
3038
4617
6539
1883
9663
2210
4637
366
1419
4198
7728
1387
6505
4940
9874
3105
7231
9374
3691
7665
349
7020
192
5300
3248
1931
1248
2323
3940
7277
7714
9947
4891
8068
9699
6923
9695
4031
979
7366
6716
1135
3770
5895
1819
9560
8448
8355
7661
8749
9234
6275
3132
1321
397
9908
4813
8259
245
3251
6520
2348
9006
747
1052
7161
3953
8643
9853
7967
3538
3641
7053
1888
5113
5612
7589
3632
8726
4303
223
9216
2088
8259
440
3504
5037
5909
1132
6615
8672
2322
7113
8525
6149
4057
1717
7086
3525
3192
4743
3185
2757
48
2534
4361
6501
4173
7168
9955
6528
4192
2506
6404
9485
306
3534
8186
3312
994
6532
590
1071
9444
4692
3643
1945
134
6812
5405
7837
2073
781
5984
6513
9013
468
3464
6889
9830
4240
7879
6222
939
8054
1617
8604
3032
7097
6295
6971
6933
8028
5621
2363
1797
6973
5935
1988
6
1564
6520
5811
9343
1171
6279
2027
5798
8400
5536
3061
3560
5090
9322
9522
7774
8053
3472
8478
3669
4376
8321
8679
8773
6448
6221
9526
7914
7836
8995
3609
3744
5282
6936
5827
318
3366
3122
7939
9007
6055
9901
8597
5941
6061
1847
7971
9207
1484
2189
3774
5511
5425
3034
4752
5213
7927
7110
7228
7563
9740
8578
1898
7815
4731
5868
1668
5659
612
9712
8401
4192
849
3510
8920
8879
2639
4869
3363
9655
252
1953
2785
1459
5227
4317
6238
8790
7571
9474
8040
1940
774
2540
7348
6457
8652
2169
4434
8296
5118
2948
7735
2448
7824
1283
271
9752
3811
4090
6065
8896
7832
490
6368
3059
3901
768
5086
9109
6581
9804
3289
600
8563
2909
3606
6384
2640
4218
8484
9434
8293
5732
9646
7513
7298
1668
2449
5046
5520
990
8823
1899
3996
5026
2980
5147
696
1319
7306
3780
2919
6428
2036
1033
2743
5757
4390
8372
6694
6091
3200
4396
6329
1089
932
2679
2121
8983
415
5552
3495
9447
6468
8962
9123
9480
7339
7996
1558
5791
7243
9308
7672
7517
3400
4666
576
8201
4137
6819
4817
8140
9532
3136
7549
5992
500
6445
7335
6420
8513
4902
760
3754
1388
9772
85
9057
2344
7773
6516
1605
4515
692
8984
211
4540
6417
8263
9064
2766
1222
9440
6546
7361
9213
5033
34
8288
8972
8833
8427
6895
1392
8706
4128
2037
967
5869
6981
4262
7596
3042
5538
5281
5378
1377
9597
5289
184
1118
7358
2137
6314
3666
2617
668
5167
26
4922
5751
1924
7750
9926
5983
8086
2358
8570
5266
5855
6945
8556
7210
1165
9580
2271
2299
9005
4072
422
5227
4719
6422
207
5067
9133
2541
6756
4561
5499
3314
3697
6504
7652
261
9790
8584
7375
8585
4017
2867
7732
7244
8594
1603
9185
1537
1231
2356
66
9767
7920
8393
5349
3216
3794
236
6983
8599
8318
7834
2773
1554
9190
1238
765
1987
1775
1474
7540
6900
2421
3491
3711
2255
3150
1959
8830
8475
3929
2851
2155
4377
3029
9223
3175
7908
7680
6857
9381
5465
8938
9841
1625
2796
9828
5047
3348
3800
9833
3134
1539
8971
8896
391
9507
6694
807
9389
7797
7992
6469
5928
4620
8200
8209
787
3335
6125
4953
364
1516
3772
869
5492
7368
7205
1845
7417
9587
4536
6040
2902
8170
4972
1963
3955
726
6310
2665
207
2076
9029
732
790
8488
4588
4484
9587
7096
5268
1332
9712
4210
4528
2185
443
5429
7872
7360
9138
4096
1910
8580
31
6266
9181
9796
8282
4435
9933
6133
8298
7023
6695
528
3835
4271
7543
7116
3019
3459
8820
1510
550
8384
3772
9064
2310
6076
3662
6514
1851
8823
7653
3391
7067
544
5887
1260
7206
621
1125
4586
309
300
1525
3510
3204
2662
7475
5559
2443
6579
1925
1952
4715
7712
7293
6086
7724
7629
1660
382
6607
9025
6116
581
7859
8778
5660
1720
6244
8065
9303
658
3959
994
8207
5138
9458
3937
6790
4384
408
1767
8024
2647
5831
2953
1156
6530
2668
2221
7840
9123
2273
2456
6746
9441
1612
4160
859
801
6190
3617
2507
7708
7812
4858
3015
3903
1366
9254
8873
3379
6987
9660
3860
762
9435
5925
2880
9781
2093
3959
5285
4455
8015
2665
125
5592
1644
2582
4913
5097
3877
7503
297
4239
4669
5813
4728
6100
2747
3320
7390
3557
2423
7350
6699
1718
5918
6907
4303
1686
9412
7644
9967
5358
5939
7428
127
190
7450
7494
848
7753
2967
3086
935
6058
8991
2324
8429
7300
1941
6844
4406
1995
9991
759
5292
2508
3098
1957
3548
701
1124
2205
495
1541
2384
7394
9460
7010
2285
630
724
1442
1696
4943
6975
3614
3455
3399
8166
2585
1437
1124
6383
9398
9049
4163
9733
8325
7031
8801
7866
936
676
8637
5035
3762
7952
5724
4484
151
7988
4572
9260
1413
9898
179
6143
581
762
7723
6725
703
3372
1336
774
4562
8643
6359
3249
8792
2104
1401
5339
4687
7066
9935
7765
5719
9476
4895
8225
4684
509
1365
3999
4664
4235
6701
1548
5320
8102
2666
1327
3338
2334
6814
3730
41
1711
6219
2217
462
2798
9434
4675
736
1083
2018
4414
5971
9626
8121
4425
1651
1391
9819
5873
7251
3627
4484
1513
1367
5368
4273
8387
9358
115
1685
787
525
4597
969
8522
5973
9965
3531
315
323
8168
9255
2086
6809
2625
9511
9823
2602
2988
5029
5782
1106
1908
2729
1715
5335
7603
6559
6019
2734
8416
1882
8303
3303
6459
7296
968
9311
3080
5771
3974
200
8691
6887
3203
3110
9242
4855
1594
347
2570
1670
9365
9945
3140
497
2005
5709
1649
1204
5917
7974
4559
9690
2075
1048
3111
5757
9504
5315
8959
2059
2058
2812
9804
4989
5066
2329
7871
328
2813
6925
9568
5049
618
6273
4638
6422
23
6539
8110
8603
1250
4621
8598
7304
7654
7770
2603
8697
3431
9601
5573
3386
7838
8621
1497
5756
7892
941
3779
6222
1546
1915
7555
5899
5989
6400
9686
301
4595
7917
1090
2154
3831
1970
2327
4299
7123
6451
8650
3432
2755
9313
691
211
4203
2057
1216
5463
8125
503
37
8533
843
9654
1050
2300
2731
6471
4704
3727
8306
8196
9812
1407
3703
2329
4591
8647
1703
9751
8191
5872
2520
4807
1157
6664
2645
9145
7440
2999
1012
5808
6361
9294
2539
214
2328
7288
2429
6728
6776
3118
2164
9456
6477
8585
2102
9742
4281
4320
1131
5363
8439
7928
678
8032
9833
4707
2900
895
4710
7257
4182
3382
4656
3029
6973
7547
6239
4815
8799
4550
5407
7008
3570
6236
8656
1853
8338
8725
2109
3826
3311
240
1595
3107
9408
615
8448
4144
4128
489
3767
8585
9652
8176
7330
8940
1550
7920
7814
8143
6877
639
3444
8113
5158
1932
1703
6364
3553
3638
2494
7059
5995
4988
5316
6212
4930
1108
5220
2559
3849
6979
4724
4644
8598
5194
936
9014
8719
1200
1055
7634
2206
7673
8135
6687
9450
6600
9777
3895
6566
8535
9869
7597
6352
7618
7770
6967
3013
455
9584
2192
9719
35
9396
3353
9442
1613
6979
6390
1966
9820
187
9653
5771
390
2995
40
7994
6157
6062
1956
6201
1886
333
8380
1265
4454
7869
4022
3112
441
2140
2847
4937
894
249
7201
527
8515
7806
4704
1526
956
9398
3289
940
4500
2084
9587
5175
6968
6050
5823
6771
8177
2464
4135
4712
3165
6732
8201
4719
1565
5556
5603
12
3544
4671
9245
5867
3087
6545
2119
2807
3659
1228
511
8885
2369
9523
9949
1924
7333
7426
7623
1041
8024
6625
2701
652
1306
5709
7400
6843
210
8741
6614
3135
2801
5569
4831
7664
5538
9904
4556
2942
3635
4044
944
6823
131
4213
9132
4267
2657
6431
4408
7617
2916
1850
8541
6690
4985
5454
7600
505
925
8339
4747
9428
1752
7023
1734
3950
3667
7141
46
564
1142
3758
7007
8252
2844
5430
3330
5308
792
5594
6924
1781
832
4696
5993
2926
6497
7391
8309
7738
9998
3504
2939
7247
7191
1713
7866
3569
249
3042
6235
7816
4244
5476
2905
8533
6158
6983
7002
5371
7794
1143
7614
5849
9648
142
1167
9899
4576
1180
45
5163
1070
1803
487
7605
255
3575
4913
2666
1519
9312
7218
3806
3385
7158
4019
9257
8267
4246
8510
5641
5247
3258
3612
467
6296
7752
918
5422
1183
2979
4973
4232
9663
1079
4993
9885
9528
3320
4754
6693
4363
5614
1206
964
3379
5962
8821
7749
8763
2903
8993
6735
6438
9893
9037
1742
5410
3308
8039
2441
4412
5481
6447
8872
2197
4577
972
2337
4947
2795
4657
9638
2939
2890
2337
4017
9937
2673
7593
3104
6729
7139
6267
923
3484
6052
1801
8787
5910
8383
1670
2667
2712
6945
8193
1272
3970
6446
4801
7628
4561
6246
9782
9821
9553
7327
2156
8987
4541
5686
2628
8728
6793
379
8511
8221
7614
870
6852
7884
300
9674
1932
5671
6938
2255
6453
1754
959
6222
754
7541
4841
8998
650
3085
698
8461
7626
9709
7711
4511
7351
7300
7877
1562
3115
4515
309
3116
8711
6201
8900
1356
5585
5754
1730
5346
8596
663
8862
6787
5075
7469
7551
4843
2902
1719
2523
4300
9663
4135
1617
6909
2352
1054
3421
2326
1342
1099
8170
6806
5190
3675
7770
666
2090
2816
4149
2242
2761
5160
440
9751
9016
6085
1665
257
473
567
4549
4241
5372
1807
1679
1560
1552
4320
8377
771
2642
191
3633
2081
1512
439
6473
8009
361
187
88
7731
2520
4689
5788
4306
4004
925
7433
3684
3743
4996
1159
775
4128
5620
9229
8346
4778
2929
8792
3959
9424
9077
2294
1399
6670
4692
812
3180
5108
4738
3476
6156
6266
3951
7056
3590
7729
6496
3540
1755
759
655
9189
1901
4809
5598
2143
4334
7404
1096
6081
9871
1369
8147
5384
2986
7327
9313
3790
6431
1234
6267
7500
5292
7084
2204
2021
2267
1274
9302
1764
7914
4103
5309
7073
2084
6786
5927
7772
3994
4204
1789
4597
2806
1204
1698
9728
3355
6389
4512
5496
3139
8929
2524
6611
7223
2815
218
7993
703
9183
7487
3219
3201
1644
5526
8166
9021
7044
9746
962
6153
4807
2487
3819
6122
6661
9369
1701
6791
5151
6422
2528
9012
4730
6494
3600
4260
4215
3450
9703
6500
9792
3779
1049
747
3671
1244
4207
1809
7995
5722
658
4413
8448
7023
609
3747
981
9396
8235
5047
1087
7762
254
4458
6066
5049
235
4316
438
38
4978
135
1192
6918
2499
9703
6130
7984
1187
5530
3726
9592
8444
6755
3263
8800
5113
7399
3915
8228
257
2926
4052
5314
802
2702
5969
8897
9073
3225
8422
9296
7605
5886
9228
5957
1524
1175
9489
461
6775
7565
4281
4859
7588
5698
5069
3086
5399
1910
4792
3776
4627
652
6480
942
1261
5963
1143
2403
3160
3301
6552
7196
7393
8210
680
3267
5041
2805
8706
328
1591
2534
1796
1359
2474
3685
8934
8397
1319
3970
3991
245
7363
1081
1553
9710
7973
6483
6162
7831
4852
7986
1247
7378
9635
2883
6647
5049
5705
3057
5595
6181
4554
7461
9809
1325
8803
8116
5845
2522
2140
5515
3141
5815
5154
3718
7777
6277
4427
3039
968
9347
2104
4137
220
1048
1922
872
8063
2311
160
7407
5708
5705
3911
7545
8660
5271
5049
4473
2561
5117
2723
3645
937
9963
5428
5312
173
5505
7140
6336
1563
5308
1986
7864
6249
4080
6238
1277
9677
7733
3939
7827
8473
4182
5054
8637
2707
7642
4645
103
6833
5561
1741
3181
9126
1463
3300
3736
7825
7992
9155
7961
7040
6474
498
7913
8740
9704
6335
2332
7084
3880
9008
145
2475
5459
4255
5938
3594
1527
4953
269
263
3600
1627
4728
6956
939
3866
7797
7590
1669
3162
987
103
6912
7393
9267
5324
7795
9722
2866
2665
1429
1444
4812
1550
9652
6095
673
3419
9406
6417
320
2315
2501
7288
7843
2511
7609
8012
8496
1918
4401
1823
5822
5570
3305
960
9031
5916
8596
4250
2320
474
5865
7471
2225
495
6480
4533
5072
1109
9113
9139
1364
7422
3251
665
3585
1674
181
6127
4752
80
648
7873
8780
4679
7138
241
1843
5132
5594
5602
460
5200
1927
4362
3640
7158
6940
3811
3698
673
6133
1591
3749
8731
5319
9829
7904
1808
4858
7344
3619
5396
656
9333
2324
8401
6815
269
5762
5410
9063
3419
4755
3798
4849
264
6904
7040
7154
9657
6189
4178
6850
6142
5789
832
1462
4301
8112
3991
8459
6359
2771
4823
6880
1476
1479
3008
2099
3035
6663
8866
6279
1758
7974
7752
9483
9957
4558
4049
3681
1982
4461
9784
12
3222
3073
308
1788
1820
7168
9898
3489
5293
9178
3508
5925
3954
7726
154
1498
3114
9764
4966
6304
7714
1221
1324
3156
1393
2452
8817
9351
1252
1157
1775
1953
2341
401
9871
2540
4879
9842
8655
4966
5553
2429
8660
743
8593
1264
7131
4135
4610
2004
4195
5290
6295
976
30
4901
3515
728
4376
2239
5029
3426
5102
2811
1090
2042
232
4606
4885
1187
3858
3632
4787
8636
3042
7302
5937
3366
9695
7001
8184
3722
8240
3180
3731
3292
5072
2614
5287
2178
3141
4571
3087
1959
8985
9103
71
3423
8084
3874
5317
3455
456
5858
6557
2064
7377
6979
103
5224
9119
3887
8099
8291
2482
7353
4045
254
4608
4129
1856
5213
6326
4620
457
6890
8070
3636
4529
937
1475
5916
5597
5677
2368
1284
5944
7024
8221
8944
4169
9702
7507
1873
3146
2565
3404
9879
9054
6095
7417
4453
5551
8513
4098
3841
8265
2509
320
4867
4699
6700
1545
4502
1316
2588
9610
5032
1660
5636
8490
1299
4256
8773
7828
9050
8687
6701
6892
9526
9275
8517
3714
2027
1564
9489
2574
1431
7359
6929
6178
4773
8205
4367
1604
6794
1030
1570
6312
8673
1440
1257
6030
8229
1756
1306
8046
8857
1777
1090
292
174
2385
6764
6699
7883
6998
5275
6202
370
5344
8140
3296
2865
1734
5842
4384
2081
5403
1373
7642
9564
7173
7853
6962
6894
9033
391
3502
7878
4061
1979
1088
5515
3691
1854
7682
5722
1852
9558
5320
1179
2320
9050
4477
9084
6801
2279
5973
7446
9911
6261
8246
2313
4930
3645
505
4898
8886
7866
2551
5142
6450
648
4365
3658
1252
6942
7420
7138
9410
4309
705
8058
2931
7636
4386
8967
5887
4159
736
8710
766
6931
6091
1470
7604
2398
7908
3897
9357
1829
4863
4784
2153
3109
2045
3406
7228
8799
5936
6062
9192
2913
5396
9502
1822
2613
5539
3178
1820
285
5100
9808
9624
2781
4551
6653
5454
6085
6492
8445
6897
7097
7003
4971
2776
6856
1329
8012
7362
3790
9981
6516
730
3409
2979
440
1697
973
3168
7156
436
528
5244
3108
4286
2159
4871
4843
780
1207
6817
9247
5318
8071
2149
3289
5333
1368
9147
8259
2913
6166
3604
8420
9196
1486
7796
3878
129
7069
7015
8184
9177
8206
9897
1627
126
9802
2225
5964
7540
6574
12
2729
4
3965
7778
3611
3511
3725
5810
2614
7106
1865
482
8653
3688
7605
4071
6933
6943
2204
2726
8346
1452
932
6732
6901
3159
1986
5166
8810
6805
4695
6065
3030
4176
390
755
5914
7550
7308
9084
4473
7018
754
8706
7958
6686
1139
7114
6405
7772
3391
7599
6613
6315
6965
6910
2482
4811
4458
9248
9924
3134
8958
4291
8384
7608
8038
8426
5710
4121
2023
6924
6970
7495
1227
9318
5237
8239
2671
2062
5345
6200
6886
8095
7098
9217
2164
9065
6075
7133
3957
4745
865
8169
2992
3137
5254
9517
9176
7918
2359
349
5169
582
1095
8750
8058
2105
140
9021
4273
3809
7209
9160
6507
6322
8386
6502
7851
5662
1668
9821
1396
7274
7341
6283
9780
5487
4381
1108
710
9780
3609
930
6847
3276
5258
4715
2358
2713
1993
7074
5613
5009
9550
397
3887
5819
6227
3460
4805
8281
8263
2278
8796
3370
9896
9878
3437
2399
4760
6783
158
8543
1526
2275
2164
9841
5831
9738
2921
4046
7300
6256
1364
2779
7182
1169
2985
3449
7410
69
7132
2204
7585
6288
8426
1026
6931
7704
7486
608
7661
6751
6040
3603
4116
9955
4611
5410
4810
5842
4892
7713
1828
8148
579
6613
9017
8208
7495
8909
3431
8747
2688
4773
766
9326
630
8166
8227
6021
8738
2887
7477
7824
5427
4449
2556
8369
4280
144
9636
7742
7541
8006
3600
8405
783
8404
8694
1404
526
7881
8711
9022
5501
7285
4281
7179
2425
1237
2372
4302
9877
5123
5392
741
8769
9142
7453
4366
6707
681
8571
3743
221
6194
2947
2734
9434
4129
4551
3037
3191
897
3272
785
6415
714
6739
18
2920
7679
6976
5096
6265
1036
5451
3104
4626
2545
9210
3626
5822
6826
4285
3476
1606
6863
3551
9883
4539
1679
76
1587
3664
5466
7538
6510
429
7318
8159
6552
3239
6869
4814
3756
210
8854
9165
2965
2709
6998
629
5131
7693
255
8610
6667
7135
8911
8966
5365
821
2877
780
917
5618
3038
5039
7038
8059
5849
5985
8484
886
4048
9937
8550
6169
4001
7460
9357
7309
4589
514
7948
7058
3986
4669
6904
7088
5063
7298
4856
6531
8792
8031
5864
6235
9422
1111
9918
7630
7402
3905
2767
4335
9028
697
464
5229
4152
1250
6576
805
4490
7513
3822
4415
2838
1976
1538
9823
3539
9790
7850
1686
4477
7347
6313
3086
5966
4996
7075
4783
8013
1273
3363
8427
9537
8967
6131
5962
7307
5883
8362
1480
7142
5945
4209
3348
546
2419
780
5529
3323
1764
5377
9325
6721
2018
5696
4806
3100
1480
844
3225
4048
7514
8615
7834
1310
8180
6781
1682
6727
3202
2706
653
4222
5433
107
704
850
8259
6240
9227
652
9726
7013
4196
336
7099
6021
1877
5815
6314
4914
7023
9824
8353
7747
1870
515
5389
8109
115
7238
6657
6572
692
9234
2453
7240
3777
5882
2744
3656
9363
4589
202
4958
9347
6432
9346
4571
6591
3023
4736
4588
8364
4140
5818
4083
3058
8793
9388
4623
7915
7836
1195
3980
8461
7836
411
8528
6894
8519
4039
9129
2377
4111
7686
9145
9272
1208
5005
4961
523
9348
3933
9036
9379
2391
5912
7633
1366
2070
7761
7328
1151
9434
9068
4465
2075
1859
2209
1317
5019
9738
4517
1149
3707
1697
4039
615
4630
6447
7666
3935
188
5194
7081
866
7042
4957
2965
2952
6846
6071
8168
4181
9196
1768
7208
1746
5485
3309
1705
5581
3384
1314
9510
4053
1816
8663
5432
985
5013
4545
195
2863
8116
6320
4764
2248
6360
9859
9522
3743
2253
4692
8344
3887
2480
5875
2069
8372
3575
1996
7149
2124
1046
8207
9311
611
4986
4488
6366
3876
3859
1393
5858
1996
2535
8775
7216
6040
4406
6511
4764
193
7166
3347
1002
1061
3179
2996
8658
7739
1399
7126
7585
9776
3799
6984
5044
496
9926
4155
4879
7629
6896
5189
1511
911
1980
8032
6554
8254
6057
4377
5580
669
7907
5978
3075
4600
1094
7474
1720
6657
750
9504
8621
3104
2422
2295
8639
8075
3977
1992
2444
7979
4474
9152
9710
2556
1620
2593
2060
3278
1043
3612
8772
2609
4448
5813
3260
9490
6854
3227
4213
9092
3861
124
8291
5849
3409
951
1317
1422
347
9301
8606
2404
9035
8259
2494
1376
3928
1035
1025
1684
1917
3563
6711
3864
2733
3236
1559
3049
1637
2952
7619
2160
5751
8397
2053
3529
141
8948
5359
1589
7149
7455
2326
2829
6658
8451
2667
2479
5974
4202
309
9322
3520
5959
9333
3387
2560
9112
8857
8624
6504
3329
6788
8521
590
676
963
3579
5251
837
5750
5500
8169
8940
5156
4131
5085
6055
6325
8237
8200
9267
9205
9429
8577
5583
1127
839
3208
8905
2506
5143
2235
3839
7957
5415
4132
6940
8649
2385
3235
1216
2248
7427
165
9300
8247
8137
4362
3616
6773
9478
5288
8303
5696
2207
7684
7099
6489
9255
7734
1901
4946
5154
9171
7395
9721
3774
1461
4456
5658
7806
2593
7433
6235
3657
6216
3633
8478
6427
2177
7717
9599
631
2947
7654
5918
4219
7445
3748
7105
9815
4321
8974
7088
7512
4315
1990
6412
7499
1681
9470
9394
5937
5676
8476
6665
1025
35
1700
5530
8926
1075
5187
2063
7956
4611
7431
3071
3186
9140
73
1073
3087
8880
2110
1191
3881
4898
4624
1552
3730
1952
9282
6731
6152
2237
6745
6750
9337
3162
5280
8712
7254
5671
8974
7201
8689
6449
7397
4828
2090
4147
21
6487
3426
8262
8359
7632
4768
2498
5315
4200
696
2101
724
5835
7965
3922
9283
9726
3323
7424
2011
8660
645
3222
571
1920
9777
6539
6720
4748
8846
8657
5549
4166
9821
4987
2238
7761
6174
520
4781
8453
8693
1603
6344
6651
8129
9060
6645
7373
6146
9705
7478
3121
419
6218
2119
2751
5827
3483
8497
930
8361
9579
9136
8599
44
7641
70
152
8775
256
7920
2951
4453
3670
8855
2435
2286
7274
4890
8404
5737
6175
6704
2790
6924
1834
5510
508
5288
7682
3211
7299
8222
1055
2465
7925
6710
5379
7218
9472
3999
146
1287
4400
1871
759
8750
3967
2888
6120
4057
5391
6507
6959
8481
2721
5292
3195
9497
7880
1904
3424
9059
69
5596
4839
6256
5272
5430
6889
8137
8164
7366
3510
5326
2356
8134
2735
6383
8165
8156
9224
996
9767
7475
2610
3876
6355
9497
8559
7672
2949
4736
6802
5511
1274
6720
2108
2294
6755
5123
5435
5367
3327
5542
879
3813
8809
4671
2558
1896
8359
2230
9235
67
6081
6752
6290
1520
8514
1423
4920
1969
1444
4228
2450
6861
9171
1810
7393
5042
1701
6919
8653
8620
6883
684
1384
8535
9286
8219
7195
8773
4041
8428
335
4127
9662
9407
2538
158
8967
8570
970
1320
6017
6637
9611
254
3308
9464
5266
2908
4555
5619
5939
1071
5331
4171
2930
7120
6622
197
8207
5684
8834
8524
2867
4564
1838
8500
2956
616
5979
2978
3984
4583
5321
4385
2272
9940
528
78
7997
3789
5438
5528
4240
694
2793
2959
5499
387
5489
2406
6807
6091
4873
6787
4606
6519
8730
1232
9774
5929
4959
633
5458
9292
209
7770
6504
9470
7079
6192
557
4257
9950
8286
2717
3114
4063
7059
7420
2281
7499
8869
5168
5476
2215
2051
1066
6524
8611
6127
6362
3631
6776
5
7930
3001
9281
4538
3213
5785
2210
2827
659
317
1336
1661
5245
3729
6017
5561
175
5479
6047
8487
5765
3252
9497
1894
415
2796
17
8200
552
5784
1910
9263
6634
5928
1907
1145
9065
2624
5476
2606
7337
2355
3933
4762
4549
927
2472
6733
339
4812
4854
108
8913
9477
4573
618
23
4332
6777
5628
9316
5278
9840
5513
1901
6894
3369
3176
5746
4409
1260
3545
3095
4561
3662
704
5959
5922
3355
5300
3919
5762
8728
7110
9742
9158
6452
2602
9693
384
1691
805
846
6392
5805
4787
5917
9390
5629
8729
6880
2663
208
8893
2807
8619
8969
2780
3248
1098
9664
1863
2845
5096
5813
9296
3351
4103
4850
284
8805
9893
5855
4220
2534
1267
6448
2723
2535
1852
486
141
9601
2268
5191
4783
6702
88
2023
6792
8251
2719
6777
3142
1362
9203
8531
984
1944
9170
5877
587
531
7883
2794
3784
983
65
7143
363
6205
9238
3631
2534
4616
2578
8019
9278
1021
6484
6238
6896
7433
6005
2064
5023
6189
4624
9516
2296
7138
3889
1170
4305
3926
3430
9600
8626
8961
6671
2366
2185
7442
2867
307
3781
6658
9699
7630
443
6255
7927
5955
5147
5517
3247
5381
9991
8575
3787
6217
6914
8551
7804
9448
6983
5592
4506
5556
8665
6894
5602
3674
5983
2071
108
8292
2802
7860
7236
4727
61
169
3482
9518
7955
6853
2925
3613
9677
3076
2310
968
7717
7148
3390
6588
9218
6664
8334
996
9809
4350
4271
836
6465
3088
6338
6992
7023
4397
9170
5864
2529
5548
81
8366
1537
2686
3399
3854
2240
9784
2853
4879
8374
4807
7103
4682
9271
5338
8024
9404
4543
3806
7309
2949
4309
6315
8312
3629
5630
6854
4951
5801
1086
3297
5968
7894
2541
1564
4649
3424
379
6527
7719
6203
8939
9139
5828
8726
680
392
7889
4541
3489
1170
2580
5066
2661
6057
192
8364
4736
962
5293
2076
6626
4925
597
2896
1193
8310
9324
2108
5662
5526
1000
910
9493
2826
1332
3138
5477
4004
6760
1345
6143
736
9143
9504
3456
5580
6193
4291
7740
5901
7776
6871
9685
3890
8970
1672
1951
5471
3191
2499
4148
8442
6619
1372
361
5280
4202
4780
8001
2770
4316
112
1751
4279
8836
4217
4824
1007
7253
2029
7834
8461
7161
9111
5337
6234
7035
685
7199
1126
9827
9825
5609
2216
2124
3700
5666
1260
4799
9830
8100
1125
9528
6572
136
9428
6274
6099
7158
6224
3100
5806
1426
7689
6432
2113
5485
6285
5615
9483
5224
1679
9401
5013
8375
6972
3149
2068
7687
6124
6079
6333
8253
3785
1677
7924
9887
3598
5998
4339
2446
7689
2164
6318
1805
6014
2910
3043
8507
7407
193
5275
3185
5728
5422
3285
4846
976
5655
3308
4237
8820
5296
179
8984
3219
4745
2607
927
2809
3579
4096
7099
6431
1360
8473
9358
6912
9877
457
93
8581
1732
6780
174
9693
479
4320
4172
5796
9336
8527
6326
3109
4921
9401
9551
4951
1157
803
1188
5519
3145
4062
7398
6128
5585
7930
7742
2605
6032
8881
6014
1900
2340
3395
3946
6334
7441
8062
4031
4920
4896
2453
5946
1779
7993
4949
7995
7023
960
4944
1785
1646
7971
4513
6681
6656
9512
1807
444
1852
9862
1932
9697
5825
6978
6886
2825
7466
3240
4869
1435
1549
6363
9429
1667
8919
7644
9237
4743
1845
3744
3389
6546
7134
7149
6103
4518
5180
7706
5106
1261
8489
3044
8735
7418
4053
2835
6139
7679
5045
3333
1767
8149
2636
3190
4798
1401
3286
9788
656
4104
8026
6105
977
3566
7212
3741
2386
7943
9730
5624
5769
715
8256
2877
9849
4018
4008
4653
870
1685
8255
306
3778
3493
9619
8918
9464
9819
9804
4586
9920
6776
2979
7236
8782
4156
5334
9917
6891
7152
1594
7894
4617
6367
5160
9865
2139
7082
636
9514
8723
8940
1142
9625
4596
8132
5904
6692
7960
8677
3443
9426
9659
1474
2888
1108
9885
2151
6930
1484
9948
5291
9397
1405
5969
7063
2872
1035
8913
9942
4187
6211
8379
8373
8391
5534
7190
264
6626
2094
5547
8238
6586
4368
3780
5111
1471
3141
2748
2630
1817
8905
7409
705
8144
3784
6899
9340
4538
9314
4
4543
6605
9709
2763
9749
4758
7113
1096
8012
9895
6330
5644
9710
5752
5034
6658
7663
7996
2753
2511
6450
431
2685
3006
4378
8214
3574
2819
3008
5443
3372
2635
4416
9541
1189
5477
8312
897
8108
7116
599
5297
489
1966
4771
4528
3053
3489
9050
6525
2981
3175
2557
1504
3157
4321
7176
1029
6074
4568
7569
853
3675
3067
1066
9244
3448
6118
4792
3290
5573
484
835
3351
1703
4834
8001
1126
9158
8013
8294
6530
9284
2300
9745
8493
293
7427
614
9028
5476
9543
149
186
6628
2124
1729
6791
4107
7116
5314
3742
1878
7479
1353
761
3266
714
9436
2395
351
2561
7595
3419
6493
1136
4105
978
6119
3205
8265
2120
8959
8593
5406
6222
1106
5078
8803
3781
8800
8675
1350
262
3602
9661
6395
9726
3437
4074
6639
7760
2702
5591
7976
8496
2523
3336
904
419
6496
125
2503
4147
574
1487
4741
7813
8586
8191
3140
9908
9162
9098
6076
9675
5362
7356
8793
4500
3316
6051
5481
1708
5753
5676
4138
6159
707
3157
7975
7135
4391
3497
167
9793
8260
7132
3375
847
2809
8576
8492
7589
6594
1936
7359
218
7230
5117
7421
4254
9221
1849
2200
1040
8851
8336
7722
9250
1134
3387
6797
2194
5442
805
9366
7655
6748
2382
2608
241
1832
1992
6988
3905
7277
5493
1848
854
2536
3241
2166
3070
2592
7556
6015
9783
528
3202
8847
3420
4024
8904
8131
8921
9752
301
4529
7914
4242
9765
868
2906
3954
2967
9923
7732
2509
4591
510
5798
7464
7146
731
490
2426
2783
3615
9162
7748
5085
1330
2606
295
3905
7698
840
8848
1840
8681
2200
5748
9123
6198
9324
7345
6166
2246
8820
5179
1489
9128
4370
5870
6034
11
6791
5486
8579
3573
1045
1680
6194
6586
3170
4829
8360
9667
2711
7271
9804
5828
7733
2289
1144
8608
4171
4869
3138
1112
1728
8472
2357
1347
607
9891
8086
1402
3082
240
1038
1939
7944
8605
6132
7245
8431
5787
3334
2317
3217
8354
6333
6387
2126
5026
7868
8226
8561
1904
9003
9571
9754
6094
1535
210
6214
5391
1877
5929
8121
8449
7637
9951
3864
4062
9406
8186
6833
4816
9813
1675
7922
2204
2871
4350
4650
2747
1516
5235
1049
7247
7361
8105
2614
7365
5494
5088
7824
7453
8362
9499
3369
7327
8430
7208
7384
7759
8334
1025
7274
1854
8502
4541
3572
3720
26
2454
3871
8741
5700
3448
4410
6945
8416
4287
7107
9624
7512
6488
5939
5408
9194
3194
2284
318
1829
3938
42
7488
8867
9731
6094
4717
5784
4857
4370
1407
6188
180
6236
829
7853
6063
8653
3467
4168
9839
7344
392
3315
8642
3140
9013
4169
8545
3806
2883
8001
710
8290
8857
5363
6148
5026
9998
8387
5375
9266
144
9409
4446
889
858
9677
5593
8207
3091
6011
1716
5005
5607
1665
4318
8812
2902
4808
6232
4058
7371
9618
2322
315
6968
6247
9916
5425
2822
6825
465
2362
9279
6236
2591
5381
8244
1857
6245
6295
8364
830
4576
3466
5770
2607
1297
7489
4534
5401
6850
8974
1367
9717
8346
9720
8860
5212
8408
4030
8188
6984
4281
2798
8838
