819
9873
4216
1427
7352
436
5871
5024
1529
1058
5810
3377
4265
2843
5047
10
1199
9665
5343
2587
1409
4015
6878
1647
1212
6378
9915
8823
3400
460
7741
8711
5768
5905
1002
9105
8610
388
544
263
5949
2575
5734
4998
7508
2099
5363
9107
1766
5714
251
9526
4145
7505
7
90
80
810
6005
7375
8497
111
6012
4128
8649
6788
5289
8938
2578
1577
176
7921
8938
9622
7241
8145
2835
6171
4419
8940
4579
3172
1472
9282
5158
1445
9952
2133
6329
6227
3249
1889
7356
1081
11
6588
5215
81
9878
5406
5140
5288
7054
4480
4823
4999
5576
1852
2752
6893
7457
9242
9293
4642
6870
6736
1179
3977
8117
5655
818
360
7405
5986
3841
9689
761
9665
4735
1252
8314
6446
5527
310
963
1457
22
6363
8756
6583
1134
1110
1638
4017
9978
4613
908
7260
106
226
8616
5912
2477
1219
3383
6679
6459
7599
6628
7823
4719
6540
2630
6667
8910
1236
7160
2681
1643
709
7726
4534
859
5021
6838
7272
3548
3042
8134
3306
7912
2143
8619
9416
3468
3769
6574
4305
1598
4848
4508
7929
912
1757
7896
3235
7437
2704
3229
6239
7099
5605
3194
246
8227
2695
9828
8357
3064
7269
8193
5605
9198
7930
3236
3968
6568
9602
6473
7654
9496
9864
7203
785
2102
5050
5459
6944
919
697
5970
3785
4767
2275
5814
5413
6615
5554
2541
4427
7686
6509
7927
5871
8847
7692
886
4864
6928
254
8725
4921
449
666
8855
3619
8379
638
2967
1591
1406
3958
1743
3918
6128
9828
9868
755
170
8709
8273
2435
3102
3323
2657
7651
5210
6089
6002
5398
5985
9159
7523
7263
2236
5909
5696
9285
2156
5073
6572
2444
2948
8395
4763
2942
5758
2441
8633
2162
3485
4781
3823
4836
3458
3688
4270
7842
9222
4403
5404
4779
9279
9351
273
6956
5370
5917
5045
5143
9598
7981
3968
1526
4307
6317
5625
9801
6249
6622
6568
2771
4992
5147
6747
1675
5161
3021
8076
4317
3510
3966
3834
9453
9163
180
9772
2595
6308
9440
7909
1858
3182
6372
2146
3226
1767
3058
6208
7911
2153
9490
9879
486
7380
4381
5463
8190
4179
3351
2953
3
1085
5652
2060
3487
8378
741
81
3740
1377
2866
9710
9271
3591
4665
7966
4522
7462
2180
228
8215
3668
3920
3404
7867
3588
9237
3174
4787
8616
4361
9763
6906
3402
6621
607
9831
293
2736
892
8869
493
2624
6846
3005
4679
6162
9623
3318
9058
8917
8624
3270
2715
3275
789
1275
756
7565
6172
8163
4775
9476
3094
3274
7414
6629
7648
5793
8612
5591
2453
116
7235
1968
2746
7009
4409
3447
9668
398
9840
1065
4983
3982
4661
776
9914
6441
769
8408
7813
8443
2874
252
9851
2683
3913
369
9862
1896
3294
4958
3428
5923
1454
6868
1647
1445
1321
6750
999
7204
5985
1941
4495
6849
8397
8571
2135
3049
1199
9299
7058
7393
5314
8026
9759
2174
3863
554
5694
782
2260
1745
8904
1012
3192
3741
5963
6868
6018
4708
1433
326
3765
1282
4145
6658
3188
3786
6945
5076
5070
370
8337
4054
7117
8324
7526
6722
2721
8233
4338
9377
2542
2018
9275
5806
8138
6376
2724
9512
5107
4178
1149
4196
374
9134
633
3674
24
1035
1826
5190
1644
7567
185
3453
6672
6057
690
876
8823
3520
3425
3354
7699
8626
108
2107
9265
8973
9288
1004
4777
6374
4139
7517
6789
6943
1258
879
6322
715
1018
2986
3164
6606
8738
1781
6398
5574
3700
8721
4256
5055
712
1028
374
472
428
9275
3284
1059
3583
9817
9462
9986
8761
3854
5696
7418
5068
7948
8182
3422
560
3573
9178
725
4725
8603
4861
8914
373
9279
3801
7434
6199
3968
3252
9348
8091
6052
5180
2007
5543
5176
1514
113
4388
6231
4788
4106
9595
7265
6329
7554
8623
7647
5550
896
1162
8460
7856
6709
3795
4950
2794
3495
4794
4735
3567
1888
5762
4532
364
8477
40
2071
2951
7164
660
2408
2141
5168
3305
2194
3911
1380
34
2563
6542
9013
3586
7135
1216
7310
4315
9943
8448
2161
8930
2378
6685
2394
4876
2140
4852
8686
5646
6201
8201
5480
1484
512
588
8991
2251
6044
3789
1968
8579
468
4600
5064
7079
6510
5521
8237
1098
5967
9337
772
3888
4096
5178
8092
4578
14
7428
465
9943
1056
7811
2011
3711
8476
2457
4365
343
8137
1339
831
292
3617
7349
4958
581
418
6154
1536
5667
3211
2451
8647
2770
2122
1994
7591
6250
8
36
3585
2553
8802
460
1516
2050
7243
3575
5215
9779
1068
5373
7570
3543
445
552
3818
1123
4401
6900
3016
7276
5146
9335
9644
7905
848
859
6310
5241
4257
5903
3361
3409
7594
4140
9443
4084
9687
8100
9034
2282
2575
2232
5796
8797
8172
3391
8319
2540
1385
2631
1326
5668
8862
3732
7837
6399
2395
4120
8566
4509
3144
3354
4357
3582
2075
5618
3691
6072
571
6567
9056
9008
4387
5971
9884
3238
9833
8513
6684
63
9505
2570
8995
580
7052
9076
2700
8649
3662
8145
8278
448
8309
2734
6680
3635
2542
9618
6942
3601
1207
9252
5753
2796
1880
4409
2791
8879
3945
4145
677
9423
8739
8629
9787
4245
6281
4999
7104
5473
5113
1288
3567
2950
7602
3728
9726
2863
8377
5531
6618
1095
9525
3031
6713
1779
6256
1408
7793
1707
337
6500
3878
1566
947
8347
192
8397
2381
1818
2905
4733
6014
4974
5143
6586
7846
2622
6282
6893
5555
3798
6262
9276
621
5751
2629
8508
2813
315
6401
2443
4031
1864
7948
9417
4454
1458
3455
5913
6164
6185
1301
7053
8740
8926
6815
2570
3942
7540
1596
1067
1626
7918
5730
3726
125
7006
5312
7461
2349
5412
3656
3521
291
3771
9856
7437
8957
7601
9940
7451
3970
609
7099
9160
2934
650
6916
9132
8640
2914
7089
9977
1965
462
5658
7193
6441
5280
6983
5737
1584
5375
789
7153
8435
1563
1324
1214
751
348
7810
9265
8252
7514
9396
6464
1522
3867
136
3235
9342
8110
5381
5309
764
8848
7339
9465
7901
6234
6960
8666
2709
663
5308
1895
7574
3844
2644
9797
4125
652
8626
3829
2514
680
8740
3488
5596
4958
877
2033
2072
3225
6772
2128
9240
9898
1672
9957
9040
2738
6066
4195
123
4133
661
3175
6494
2450
5489
7969
9938
847
9062
6426
8155
767
9138
8671
3127
6685
638
4352
8044
865
5270
4558
1256
1649
2110
2048
2508
5807
1203
5942
7994
781
9212
9634
8986
1293
3548
5287
1583
2352
6531
6844
2402
4634
5206
5485
8232
4396
4853
9343
4154
5650
8702
9069
1285
846
8443
8838
920
5011
2080
1279
1134
1933
5316
784
8262
8140
9264
8885
532
772
7024
6789
9910
764
811
8932
3136
8743
5510
8755
5315
7832
3720
6459
9173
7602
3035
6047
3553
829
805
6055
1164
1268
546
9254
8842
6914
3324
7151
2732
7136
6867
568
8915
3209
8160
3483
2753
1664
5344
2927
8923
8871
2027
1017
8778
3745
2962
5428
7851
8050
6467
3858
1218
7097
6705
6338
4923
6379
793
9606
1292
8101
5848
4808
5911
6050
3115
3129
7553
8692
7132
4340
8411
5578
793
1409
9315
5451
3462
4596
8968
9738
3340
5339
5213
7956
415
5510
825
1729
7556
8627
190
2169
493
7423
7599
2774
9334
5144
528
1256
633
2687
2083
2602
4919
4623
3979
2024
2580
256
1834
7083
8823
8283
1096
2872
4123
316
141
3660
7938
2305
3870
1561
3340
9355
7320
2045
3671
4626
9634
2988
1864
1337
1201
1215
8293
4405
1723
9384
76
9936
1665
8721
5950
3435
4926
2986
3936
5946
3897
4120
8158
2305
9429
4263
9426
4695
5110
8088
7927
8980
369
5945
8487
7139
9808
3169
9726
4260
5644
828
1765
7528
183
4157
3597
9721
8819
1052
3287
251
2929
3828
5377
527
5749
4328
6958
208
1496
9948
439
6445
6224
9016
1800
2930
3486
7267
8576
7323
2288
1831
274
6349
9448
197
1636
6292
1994
344
9648
7088
6871
5959
383
2924
775
5040
5814
8660
8486
6755
6159
809
2239
3322
8449
9902
5262
2297
1439
6428
5437
5214
429
3874
232
5145
669
3704
5454
1735
9475
6479
4211
1865
349
7739
2349
2546
7942
1959
8629
5228
3819
6795
5335
2169
6637
9746
2074
6002
5033
4877
1849
6867
5599
482
5931
2357
2631
4430
2138
1138
5734
8276
8558
3326
9332
141
2173
7569
6433
4925
6886
7168
8643
3776
1556
7840
4273
5791
5937
7783
7706
1739
2269
3123
3722
9431
4541
7761
8084
5999
8492
626
2578
3284
7014
2887
3377
5511
9909
2782
9821
160
3610
9337
5151
4440
2866
6898
4628
9480
3449
5318
7820
5730
6198
9395
4434
697
5581
9537
1531
344
7271
5549
9327
7905
7129
4377
5956
369
5611
4398
1873
8674
6663
1885
7768
6470
1656
1181
5681
8472
1254
155
1652
516
8390
1511
336
863
21
4255
8453
6244
945
6581
8663
3897
6661
6680
3290
3280
9640
3399
5161
2787
165
7463
5561
8379
7110
420
8136
6603
3024
9109
3170
3418
7016
5698
819
9989
9661
3485
9216
4497
4729
1941
995
7139
9061
2504
9189
5443
5536
656
7662
4947
7414
6268
2150
7648
7487
4479
2137
6048
1274
1151
3646
8929
7552
1376
2170
9
3758
8858
3508
5094
5026
1275
6713
2684
971
9954
4583
7605
321
4467
3871
7375
9232
1720
4586
3555
1321
189
3142
4150
5538
8596
1714
9643
7578
6092
5532
9645
9248
6509
1929
4230
9844
2481
6111
6072
3467
1653
9081
1141
2407
3086
7072
3164
4425
1532
505
8889
7147
1043
9465
8093
1008
7907
8600
4975
9114
4437
4464
8725
6467
78
3493
7037
6293
1265
4827
5449
1423
7113
2792
9269
6796
688
4517
6403
9397
7234
2952
2396
2963
7932
3264
9841
7342
820
8802
8107
1124
3253
9007
1029
238
6014
6987
4149
4356
9277
5406
9455
8722
6024
7912
8616
6019
3541
6601
4647
5166
1779
2668
241
5702
8814
8664
5388
4954
6792
5384
998
7053
9787
5276
5999
9286
9546
5955
9608
4932
2975
6188
3033
5228
9583
9372
1048
3003
6699
135
2301
5278
9299
6131
3569
3748
8561
4963
8898
197
2976
1522
4149
8135
3062
3541
6703
5805
3834
9154
9351
3794
469
3000
2126
2386
2623
4134
2178
190
6649
2984
9249
184
4972
9131
1730
4283
161
3399
5949
4659
7071
8670
4881
20
7645
7924
8043
8889
6746
6309
7816
5579
1956
743
257
199
3594
3829
6829
4629
4037
1130
6206
7011
8003
951
454
6441
8356
4544
9482
8015
4623
1750
6513
3831
2183
5250
451
4887
6942
2761
8213
9437
8149
3201
7736
6157
2549
2672
9484
176
4110
1447
9828
3672
8302
443
2602
7284
4515
3774
2085
2004
9639
3801
8819
3793
5032
605
2091
736
5744
578
9753
3948
2986
7390
2823
5817
9510
2923
6619
3722
9741
852
4117
2862
6165
8739
9401
583
8861
8005
3957
1364
8731
2559
2874
4293
6900
9613
7878
6305
3649
805
9928
8113
4559
6848
87
3010
9298
8325
4484
651
4983
8866
1498
5029
1525
9754
408
4833
3949
2185
4702
169
8734
1788
5825
4273
1885
61
8967
6928
6782
9499
2044
970
5216
1497
9621
7975
5988
9131
6147
6512
3945
1282
5411
4397
5514
395
4111
4791
9692
1270
6857
9458
5298
2203
3841
274
9489
1965
4358
5775
3616
6852
1038
8508
1687
1116
8578
9127
547
2146
6738
9887
7708
7044
4293
5534
1393
8166
5078
6405
3257
3006
7775
6984
4638
6822
7506
414
4347
4978
2004
2492
9846
9554
3202
9365
5453
8697
3331
4621
8274
161
4777
3395
9857
7385
5616
9953
4932
6264
3001
9994
1609
6603
8560
6771
9155
2214
2738
9598
7227
5753
9608
9176
7178
5400
2761
8712
4169
9338
403
8787
9188
9703
3189
8918
9612
4769
5799
4838
6899
4714
9379
9525
5375
9724
7303
4867
4805
5110
3198
8096
3767
9701
7029
5478
5484
4368
3539
6351
8570
2447
8293
9766
5710
3050
3442
7993
7390
2004
8324
285
3603
9977
7949
9959
5967
252
790
7114
8332
5031
8176
524
1183
7761
1416
485
5539
9448
7169
3330
8322
6862
9781
8124
2231
1039
6334
553
6469
7487
7140
6430
7201
4188
2105
499
3461
8772
8129
5570
2826
3380
7912
3278
7539
1764
3579
5186
329
6684
9322
47
7602
5638
6772
8968
7429
1414
2744
87
5654
2094
8994
6581
2929
6738
4983
9066
8196
8231
4389
4478
2498
8010
7734
2517
4107
9181
2695
2246
2963
6383
4333
4762
6207
3805
6380
1392
1030
8568
2579
8564
2507
4416
7366
6291
5511
9471
7775
2207
7678
4420
986
955
2979
221
6518
207
3669
2023
6710
3155
2166
1165
9726
1316
2905
6145
6866
1230
2906
913
7008
9534
3751
6040
4052
4285
3453
6608
1342
6018
4244
7356
5583
5911
1399
8382
3484
7028
119
4743
3050
7470
7408
3279
1952
8026
6724
2286
5880
6827
4610
7196
6033
8598
3018
8874
1400
7516
9121
1357
902
9356
5381
5835
7004
2023
3715
6233
747
1894
191
9016
7475
6768
5465
6084
8326
639
3379
3782
4560
4864
8991
8530
7987
1557
9155
8589
9614
3410
4176
9175
8319
9438
6907
9304
9388
5164
6157
7692
9753
9122
1323
5155
3930
3859
716
9218
5271
3873
6591
4607
9696
2955
225
4202
8643
9000
2365
8750
2202
9388
4059
1204
8131
9852
4648
2911
8137
1757
8016
477
3839
9257
9759
838
7979
1531
5279
6959
7014
6596
8981
5655
4689
7486
7928
9267
890
3043
3165
4842
1529
6309
6629
647
3817
6375
9687
223
7315
7830
4730
5482
1716
2810
7827
679
4009
3529
5904
5381
16
4105
7757
3379
3143
7454
1490
6992
5584
8690
8589
8463
4030
7078
9135
7371
1550
6091
8478
5590
942
7407
5455
1623
4306
4546
1211
2808
7431
6965
3547
7810
8473
1371
2816
2381
6109
4796
3356
3215
8301
9716
1279
7808
538
4669
6123
1209
118
9421
35
8613
7881
862
8593
5115
107
8997
7089
1111
6215
4854
8192
5528
2765
8575
9298
2230
2742
5644
8626
4300
4697
401
9823
8329
179
6677
8382
4688
7516
9065
6746
8870
7300
141
1454
1981
5508
2208
2729
8283
2334
1944
4284
3968
1191
7764
6762
494
9370
5359
5337
7837
8734
2802
2026
9381
1619
2084
9051
8921
5400
5837
3454
4365
5658
3629
3604
3212
7298
9492
5250
4301
226
2048
745
5601
4856
6067
1691
3488
6341
9598
859
2561
6695
8241
3151
4326
2495
6811
1309
2284
3044
1803
4735
5830
2052
1605
1421
6426
8471
3191
5187
8841
1871
1255
9485
6740
3354
8109
3883
758
5867
458
5004
2756
4156
7226
6863
6237
3014
1195
4346
9630
3943
5093
5553
541
9835
8699
6708
8383
4763
1896
6063
75
4697
4407
1733
3176
1098
8534
5485
7917
2792
4269
305
4657
9841
7029
2529
8712
3934
1617
3341
7193
1897
964
8299
7129
7166
2339
208
4214
9366
9780
8629
1508
6621
59
7258
4566
5512
7476
4337
7922
9790
3211
7893
101
7041
1799
2360
9748
6367
3136
7303
3002
6701
6397
5133
5491
691
665
4470
8645
1878
1580
1991
5104
8871
9890
5346
2263
1276
7774
4629
3784
3012
8135
5991
4999
7258
1317
1489
1991
9528
4259
6988
6053
6114
6934
3372
1302
7752
4479
918
2375
4951
9154
1796
5922
1432
6734
9831
8880
7039
4833
3830
6912
9258
8557
7733
8221
7954
7687
2938
9999
1297
5266
5076
2873
6162
8851
8739
5613
9815
9091
8436
6238
1401
7467
4296
3352
7754
3338
1475
6699
8026
5100
5366
9316
3370
3450
1286
5319
9978
5442
196
4393
5499
2692
6229
3615
5129
6189
8022
2043
7281
8951
1805
6612
7382
3717
5552
8890
1538
590
4199
2690
9835
9644
2899
6489
102
1479
9441
1623
6895
2579
2169
5307
8900
8658
818
3545
4941
3357
5696
5683
7061
9516
6397
9940
5766
7051
8820
8718
1515
6258
1749
987
678
524
9459
5455
3824
8833
7311
2225
631
6347
7514
6267
2331
5456
6387
2517
8525
4106
3151
1197
6276
2742
4063
9263
1908
9763
5931
356
6676
5251
4609
9888
1316
5283
5234
3302
2111
4419
3380
3254
9681
8702
69
8968
3402
2762
8555
8755
3666
3887
6522
6960
1849
9746
1719
5141
8505
713
8829
1679
2767
2896
1347
6398
8018
3719
7270
4241
4277
8043
6259
658
8865
6928
3554
8216
1514
1722
609
564
8607
3791
991
2798
7837
3470
5898
3544
6413
3097
7891
1893
6375
717
6805
9391
3649
7641
6399
4080
7170
2166
1130
8547
7351
690
8269
1420
5365
1826
3935
6832
215
5387
163
1087
8135
2037
4799
5655
5807
9223
3765
5972
3684
9964
7523
430
454
385
5951
5813
778
3302
5950
8
2205
414
6072
1426
7153
4363
5155
8457
5096
2955
387
378
8005
1093
4409
2039
7262
7325
7216
6517
3353
6373
7608
7405
4792
7715
843
5060
3022
9304
6584
4927
8478
2137
8569
8529
6395
4265
9605
6101
4763
8751
2226
4010
5762
1372
2828
1106
1397
3586
3787
9914
1519
8142
327
6648
532
7193
8997
9576
1698
968
9692
2968
9839
9924
2377
8833
4170
2237
386
6480
1036
991
7867
9301
3179
4240
8980
7681
4660
78
5124
6015
8650
7856
6184
2375
9271
7596
4817
5238
1457
282
7342
4856
2333
4868
5721
3339
1090
7995
8179
6191
4601
5070
928
8507
274
3506
4699
967
1057
2139
4679
5358
9479
4190
8874
2193
1382
977
2914
1191
6020
1607
4962
9289
2036
912
3463
1684
5625
9447
4152
963
1317
2282
6359
9130
5767
5910
1908
1959
6985
7975
9116
9703
5429
2401
485
9923
7261
8898
1823
5014
8975
3829
7231
819
4602
4459
9876
8576
6354
1572
5011
3881
8111
2997
2438
1634
1634
1112
1904
6111
5983
7300
1905
4583
8347
3720
1130
76
325
6236
4878
3938
7766
6902
5595
427
8257
2483
1455
3858
6038
545
6572
6652
817
3034
9804
2465
184
1020
9804
1594
4907
5190
1702
6290
5981
2102
1919
7177
278
8752
4518
4633
1888
3826
3614
5479
5351
6421
8361
9640
5377
2253
5686
990
1548
5258
9062
236
5836
6794
7322
2766
2189
3728
6880
7742
7637
7631
3322
289
4354
2726
4426
9405
6440
6391
8767
4111
7216
4411
1572
2807
773
1616
7852
3126
6502
3346
2724
7102
9233
9284
3814
2335
8629
4901
9309
374
4400
3328
1690
5272
5748
620
5495
6545
3209
133
6436
3197
8311
7986
8570
8808
8162
7027
5628
2314
6910
4902
2831
1443
4751
8940
8491
5736
5143
1591
6925
2179
208
1591
6378
5729
6022
949
4353
4493
5233
3386
1506
5807
897
3622
9289
8829
332
7623
1527
8020
8933
5142
1737
4313
4142
434
9061
2903
9037
8256
4083
8802
6852
1362
3715
2718
7134
9775
6836
5180
9143
1226
3047
8882
9245
1346
3597
2165
1264
8783
425
767
2853
2321
7611
9430
8465
4860
2605
404
5732
7439
7197
3982
9280
2604
6747
1485
8264
1664
6575
2010
7429
86
6598
1383
9004
5514
6411
7144
781
2432
8424
8091
1944
2231
5816
3340
2631
3984
4382
9210
7929
1364
9326
4813
3721
2650
3481
9631
4606
3504
4348
4489
10000
2494
9157
210
6094
6370
6430
1742
1597
4994
3710
4303
535
146
3817
4415
6709
9087
591
2850
4193
1357
982
7496
880
1270
5131
9403
7790
9021
14
2523
2723
7001
4556
7392
3201
7715
5077
1519
8978
7084
8453
4977
3083
6840
3456
7737
8615
4381
2739
5315
238
4124
6318
3995
988
1009
7463
1868
6491
7948
181
7459
9304
8345
1889
6979
6167
7624
2256
7433
6321
6042
9003
1928
5887
5604
4137
7850
529
6139
4566
2626
9486
8673
615
7731
4954
5151
2600
4870
7228
1841
8228
9553
5908
8889
5550
9952
6240
3057
409
4263
7118
3817
5890
1328
4189
2055
705
7097
7802
5456
786
3244
8903
8916
9252
141
6145
987
7965
9542
2360
1274
8617
3763
6178
8092
6599
6677
7355
6724
48
1814
4529
6359
7151
4863
2078
5530
3201
4519
5975
8276
256
1357
7162
6278
3791
2682
8414
9439
769
3061
552
6806
7061
9920
4217
696
792
7959
9285
1033
7171
6694
5118
6668
555
2436
1032
7569
9567
3530
4066
1845
2441
8093
6880
7307
6435
1470
5599
1261
1150
4441
2051
1209
6739
5427
7152
2715
1499
4049
1122
7959
9543
3611
3787
6518
418
7554
7618
437
4986
2073
6108
5601
5929
1940
3631
6401
4824
6641
5733
6119
8333
4269
1569
2370
3836
2186
6049
701
796
4297
9160
4463
2428
7961
1944
1987
5733
2935
6881
4023
4614
2007
9015
5665
9861
8020
2491
9904
5468
2270
2669
8800
3397
7804
6050
5290
3590
4722
4547
6130
1491
998
6877
6269
789
2240
7480
4541
2787
3619
9996
6763
7404
2838
2945
3776
4079
9142
2808
9546
1720
1450
7831
912
831
648
1086
6651
8474
1763
2794
7267
3169
778
7399
6700
5007
5997
9922
6781
9273
2403
2902
9465
6917
5928
6594
6025
2647
1495
3343
1834
6076
6278
3840
9575
1406
9429
6286
5379
6599
2975
538
4889
4355
2708
295
6429
4109
1606
6998
730
9845
3513
8337
9738
4181
767
5087
636
8516
3343
1537
3434
5516
2311
1201
1233
8882
2542
4890
248
4718
6709
4788
229
6955
4232
7705
750
5411
2219
9305
2452
9492
7868
28
3401
5696
2224
9288
3706
9293
8725
8913
1746
1861
5625
7398
7625
8733
2660
2180
3066
8145
6313
4116
1007
1048
7295
8037
7602
1663
1510
5468
1711
5874
8155
6537
3461
3779
1990
834
9511
2823
3913
4930
2448
9026
2342
8022
1983
8253
7716
3585
1540
4394
389
5714
181
41
5970
3802
6622
5638
8808
4080
9451
5167
2334
6735
8171
332
3051
6981
6945
273
1966
5636
7079
1079
9457
9506
5737
5738
1372
4671
7879
5837
4718
8465
1445
9135
8184
883
80
5365
1803
7231
8956
6572
8434
6042
2449
6777
67
7392
5409
5570
9371
2594
304
8935
5709
4360
1824
8329
9379
1232
888
1715
5937
5629
2812
5530
5478
2920
4086
5533
149
2757
7415
1350
5942
1525
6287
3278
4185
7782
3077
8198
3132
3008
8119
9086
4119
6018
8923
2253
2902
164
6989
7218
6506
6144
6927
3915
6680
9325
489
17
3172
9744
1517
6732
3964
5901
7195
511
157
1944
4496
8591
1564
4527
174
1969
9915
5299
9408
346
9672
7164
8096
9929
4925
8841
3230
6782
8376
4223
808
5067
1105
4927
7626
8045
1228
3075
2185
8475
8011
832
6245
6104
8652
6253
118
5311
2578
8009
9652
6018
4001
7147
6580
311
5111
5789
9839
8110
1243
1173
9998
3330
1481
6983
4528
8718
8339
778
5119
4041
639
749
8602
4696
7130
2262
5751
5094
847
1912
807
1440
5834
6249
4719
7211
9818
8864
6492
9963
2755
6688
6456
7174
7235
7269
1394
7323
7860
3368
9653
2437
3518
1800
5019
8972
9046
6862
6057
2444
5563
6767
5095
233
354
1607
8498
116
4074
1775
4546
6643
7019
4477
2192
9972
4650
4696
7521
581
7587
3040
1408
6734
2957
4970
7841
298
6559
1722
4605
9324
7366
9372
9579
6236
9151
5387
2886
1250
3397
4375
981
1351
4768
6178
7832
725
1473
6238
6902
2822
7842
3445
5798
796
7108
4725
4522
2884
3659
7262
3322
3358
7703
1142
7220
2038
8286
1966
9073
2602
7662
4558
2413
4431
2868
6933
5156
7691
1413
9189
3366
4730
1931
1666
6693
673
101
1015
3487
176
6644
9471
2963
166
9487
3159
693
2988
5247
9498
5397
3403
3860
6210
7760
776
900
4176
8232
244
5178
9124
2964
2870
2301
2738
3707
3564
7382
9085
6292
4305
9337
5916
9615
2876
4185
9799
3131
1657
7809
7710
1661
6592
4418
8128
4921
324
4281
7839
2814
8903
5053
2970
8697
8600
8289
2167
3790
8042
3309
1090
5029
5093
9540
595
4124
6377
950
2455
7232
9213
123
5250
3446
975
2056
3640
1064
8190
9182
4145
6151
6601
4722
7270
2657
4671
5551
1206
7906
9945
6764
7114
2661
8918
9598
8242
8014
7002
1704
3667
2806
6822
4285
3952
795
7099
774
9552
4364
670
2877
2234
7352
2988
2118
6464
896
5084
5883
8388
5795
6607
9560
7319
7102
2395
8702
2608
1261
1013
7360
3683
2636
3877
2062
4585
1178
5882
9634
6301
5120
8517
1032
6316
7239
9572
224
382
4102
2640
6019
9625
5394
7455
677
7125
1458
1453
3093
2588
4117
1739
312
1739
8037
2617
2051
5724
7373
672
9173
2962
3130
5066
7919
873
6656
2987
1604
3215
4629
3987
3390
8601
9966
4285
3721
886
1759
4818
3398
640
4797
5911
692
861
3321
9254
7790
5667
7436
2015
5405
639
1259
7029
9657
6528
4665
6470
9016
9229
5485
880
3366
5406
196
3158
5975
765
5730
576
2113
771
7276
6291
6972
7078
4791
5468
87
9110
2722
7794
2040
6139
2867
3212
6093
4105
5069
5502
6804
1491
6300
2279
1911
8248
5903
679
3561
8910
8027
3148
6216
8163
3007
3691
6290
6443
4998
296
5925
9550
8509
7806
9815
1128
4549
1734
3331
518
7129
239
7287
7325
4335
6034
6602
1380
2531
7100
1391
3141
7280
1278
3359
900
8296
5456
3936
7371
9916
483
6748
9347
6938
3254
5171
8287
4889
146
3840
3104
4009
8116
7292
9455
2499
6526
4165
2740
6264
7436
5126
8482
6931
2348
6271
2445
6101
7390
2548
5284
9358
6902
1671
1072
6065
7936
940
227
3049
5842
5619
3402
3631
786
6303
2114
1725
2535
1142
2117
3452
438
2173
1087
2405
7741
962
4906
1701
7231
2037
6479
1399
3962
3563
7497
3688
3232
9643
2728
8327
9340
7443
3708
6309
4850
1564
2493
3307
7837
4968
6489
8411
1464
1704
2428
8314
1471
8632
6390
757
418
3524
2111
9418
9578
8909
2396
7510
8048
9352
2588
9219
7907
9327
1298
8184
5762
8577
5841
9251
6955
3579
1018
7511
1547
5723
1659
4496
2064
4994
5296
9539
8609
4788
5695
8477
5154
4064
2268
8385
5255
3167
9005
7270
3293
1705
9463
565
1760
7702
9863
7569
7767
4457
7898
1492
3192
1439
3327
960
8013
2530
6135
2271
9716
5552
5638
445
4465
6097
8204
3707
4133
5447
9058
3357
8098
1589
55
4669
1107
8537
5114
2676
8923
9096
1012
4007
621
4198
9025
382
8514
7994
1002
9979
2472
9852
2487
8094
1368
6472
8479
7993
76
4884
2670
1445
449
3289
4613
5682
7249
5171
9389
16
786
7129
1284
7499
5883
1104
5264
2355
6911
6637
908
5907
2667
4518
1266
2382
929
5413
2941
6361
3754
4173
611
4248
9499
5021
1630
9067
3510
7787
5373
4922
9686
6796
5493
8970
3708
1065
8852
6170
7445
4729
5337
5333
9331
2197
1443
9471
4387
2609
7796
1008
4217
4865
6339
4948
3178
7787
1948
7546
482
4350
9435
2465
2273
6260
5565
2140
4180
4214
8348
9253
7658
6287
5082
1609
857
6793
1732
6483
3475
3698
2361
3111
7081
7809
5425
6122
1083
2254
4504
5730
7857
9283
4184
5444
911
3949
8864
5763
6987
8722
4663
8479
7431
5034
3304
1953
330
5159
4412
60
7287
794
4338
1497
7401
4294
8145
2839
4684
3424
5547
9538
9660
4127
1349
1576
9072
9043
6693
3233
3138
3399
5729
2524
3268
5175
3486
4309
4542
9757
1935
4112
408
1731
3628
3848
6982
1627
2875
2148
8567
7930
2768
882
3649
9386
9711
5946
3954
3076
4288
5023
4808
683
5969
4399
2717
889
4881
8792
2357
4051
547
6233
9336
9871
6805
1762
3319
5693
4107
5651
6087
1521
7546
3447
7798
8511
5285
7946
1651
6884
6798
7608
4495
4888
1402
2866
439
7911
1615
2488
1919
1850
4890
146
8754
3627
3322
3105
3721
5880
5264
2935
1644
3559
4469
2922
1241
6002
2275
3303
5782
5079
3093
5935
3119
1753
996
4779
7514
678
1320
2930
8006
1668
7986
1614
2161
1636
3194
1891
64
6746
2866
3724
9175
3368
8779
8512
2560
5490
5391
3229
6877
8159
3211
2309
8522
7930
3993
4371
9043
7132
8813
2681
2956
4811
9203
9964
5146
5202
2650
3819
7249
6998
6983
1999
4019
2601
4878
9604
7730
6980
7587
7931
1474
4962
236
6917
9450
7208
1847
8554
1236
6821
3114
8095
6380
2597
1315
6896
5970
7785
4692
3224
1799
1363
9917
3031
6704
8227
7588
2475
7825
4343
1988
7325
7086
1546
7164
4672
6283
3128
1719
7287
985
147
2818
3570
1018
4960
3137
9986
1806
1169
1413
6863
5766
9900
4050
4838
5207
6544
1731
6445
4387
5529
9286
3018
1631
1828
4270
6546
480
7490
3621
454
9631
1535
1125
5688
3345
5860
2557
8863
9316
6501
2062
5177
1679
6844
5680
8558
4907
7412
7699
8982
5187
2150
5838
4020
2919
2380
3684
5450
9109
2277
4528
9091
2100
4238
4852
7100
3678
1298
8777
8008
9088
5176
5573
2454
5408
1804
1742
8421
5784
4716
2286
6952
5301
8699
7593
6867
9973
6101
9205
128
3904
762
722
7916
7765
3921
8578
6448
4882
7528
9944
3924
5547
8297
347
2712
4903
9589
3118
7279
2689
5965
7989
264
9138
1887
2027
9884
7870
9923
7718
5083
6734
2633
1443
5539
3251
5220
2251
2624
7754
8690
5822
1453
1049
5439
6688
4102
4023
2233
9443
1512
2822
5298
8676
9314
681
9182
581
2482
8149
5021
3949
8152
5718
7655
8060
8367
5736
3032
2530
6353
1460
9779
5183
729
585
2123
215
7800
6800
5762
2042
2135
4808
10
2670
7941
8572
6229
8802
9042
980
5467
7376
9466
9213
3667
9235
55
1916
9425
8783
4898
2977
1647
2441
4572
7200
2250
7108
854
9594
4301
8194
9840
848
6459
5478
7965
8545
3936
6324
1562
855
811
9877
6807
3808
8740
2219
2912
486
5611
687
239
4823
3366
6849
7153
1450
7079
3245
4825
3181
9841
6223
1020
7001
6065
7176
8408
9571
4598
7875
8316
1937
5765
4994
9988
3991
5930
6792
1143
1220
5438
2474
2850
3231
1047
9290
4465
560
9326
8300
8228
5466
3185
9002
3018
1677
7345
8370
8527
6837
3896
9498
7764
4661
6532
1936
5501
3431
3760
9023
8286
7921
7137
9754
5734
3451
311
8485
6676
7315
1737
4983
9925
7517
2148
4653
5483
735
6187
870
355
5747
92
909
9816
1097
491
7742
3494
1490
4225
1377
894
4697
7342
9140
8031
3648
3486
2072
5072
1060
7511
9130
9751
7581
3738
7245
8392
8945
6105
8838
916
842
8928
8692
3077
3804
5129
6586
8198
4493
292
8524
7443
8873
3435
3604
4399
9128
4110
9980
5670
6890
7278
4867
4153
5714
6398
6748
1752
2638
2546
5170
1769
126
3618
5268
4226
6272
7719
6842
5170
265
8205
5108
8819
7168
2637
2000
5949
8727
1607
8764
6368
8884
8736
5857
4528
5957
6997
4774
45
7051
4177
3540
5255
8801
5333
5149
7987
7531
4264
5377
7138
9503
2810
1478
9653
9384
1787
7609
6538
450
408
1861
3936
4056
4580
1926
4382
538
2002
2405
3750
3120
6572
5121
4784
3614
4606
8905
9051
1365
5958
1603
6086
1130
685
8233
119
8849
6383
7718
2674
667
7145
7709
2002
435
8690
7800
8695
7345
2210
7684
6021
2010
7279
6281
5137
2103
725
597
1740
487
6893
8029
7534
1150
8581
6135
1652
1435
776
9565
3550
3680
4085
7827
5255
4288
2012
8580
3198
3503
2746
9569
4268
544
2742
4400
367
7256
4102
4685
3805
6310
9691
7339
1624
4119
6265
5690
1421
6512
3468
632
8704
4240
7547
7553
4847
6840
8768
530
500
2613
6959
1246
3430
5213
3080
5907
9861
4918
2741
659
9609
7080
162
8242
387
3831
9489
4994
2318
8509
8009
57
7634
8792
3036
4217
1808
1773
8341
818
8186
3470
5879
5132
9478
5408
1236
2825
5830
5593
1061
523
9282
1018
6538
3563
5963
1652
8687
4866
6043
7567
943
5420
7527
1638
9961
9120
943
7294
1661
8850
6376
62
9543
340
1697
908
2437
271
674
5104
3913
7175
2510
2383
4896
3718
2611
1129
6305
2228
9492
9575
1470
2785
9475
9457
38
9386
6144
4021
257
3684
8959
3663
761
3999
7746
2379
5837
2588
8910
4154
5131
4955
9243
365
7873
556
451
3387
7946
7638
4937
652
6361
396
7351
3229
2792
9638
1171
8821
1833
7906
3298
6233
6356
4862
9425
4522
6864
9422
9357
856
6015
3910
5689
9141
4399
9219
4768
5428
5176
7431
9837
2801
841
1749
6621
5977
2479
6292
9643
3401
5606
1892
719
7296
6510
9344
3318
8903
6738
9031
357
8897
4364
9526
3665
921
7028
6839
7238
6867
5425
693
313
9471
1737
3618
7764
6169
1092
7938
9132
7620
2158
1305
5909
290
4842
7445
5830
1138
6425
5085
2379
3791
9105
4651
7059
5228
4382
4049
1118
7233
2742
8137
6360
556
2495
7426
5585
9756
6579
1423
5475
5168
2531
6591
4969
1738
1512
9819
4259
8624
3557
6941
3513
6379
7664
8139
5968
2575
1445
7394
2149
2637
7122
2472
8690
7963
821
8208
3412
3699
176
2014
4477
7441
492
7785
2954
855
1203
7706
4058
5346
1765
1837
4707
1507
8810
5916
2760
8421
6467
1695
2724
9370
1530
1038
1003
1042
7629
8318
2483
493
4497
833
6520
6104
8735
6488
7559
8822
9664
6151
1287
6201
7367
7902
9601
7121
4809
4426
1861
3152
6895
5633
788
4770
8333
3448
4442
7060
3039
634
9997
8346
8740
1553
4308
5963
6991
3160
2929
8154
7536
1727
6126
6323
6866
5177
1836
2684
7915
9841
5297
1749
5019
1991
7323
1314
6907
6333
9767
7138
2694
2276
7159
5690
9140
7330
3264
8002
9199
4413
2151
3779
4993
9864
4790
8787
286
4193
2225
810
1305
2629
5814
2495
3519
9502
1341
1504
7220
1548
8578
1584
4775
3749
7898
7660
7299
1387
1255
2203
9554
5393
2587
3173
3192
2177
2936
9244
2694
5553
4872
4095
7992
7789
9023
7307
9354
4837
3961
2870
6008
7304
4338
3326
1848
645
9033
7260
2880
1997
7657
5053
1515
5454
7860
8846
2095
68
3203
5168
1161
4693
7794
5076
4777
5980
885
6437
8504
570
6737
2086
4813
3810
6531
5081
362
3353
3180
6184
299
2652
5052
2920
3575
9847
2641
7725
9858
3590
8356
9718
6757
1336
3140
4157
6056
2561
8893
5091
571
1735
3065
3966
2270
1502
9476
8559
9615
7949
3849
9982
1828
1631
7251
4992
4828
3716
2321
3035
7226
7295
3994
6896
181
8564
5748
1307
7414
4449
6850
5000
9612
9740
2137
929
2109
4927
9578
3062
9929
2924
1035
7002
3797
4423
1743
6363
3050
2968
7635
9567
2778
7662
4608
3529
1755
9740
3789
8279
5388
1684
796
5915
9394
7107
7380
3282
5109
4142
7202
6044
9940
5785
5287
3438
3236
6424
23
4909
8335
1052
3534
2513
8617
3142
6248
5255
314
888
5322
9673
6571
7284
4926
9380
5827
13
8752
4388
4412
6975
2334
3905
7671
5886
5702
8386
4536
8747
6852
4035
3453
7612
9972
3140
4992
30
1669
5190
6888
1964
1209
2869
1520
3693
4550
5622
5051
2833
8720
9828
846
2543
5270
3992
4497
1824
5740
5898
7747
8501
1042
9848
6783
8411
3298
4866
6987
4467
2346
1578
3366
1620
686
975
7091
3502
6666
8172
8608
5590
3944
739
5191
9924
6826
2635
9801
7946
3865
8886
5168
7005
6752
9846
6092
3647
6919
7534
2278
6865
5328
8169
8475
6953
1945
1634
1991
4413
9002
2052
7063
1503
1444
204
6259
1191
9644
9811
1132
598
5946
4098
2799
9242
4504
1804
3003
5191
889
653
975
3523
8657
9515
3816
4416
5258
4493
8890
5907
4068
3951
3816
8240
976
1648
6000
2850
610
8474
8524
4950
8864
6008
3144
3053
6078
8569
8449
5734
1714
4503
4897
321
1292
2459
9373
153
7570
4716
8879
990
2585
7628
6951
9522
9413
2728
6826
1538
670
4380
777
4603
247
318
2880
6802
1574
6361
334
4269
8742
381
8767
4879
7997
3705
1905
6012
653
1713
9648
8262
4663
4304
6663
9054
7054
9727
9975
5440
358
8909
5196
9701
3583
1697
7295
6529
2026
6543
9770
1459
3126
82
4744
3965
1513
9177
6784
2316
4299
7501
4679
6450
6626
7821
3566
5417
3623
3931
7440
493
6884
6397
818
1262
6600
1203
3970
6509
4464
2840
3438
3025
1908
3914
5526
874
3311
3785
2078
7332
962
8688
5400
289
7168
2252
5193
9240
8671
9580
4689
79
3542
6470
5202
4198
4256
8529
7585
6855
4789
5020
4528
9277
8252
7704
2761
4329
6546
8342
8274
5809
5561
8682
3057
3024
5160
5228
3946
7414
2683
5168
2553
1382
3767
7284
8232
8673
8055
9098
9189
8572
5266
15
7389
1665
9372
2451
9898
6577
6533
5433
3919
7588
9895
144
6070
8597
5177
7615
7212
6292
5069
9249
7072
597
7156
7497
2569
3427
7448
4015
6794
2871
3094
1846
96
9837
8353
1979
3289
2190
9944
3929
9525
5994
4161
6318
1709
4613
3753
3594
5050
4908
332
7474
9106
2205
143
4416
4764
8213
7513
5043
1282
3872
3541
8330
3085
6891
4900
893
9097
5141
2003
609
4623
4954
9155
8343
4464
9799
6536
9572
1967
6604
2547
5408
4628
9025
1394
8950
6498
9016
5369
6806
8839
9189
8628
996
7982
9552
2566
4007
3252
4906
8507
4388
805
2978
1745
8693
2246
7314
5987
8234
4860
2085
3965
7071
3376
373
9591
3993
3983
262
8589
9828
3425
6132
3751
6133
9896
523
2521
1425
105
1857
2268
9276
2635
7209
2565
561
9993
3370
9806
188
1306
4033
1680
8855
7173
8031
3406
6162
2918
5799
1691
7591
2839
2439
8351
5821
7464
9849
4886
4128
8415
4765
3020
6639
8068
5308
9242
7614
3957
3694
7830
4281
9119
7185
6246
6057
1692
2269
5146
2421
4123
9305
2970
9371
343
2921
2712
5950
8786
3019
6541
3551
6099
8765
5756
6199
6668
1861
3185
9677
798
3090
8135
1868
1193
3864
221
9850
4191
5374
5730
9904
6187
4072
9813
8752
2388
855
515
5896
6197
5941
9063
2595
1240
5051
8728
6175
4809
6887
1814
5316
2741
2010
7625
3928
2302
9084
2511
4569
8702
938
7112
1842
1380
7100
9558
2029
3837
1934
5345
619
4839
5690
3555
5148
9518
2438
9368
8958
2274
8289
5963
9802
2319
8835
1313
4849
5438
5793
5586
7525
529
8830
2626
6315
3506
1052
1060
4388
2162
763
1327
1343
4175
5337
3224
6922
7505
4045
36
3698
9487
8547
7404
5289
1363
237
740
3522
2649
1217
8619
7314
850
8570
281
901
6515
5193
3405
9925
5549
9905
6391
2472
8590
2748
2654
3858
220
566
5028
4801
9374
3973
598
7864
3880
7568
5139
5010
5830
6654
5577
6543
99
9592
3922
9052
6343
7216
8201
9707
592
8415
8583
7843
5534
1444
3912
4298
6276
2776
3386
7828
610
7229
9751
1493
1425
1094
9780
9444
8248
7347
7846
9251
9024
1881
9259
9246
9271
8104
112
4090
1895
68
7374
4356
8290
7459
2836
8977
8619
7614
1401
6404
3465
3139
7687
4598
1565
6210
5536
167
261
6939
1125
3480
6535
5518
5719
7324
2989
1263
3137
8408
3495
3242
4411
9491
5964
1320
9287
6653
866
3337
4244
401
5238
5895
1733
7125
2190
8130
9578
9796
3724
4831
7960
6095
7837
2952
7052
339
6892
8678
6983
3985
6243
498
5337
8545
3950
5239
1630
1982
5043
7843
9057
5182
2822
3571
718
6481
4112
1891
4771
7175
3040
1264
6466
9993
9681
9496
1616
6037
2865
4260
6915
7053
3868
5122
7045
4918
5037
4497
3201
128
4100
8895
1150
4188
7818
1577
288
9046
4218
7966
3827
2264
8842
3113
5132
9336
1711
1770
6374
7678
7296
9705
1952
57
9043
2820
5253
889
7659
4065
6984
9405
4112
679
1297
5705
2660
6798
7439
5048
6657
8227
7779
1171
9630
1129
6397
836
558
6678
98
2619
9459
4126
3222
1971
1773
4180
4819
8472
5360
7881
4698
3759
8583
2071
3584
3236
7177
5990
3192
8655
6388
5524
9245
7337
1115
4052
4444
2720
8743
9735
8718
9337
4280
2054
315
6354
7817
1608
7633
1758
6002
95
5116
9062
2049
8177
983
7334
1360
8863
37
6823
4720
6611
6620
7405
888
4628
794
5094
7286
1685
4436
8517
7332
4728
5092
7980
2343
7857
650
895
789
5293
1590
3544
7406
3545
9374
7260
185
3183
8527
4510
4787
5740
9832
3486
1657
6280
6270
3774
9877
7264
9069
3644
2714
4682
2518
318
1568
3898
6058
3060
4488
6026
1252
790
6630
8321
8058
6595
2023
5189
4558
8866
1480
5267
7539
2218
9119
2611
5759
5620
9533
1843
4946
8368
9568
1402
1504
3930
9918
5912
2271
8891
7919
7872
7112
2465
5774
8244
7684
2600
4371
692
3146
6427
3819
8253
6093
1644
5323
7918
4828
1151
6084
5748
8823
4686
7409
5175
1085
5038
1579
2443
3175
8990
6124
8567
1600
4748
6010
1683
5751
1825
725
132
8198
5372
1101
6135
2788
7667
1502
7896
3605
5317
1076
427
7485
411
1098
1175
154
3497
4963
4434
1766
6068
2347
5042
3399
9128
9355
6374
5226
8416
4398
437
6060
9064
3350
3501
5939
7416
4937
7842
5752
2157
4969
2630
2174
3602
3418
7628
6359
7786
4137
3347
6666
2893
3352
9490
6696
7098
8018
6130
4059
5990
9379
4413
8500
5551
3316
655
8079
5209
2497
8443
2867
2329
4344
8849
1950
9655
9157
9916
6929
9698
2685
4702
1056
6913
4610
7582
2592
196
9470
9846
4115
9338
611
8069
6522
7697
7032
4283
6663
3712
9188
3284
5702
726
6941
2439
3223
4092
9572
9287
8402
7701
846
1963
3582
2717
5862
6665
1850
3984
5162
3933
917
3329
7830
7205
5467
1147
8960
2338
9907
8720
1093
3900
197
916
5455
9677
8381
1621
5358
1940
3841
2588
6203
4193
488
5219
1214
4768
966
5515
9670
2202
602
2410
5852
9957
1087
5844
936
7092
4057
1499
3854
1702
9537
5117
4789
424
6956
712
5741
1652
7359
2985
2605
7636
4286
6643
2604
2483
4337
4225
6749
3883
365
7413
7707
3315
2216
1744
2044
2878
6898
5289
2781
8980
5314
9277
7314
1329
5407
901
3870
5895
7709
2300
8232
3149
241
1842
9805
5572
4722
6344
7868
5678
9510
300
980
5163
492
7545
3209
4063
7778
3975
6744
7500
3640
2150
5030
8550
1283
2057
4353
4762
2419
2191
6302
5962
7070
2297
9115
4388
4665
2235
5731
188
1815
5786
2492
213
9237
2367
8348
3933
6278
4369
6960
3455
3958
9679
5346
7744
6198
5349
1682
2994
4415
8414
3758
7436
3517
5444
7005
255
2247
7704
3666
8844
9752
3071
1508
8707
533
2146
2734
826
1325
960
584
776
8630
8243
7976
7948
7968
3685
4906
4456
7407
7364
9685
3959
8509
6314
1465
957
9561
5565
524
6451
3695
9517
8567
5595
6887
9249
1754
6716
2745
2919
9704
1330
2484
6473
7093
1743
8210
1910
2568
4579
9632
2209
9612
7357
3383
1960
6596
3396
5885
4451
8489
2284
9451
1986
1442
9120
9474
6825
7823
2413
2602
5879
5067
8237
6174
9866
4013
3122
6918
9566
3512
8599
54
8978
5806
1032
9412
6517
5036
5094
3693
300
3009
219
5752
5311
2965
8210
2182
9058
4923
3586
7983
6500
5241
8974
3510
8106
6842
325
7803
3292
3700
333
6221
3363
2709
4292
1758
6330
8601
6930
2284
6636
5904
609
5504
5225
5898
1617
8533
3715
3632
3229
9702
3662
2493
230
5561
1543
3631
118
5383
8584
4742
6049
1986
971
727
850
2289
2304
2271
5832
3526
6990
889
6511
9983
4852
310
9377
5233
1079
5006
6184
8908
7415
8022
2058
1925
8947
8802
4246
2453
4200
3297
9869
7491
6136
764
262
6490
7761
2372
8209
2757
1542
7087
9375
4682
8404
4704
9095
9965
4730
8941
7741
4656
2804
9325
9573
8096
742
6874
6995
7322
2463
5263
5991
8052
7906
9289
1258
5739
5528
2335
9470
8081
2943
7191
3790
9217
6187
1340
1398
5406
7014
7337
8765
8632
7647
9103
8763
6276
4486
9987
6907
8678
9516
2793
2537
1434
3950
4185
4142
2251
4883
7107
9345
5113
6686
4129
3783
4282
9955
1835
5595
1799
8639
3010
2164
8471
7367
3986
9056
4656
8638
1444
2900
3787
8037
9916
2968
8072
4897
179
1058
4940
6616
1448
9169
3523
7675
6516
4870
358
4133
7425
4277
9840
8466
1815
931
5790
954
9834
3569
576
9773
3625
316
1450
6403
6021
9111
1072
6025
4641
8597
3024
8824
59
2154
5830
9794
2226
4365
5072
9515
4244
6086
4624
1425
7245
7693
9576
9849
2407
1360
9849
1986
6494
1407
1647
2546
4118
8127
6130
4886
1290
4871
8009
6982
968
3217
6266
3167
9371
5564
8275
9591
7286
3148
175
9085
5242
2639
5490
838
2708
5757
2111
2781
5934
7356
6324
2447
5558
7237
3339
6737
6788
2077
8257
8954
4788
4206
7505
6047
3605
6318
4885
5448
7396
9656
8073
5518
4627
8591
416
9795
4443
8206
4006
1358
7817
9077
2551
3255
8951
6337
2385
945
835
9603
9457
7580
6430
9464
5618
5330
6699
6828
9405
7492
6541
7194
8951
2462
6523
6087
2532
6850
2311
9441
6874
6229
9294
8262
266
7870
8232
2067
3700
7503
9541
3857
2565
9196
3412
4542
1195
3833
4037
3010
9063
8407
8630
9500
1619
9873
560
7937
2350
7153
8526
3809
9907
3561
732
4462
9080
6431
1402
7799
5798
3420
60
84
5130
80
6441
7056
4820
640
5499
9446
651
5056
3453
2355
9868
3392
4935
7026
5263
2519
966
6553
95
4657
7980
6771
8635
4028
95
2271
2211
7076
114
2388
1412
8965
9198
420
1984
5266
8915
631
8325
834
8973
1886
157
8714
2747
4263
4838
1411
4511
3226
9903
5587
9632
3527
2758
6161
189
4529
8773
647
460
989
3320
3748
8294
6384
5545
5416
1240
1375
4398
7309
6097
6381
9954
5494
9257
5718
8790
4284
3220
9646
4237
1166
218
7068
2530
8479
6608
1801
9963
1680
9834
3891
2621
996
9697
5358
6317
9212
625
2665
4336
7795
6998
6262
4723
2357
7376
3160
214
1292
6092
8700
7549
7491
2431
3460
2686
3411
9908
2085
1030
1964
8108
8963
543
86
716
2378
7079
4609
790
7358
7692
3741
82
3144
3510
8127
2139
8143
9296
328
9119
3665
612
8076
9687
8889
2787
9601
4223
3081
9436
3697
893
1226
7651
4583
5248
6417
4331
7194
1363
3385
347
2681
5369
581
780
4806
6911
733
289
2340
9297
6583
6484
6260
1718
7431
8178
654
935
1524
8189
6266
3143
9932
2472
9640
3975
9109
9487
2650
5708
9655
8618
5306
9138
2213
7537
4709
5207
348
4982
7718
9692
3542
6727
1596
6995
4718
7861
4931
1780
637
9942
8710
3775
2125
1704
5722
4644
6111
4730
1497
5304
3309
5667
9628
7025
672
6033
4186
9107
1821
5180
7782
5308
1126
5976
7265
2079
8814
6485
3468
3311
6543
6057
9677
9527
6350
7990
9986
9563
539
2848
1043
8986
6235
3415
7873
3831
8023
4785
4846
4494
2777
4706
5752
4658
7596
5519
7706
5480
6560
7878
1405
320
7299
2017
4239
4433
6020
4372
8071
6568
2361
6131
1112
4367
7683
2237
8027
9315
5508
4166
7722
5789
5225
9115
7050
9080
3208
9371
6068
4923
2720
2563
2156
8140
420
9972
3472
6656
7942
4467
9506
2762
7150
5830
6479
2740
7014
8611
719
7835
8194
3824
9458
5301
4817
8295
1755
167
3853
1155
9336
4564
8763
3260
7727
542
1746
3086
6665
6721
7800
1054
6392
2660
7164
5694
5270
1005
254
3033
287
8574
6979
9325
3006
6848
4308
4996
3980
9932
6616
2865
8172
7334
2483
5764
4066
6152
8098
5012
6779
4037
6950
6385
2738
5361
9159
9397
7558
2329
533
5459
7982
448
8258
9230
2137
727
59
147
6804
6768
3851
9084
4670
2387
428
4514
4436
2399
6223
5251
9316
8527
1786
7987
1198
5601
5138
7824
6958
7160
871
2101
5036
1001
448
5477
1511
3067
6686
5061
4603
4502
3838
9513
4429
5529
3191
2817
8722
3130
5628
2158
8197
7199
9182
7409
6482
3255
9650
3426
1585
1318
8606
1697
8605
7204
6083
7369
4294
67
2696
4181
1956
8762
9067
8979
3549
3408
7361
1832
2670
6560
9058
5767
3313
3121
6739
5370
1263
2006
4658
9623
307
4243
6847
9818
8846
5798
1158
446
5840
7035
9883
1991
4141
3923
6273
3855
5020
9606
914
7338
9722
9562
195
1881
71
8453
5780
2137
1618
2749
237
814
6141
1897
823
6911
123
3376
7663
892
270
3431
1062
5159
5169
688
9435
7355
7017
9120
3919
8040
9588
1641
7746
9079
4048
9616
3919
7461
6925
3425
8862
7343
4346
1204
7967
9372
1907
3381
1355
8626
704
2708
6025
14
5899
8696
1025
1654
2185
8991
1844
3785
1374
1099
9817
8772
8256
8074
5703
8807
3242
2234
7551
9692
123
2452
9673
9811
1045
7820
1632
7375
4339
502
2815
5899
9861
7137
4551
3692
7541
9426
5245
1889
2902
9479
7892
7403
5568
9326
8761
7396
9146
1835
3996
4971
8447
3091
9560
5730
8471
2267
2127
8822
6723
859
8294
5779
7168
7839
45
6630
5812
7528
4499
4388
615
3209
8390
4647
5318
2768
6798
5667
6229
694
7157
1409
9840
5758
6442
5261
8122
300
3547
2726
8236
9298
5145
6572
8800
6629
3544
5357
1157
8178
2477
3717
244
6822
9969
1694
9834
7693
3380
2297
2175
1229
3474
5884
354
7976
9501
1844
7884
83
7419
6847
9404
5827
4060
1703
1002
4572
256
2695
6502
1831
2395
7520
7646
1363
8529
6266
5151
2945
2574
4107
9008
2340
8326
8740
7517
8284
5397
2561
6601
8218
6644
9508
1785
7877
6938
9391
3484
5188
2677
4024
9318
6181
7201
6964
6669
2276
6336
1572
6016
4455
574
9167
7984
7030
3391
5964
6975
4839
1616
4848
1593
4396
2055
7714
3282
6458
1459
7109
5953
6523
7095
8184
3048
6572
9517
6311
2354
927
2457
3053
7167
4991
2516
5784
2079
6574
4529
5121
5654
6609
9600
956
9996
5751
3071
758
6472
9013
7415
2021
1169
999
9016
4462
9626
3689
5473
4537
4407
899
8147
8256
7923
5434
8205
1310
2889
5660
3842
7879
180
1583
4259
9230
495
1718
6507
6791
1307
3781
1646
8395
7422
3755
7538
4190
1882
9648
108
4725
2234
64
5945
4070
6349
2221
7351
2076
1057
7712
8517
5679
9135
7870
7309
6963
8273
8011
1302
9133
9355
4859
6456
8699
5078
3995
8498
8249
891
161
5749
7558
3727
2288
9967
751
7166
6083
1960
435
4332
6678
1751
9883
8129
7660
9471
9663
610
3394
1245
3013
6774
9734
9244
4890
2538
6041
418
5379
4251
4168
9413
7040
3211
7567
9992
9229
6865
4463
5521
4955
8676
9102
9652
7759
4869
530
3315
5633
6030
8906
3504
1806
5205
2274
7721
4367
1767
6075
5401
4473
9413
4891
1171
7076
8015
4117
6431
5455
8845
2826
8936
1077
18
4312
2375
2592
6073
9446
6094
6804
2897
7852
5150
4863
5042
43
9525
9874
3030
7733
4147
6735
4555
2933
577
7420
9163
7478
8068
1897
6497
498
2451
7954
8690
9115
8663
131
4220
9748
9385
7046
6609
6644
769
2594
711
5228
6756
8581
5222
7499
5583
5111
2985
8559
3930
8776
6381
5063
8761
6365
9833
9577
3106
7750
7542
8098
8834
8812
5642
7677
8747
7639
8516
5526
9928
744
6805
677
1661
9518
3876
274
7754
9766
2808
6889
899
3931
7433
1091
9775
7585
8191
9604
9286
9283
1116
7448
6893
338
4668
850
7803
7603
6428
1442
4083
2051
1632
3357
3536
4775
8832
1783
7924
8684
6305
4099
9905
3479
3880
8242
2464
966
9384
7537
141
9749
9380
2875
299
8658
978
7610
3282
1257
9919
6992
9572
9682
5933
6505
8953
1810
834
8454
989
5293
7865
9413
4580
102
6521
4801
899
8175
3057
6335
4680
425
3088
1180
103
1535
7258
9626
3430
6759
5019
9107
3083
4188
4399
8119
6792
4305
3921
5845
9301
1213
1151
4565
7651
7574
5870
2832
3140
1390
1227
3346
2728
8347
2546
861
2308
8607
2365
2061
8357
6982
4338
2187
4146
8491
8244
5276
6371
9102
7333
76
5604
2320
3883
2503
6786
3340
4623
8001
5491
6365
7487
2848
9330
875
5143
9816
9107
1925
9472
3058
9701
5329
6348
2746
164
4757
5584
8256
2260
8659
6021
9742
853
2109
746
5605
5974
4520
6324
1775
4385
4577
7191
6336
470
6858
1774
7428
1767
1603
8191
5093
9454
5192
1269
7197
7474
2063
207
8735
1710
1144
3705
538
4110
7751
136
9639
8180
780
2597
4323
1944
5682
6112
8484
584
4503
3442
119
2837
2812
2864
1302
551
8596
973
1140
1377
609
4023
1983
783
8925
3753
7565
423
2117
281
9240
8367
4178
17
863
2309
2414
5327
7540
4421
3853
417
8315
9714
5050
7676
647
1720
6423
8153
1987
5917
4700
7297
7787
3724
5299
608
6020
3399
6154
9175
4707
9667
6181
5614
4060
9453
9821
6545
5215
8390
7586
9478
2966
2852
973
3017
6794
6405
3123
785
7929
4194
7843
9599
940
8842
9057
2784
3515
1474
729
2428
4717
9239
476
1233
381
3714
1160
1994
1855
4924
8400
23
2813
7115
1928
5196
6279
999
8217
8486
7163
8825
4214
5215
4209
4055
4646
660
9545
6466
537
9694
2309
2503
8700
3201
6183
9614
9263
4404
8177
3384
821
369
3585
9769
6335
2146
3394
3706
3669
3132
7947
4930
684
4081
7270
5257
3986
4091
1251
7200
7801
3638
4610
1159
1120
6537
9780
6345
2726
3055
7380
8135
5087
9346
1706
7105
9834
506
4102
2070
8821
6081
9033
638
2023
7642
4351
5481
2121
5548
6887
6200
9116
7647
711
6685
6795
8060
4592
7452
6531
5693
4546
2549
7777
4767
4819
7557
3117
7751
1040
7933
2159
4124
8370
1686
7531
8317
7166
5639
1605
589
331
913
7288
283
3318
4431
3881
3116
1927
5432
4421
7423
353
8041
3143
1926
3688
250
4844
3888
5429
2582
4651
3962
6041
4037
2218
6600
3775
1510
9516
3506
2253
494
4527
8638
1407
3220
192
2667
6943
931
2041
6626
5134
5246
4108
6789
6168
8598
4317
5500
8092
1541
5418
2583
9106
3277
2419
6472
402
8379
3578
4092
9786
6333
8444
2396
2711
9622
4776
4287
9450
1701
4275
9165
408
4490
4461
5934
7551
5441
8111
2673
3947
6774
5669
6330
5452
2451
9474
1483
5960
7059
5016
6772
1766
6593
8060
6674
5289
4285
6709
5714
3481
8194
7992
8596
2975
495
2258
1155
3942
8665
4658
4833
1109
5965
5973
209
1727
5394
1820
113
7571
9896
3766
9611
3219
3882
3277
2951
6176
6764
7407
2973
9220
6419
8175
1177
89
6687
7507
7727
4463
1038
7611
3562
8015
2002
7896
7068
8876
7328
2683
6372
5030
9314
4345
5464
283
7758
7272
2958
9460
9120
457
7027
5053
9415
8978
4111
9810
860
2473
6047
9317
5294
6822
9838
8491
9365
2450
9887
254
6683
850
3582
9363
7604
3571
7664
1101
4241
3636
7226
9875
162
1784
6880
8551
6402
5586
2602
2725
8990
1615
1356
4767
6594
2726
640
9190
4388
9718
9090
7241
5451
8045
113
1818
9661
3478
1445
3519
9430
5224
9829
7791
3660
5913
6476
2012
8413
3720
5120
4473
1050
7010
4164
8303
4601
380
9304
463
3831
6685
8356
6234
5749
169
6399
3381
6661
1455
6017
11
1254
9138
2592
6801
3739
6028
76
709
2277
3024
3005
4862
6313
3982
6103
4516
9256
1932
9489
9367
3074
3048
4458
8786
9901
3964
4802
9007
2404
1139
7141
5474
6590
6947
6163
887
6226
4939
5660
460
2392
368
9715
2173
5566
8387
3873
7428
3861
3842
4228
533
96
6054
8409
6370
3175
9909
3968
1631
55
9037
164
256
891
5461
1923
2167
1508
2224
2562
5790
4084
1882
5643
8207
6823
4150
2849
5315
5464
8584
8434
4892
8894
7186
2580
5578
6000
6375
71
4725
4318
5500
6751
556
6011
9100
7929
2329
2433
5269
959
9224
5043
6624
6522
2957
3187
3750
8286
7026
903
15
7412
3340
108
2241
6625
6245
8150
7145
7308
5742
4318
939
4233
7135
3689
3486
170
8513
9787
4492
5343
8605
6603
2316
2048
4937
1865
9758
9712
204
338
5020
9903
8748
7356
8449
3663
9455
188
6610
3483
5770
2992
2738
498
4122
430
3375
46
871
15
7510
8151
1221
3673
7007
6845
3075
7153
5129
7721
9382
6329
6477
6850
5599
3740
8056
986
369
3406
5285
2239
7047
8630
8605
4443
9146
3541
5099
7339
4833
9516
4253
5219
4071
833
4448
3520
9351
16
1792
7736
7229
2443
3455
381
4547
9477
3508
4250
4582
1194
9818
3136
9423
8104
9713
7490
7343
7119
2891
1815
3159
3494
6285
5658
2635
6955
7287
9401
1027
389
4242
8861
1134
4452
6035
4152
6495
9242
9968
5938
4202
9353
7047
4649
3900
5385
6508
4503
3463
5494
6330
8348
8661
4921
7369
8604
1868
9586
3774
3919
8886
5391
3812
3559
1785
4332
2941
9495
275
134
262
32
8318
3620
9087
7879
8473
9198
7414
9092
5308
5735
798
8477
8168
4227
4417
5982
2808
1996
7527
8650
1376
1534
7863
9119
8845
7439
7839
2868
1641
4413
757
9974
3613
4270
1814
5633
2889
7912
8804
6436
9482
2771
3305
76
7049
8682
2450
116
8872
1475
6790
5710
6745
2570
7479
4302
1535
3871
2595
9775
1626
7802
4273
7306
2964
6471
7191
9097
1749
9793
3160
3749
7394
6564
2722
9991
6042
1991
4983
5165
8835
6661
7956
8447
1336
668
2621
8125
814
4251
9390
6818
5343
2994
202
1594
2908
9943
1973
4491
932
3982
5835
4174
9290
4818
619
3045
3747
1453
594
9848
6192
4368
9962
5553
2390
7194
3628
488
6074
1528
9605
4775
7511
1975
9647
2573
8057
8287
1555
1044
4334
1025
5711
4646
4886
3593
5677
6557
102
4523
3342
364
8638
7016
4430
8976
3156
4579
2693
6694
55
5293
251
4442
338
1839
5352
3862
1070
3566
1739
7833
6598
1961
8223
7941
8672
3195
2701
4737
8333
6617
3982
7610
928
3203
4500
5046
5811
5151
9989
6775
1638
6093
8475
6228
3526
7330
719
1284
7352
6615
5595
1307
3371
5801
8554
1288
25
6299
6877
9636
5650
5700
2670
3449
3055
7238
4565
3409
7161
4793
6033
4781
8570
2230
8269
1108
6564
7119
8605
5720
9442
4104
3348
3454
5678
3318
3434
2018
2381
5501
5562
3915
3980
678
9783
5178
9038
7538
741
8264
7671
4187
2582
6499
6252
3095
1845
6933
978
4392
8984
8184
1434
8786
5798
2194
8169
8949
1160
9495
3245
5058
7511
4680
4710
5538
7927
4645
1444
9157
3358
1061
690
9643
24
365
4406
7751
4438
6947
6826
7652
7865
5289
8036
8899
3778
2916
2057
2088
4350
1765
1847
1026
198
8775
821
4679
4062
1514
1250
2657
1343
2594
5818
500
6598
8412
621
6264
5373
6790
8049
8376
2866
8201
4965
59
8493
7752
5399
8570
5315
9303
616
4766
8445
207
1685
4379
1225
6699
8416
3108
5441
1397
4950
2268
8102
4824
6974
669
1433
7134
1249
5684
3765
5135
7091
9772
5155
3179
1797
2828
6025
696
238
5208
4028
8845
4638
6989
6157
932
1137
457
5990
4310
7574
1434
5025
5315
2033
1228
5594
3331
7582
5276
8741
4475
5222
9834
5754
3421
6208
9779
