60672
75916
80073
38830
33377
85368
25174
29790
50591
44577
99943
40753
79065
31118
17057
82077
15360
77875
62017
24002
75895
11304
9674
3860
97984
56602
61521
43969
52656
68154
11483
18684
46203
75433
31873
39418
17870
57646
46696
13606
94359
8277
78664
34441
56226
63709
98044
70466
51233
11264
62115
81897
50746
43437
71392
24228
92964
94188
39519
81829
54425
88856
10021
75423
72010
83602
43740
48971
60284
6338
60016
34734
8127
41179
15862
86521
45347
4106
54817
45978
28771
90295
33993
23763
37886
55193
94487
58839
32710
87770
81271
28761
92990
57351
34784
48889
10692
76816
91215
11057
52863
22497
38341
67106
24314
82904
28494
14877
28512
14649
15018
36569
7327
47950
81785
72776
12852
80865
56395
74937
98819
27681
37454
84916
41012
13866
89418
98347
5990
57619
41774
60641
26050
21331
7671
91665
59275
93663
56150
92782
41307
79331
16728
92574
57342
82773
86472
29810
54959
32916
96092
88914
91617
7369
74653
62545
86446
44432
41530
27625
92507
45057
65835
63709
96718
1426
25569
58576
87707
30800
93720
68127
13201
16569
81979
85273
40444
90805
47023
17678
94557
86451
80208
84333
46506
76732
26234
85469
22894
53195
74596
60757
93037
34974
67501
43025
67487
26235
92277
53089
79053
80443
96751
33912
10201
74079
4719
80773
48549
21709
69186
21924
97113
27424
13232
32019
27939
52675
96888
98916
42321
76009
42472
80073
62954
29144
34466
52228
47239
18210
92368
35140
8946
69239
19302
59068
60658
37368
88741
88759
52629
2828
24607
75394
73857
54896
70293
33795
68606
65510
52959
22807
47361
44071
21101
70574
58037
8987
68888
3980
35680
17869
98087
66959
1577
48785
43361
78357
69622
32273
41256
45203
11420
71151
56930
89273
11401
22010
92927
91221
74767
43002
96598
36704
77526
53538
75005
45395
67565
48646
76220
75098
99676
91144
22888
2716
5032
41511
40594
28648
91767
65233
67770
92285
94789
92731
27296
31762
57203
31720
35307
33687
21690
31222
39491
38995
17525
59828
25180
59710
48539
60120
30118
58205
99625
79175
26427
58887
36984
87626
63090
39954
81755
93030
46003
29197
71502
26616
81135
44548
23815
64393
31848
48305
68614
29940
77350
1271
15991
13004
35187
46271
17557
46639
3476
71556
28698
77094
78348
63907
62099
15801
7578
17001
21409
75060
84763
71615
47379
71004
6645
90437
9488
794
3920
14401
7160
84085
68913
64112
5794
4723
80077
38991
85715
28407
25702
14788
29534
32006
56721
78108
42586
96951
48388
92199
85758
54664
91628
93062
15720
97123
41806
87549
13770
11972
71392
61588
43838
50007
51129
76189
18800
55343
26176
79694
96610
57682
38311
29670
65238
57859
2911
27834
17723
60527
79266
90683
95474
23230
40831
60387
35688
56299
10293
50299
10688
20726
65004
87927
92995
79096
98194
81271
7491
96778
77776
9632
58701
12082
28985
51754
14754
54540
76596
58492
93281
74886
47225
94297
79353
1255
9070
43356
69351
17993
43035
37285
14560
27078
46711
48412
31181
23739
73418
51361
83286
10825
82752
25845
71556
67627
18278
99258
76183
16541
47717
44216
48964
48356
45212
40482
17315
52212
37380
31676
12796
89406
78703
11019
87246
83521
49169
38881
29967
84029
83479
71783
50824
20958
16171
23578
54591
28130
66202
20570
87154
85000
95550
30405
46063
69460
14173
23725
17354
49552
24353
78393
43130
1817
9728
72309
91202
21277
92983
34804
36840
52944
87557
32963
78015
69635
33438
44663
1600
89865
31996
16442
95892
41972
5
15331
32120
16859
89285
75642
14585
36793
42447
22902
62163
95880
80344
79670
1202
84925
28006
87392
22654
81390
95839
99494
94765
72044
94068
75114
5962
52915
56745
97506
67539
83828
33417
87787
42368
99390
78843
51607
84407
67701
89038
2265
21628
44921
6501
8583
91332
34379
8291
97179
69902
30755
64817
10843
57368
86948
60173
14061
88118
13607
81899
31674
90362
58938
54964
4010
18552
42395
79041
32572
37591
66759
5376
44921
6139
96059
48
77925
27546
27568
31632
83197
45640
79997
36176
91003
45119
54209
38624
50527
31199
45736
7563
10823
58872
91461
20199
36399
72357
29307
97287
43819
2029
42048
14193
29026
19478
4363
25668
17045
6171
98902
2287
23514
86266
92863
36676
12165
53664
46831
65948
51672
75138
14677
30683
28454
16054
26559
65175
73262
42052
66156
86719
76530
15037
83366
77583
62423
32755
90755
54706
37475
47200
71658
75508
71772
57595
70746
93871
60708
5017
61379
8934
3177
49511
54347
16981
8916
47681
72820
28092
51321
61887
50964
34586
51043
6981
59520
17735
82427
21253
10693
21722
17633
18404
73428
48897
16658
21518
3890
16463
19956
30116
59162
97423
95362
7366
69722
74302
16241
60010
97824
4043
40138
87759
43767
93933
2312
90184
72515
84858
55858
39897
89277
41067
96648
99591
66081
49183
4409
64447
83790
65429
17331
31102
87227
13231
50181
67972
64757
11622
81899
18266
1783
37909
3904
91505
79015
5778
55143
11554
50455
44366
3390
84537
5164
9761
96694
44375
46654
29274
86913
11512
86979
17616
27386
1108
48196
56181
52281
23327
97795
61245
98876
89645
19277
20247
80227
52831
99927
4800
80409
37232
55671
56252
44640
40622
47497
13112
28086
47466
79005
55842
66890
87282
46359
89697
81842
98828
54281
96807
95002
83548
19169
26505
49768
7687
63708
20757
89780
34207
62620
9555
50204
68978
14277
16951
83935
21573
5623
90930
92836
16214
57146
87855
53084
9637
96747
50031
52611
6438
77572
10766
61159
659
28726
35940
7572
20021
31838
26924
20985
54309
37141
62920
46231
27082
19378
56886
29500
69567
28004
88039
69128
48613
2015
63188
27580
54657
9569
96858
11785
60400
68144
87151
53176
85008
91697
93103
129
82695
28769
59414
89679
617
74596
96419
59403
43111
48644
16185
34905
44389
43776
43363
66471
63288
83577
81453
99506
81739
60858
71062
42241
12755
59233
73896
31124
457
80005
39930
34053
2688
65310
20619
98602
40230
83568
6744
86426
10376
35528
95518
42515
35519
38972
28131
26403
36242
75842
4653
39613
53058
46536
87133
19288
59611
6687
55522
48704
54284
59238
77754
41088
96385
62716
89099
37733
47340
62714
19805
6345
46132
31018
34476
26738
70314
9358
97588
23775
89928
38460
62929
41171
46223
76468
79197
22124
27706
16644
50296
64943
57482
18873
44739
98159
91423
85701
58573
57723
21499
32355
45550
26355
30365
74761
29443
38492
30649
8375
15079
15010
69824
24118
82042
14780
44498
25323
11771
96352
15268
12118
43702
53601
14755
96166
38388
75910
69832
85477
59336
28282
94153
85857
36435
25256
61141
45963
16786
54520
23599
11958
87149
81350
9290
78929
68328
57424
83727
33552
40646
1833
76988
91216
2598
94404
96285
60606
64989
42355
47899
21909
89884
91686
34552
26071
45413
59496
21829
70530
94045
40993
13227
32089
21546
72941
60389
63924
7419
42995
47440
75120
30112
64952
87852
86401
91491
89606
79957
67156
35274
70349
58301
98348
58240
56460
61392
60694
30775
93765
67250
90734
48256
3852
86291
64542
33357
16201
20659
60605
59390
33730
43133
62197
95451
88404
41520
42223
26566
36713
62622
77956
73796
59982
25421
56756
83812
62444
10544
77922
65536
36192
34848
76719
70364
77579
31856
74455
94040
57234
87441
71438
9159
88725
65976
8784
39920
45119
34937
63199
63048
36781
58085
54570
83974
51300
79288
94644
99875
41536
71090
81300
95446
59099
36475
59562
80594
75753
5552
72502
13730
99686
61695
36183
81543
88159
87542
11979
67113
97876
48528
57060
5410
46933
70516
64229
28004
84647
54735
94721
79946
31380
26451
59371
59110
75198
80669
2831
32285
48756
87260
56090
90519
80779
81631
23337
59457
5850
99015
88931
14630
13664
17880
71184
28301
14535
63975
96997
56880
65473
85877
59646
40763
21919
54264
47854
78162
45085
60607
92975
23144
25658
40400
21372
50807
65239
18017
44615
16092
88452
51623
61275
33881
46541
28546
10555
495
48420
48031
12635
76789
61338
73245
34682
55103
331
88752
57733
62830
61179
97869
26242
9079
78623
51924
47519
20440
57286
97818
44426
9910
34966
27500
57686
4222
41141
58981
89615
13278
40289
19548
53586
81944
29926
28989
56783
73436
21421
99129
60828
40682
1991
883
96345
3163
81967
34079
3150
30624
89758
85303
73305
76642
35170
20702
16925
88869
59212
91293
78561
37028
70393
39917
97938
53899
49279
68412
46266
75111
45091
50728
78418
99341
95407
72608
87741
97088
36230
35799
20376
63185
84828
51179
67375
42400
6987
9017
20005
46915
90403
85359
73675
62719
69227
95143
58719
47995
58955
73416
28370
82078
37050
27681
9848
79438
96899
6424
7885
76649
97008
8427
83732
75815
97562
31762
1598
83687
26525
3133
8201
19440
87506
3299
84110
31804
90254
78080
90904
7946
3794
63894
40167
95130
75094
89666
47297
19432
32113
94683
30320
53136
27997
31506
64585
38505
83937
34629
83263
2465
67852
78676
20271
43573
76263
22807
36357
56159
36527
91447
64604
51252
4828
78110
30296
77534
69495
70046
81222
65398
41145
63647
16071
97563
74129
69448
80852
80008
52488
60903
38624
49849
78708
53570
44720
16327
77552
95089
2306
86837
11817
94885
9612
27958
81738
66396
11963
96261
20011
30394
73302
9756
12449
86786
86362
43123
66021
47425
36043
75095
77792
11129
99374
31289
83530
44297
75063
35854
80637
57278
4174
62415
42062
38698
30369
58518
68060
7160
56716
38383
38656
47976
54150
19908
2318
72513
98094
74525
37860
95062
73180
14679
89320
90300
62079
58046
9191
34717
28209
94328
91492
69824
42016
68408
78707
79828
3586
55690
42929
5716
93680
71645
16217
34966
19471
58463
32222
37123
73907
86475
56005
80219
76339
5164
56447
23075
70126
81325
7828
47671
54983
42599
43990
91652
40268
13618
12355
575
73358
85125
14378
54891
64930
98125
65789
66426
82540
61124
61696
36433
42198
95161
36012
90677
23844
33337
54180
47876
17645
72871
77440
91994
79313
33190
24172
1617
57519
70172
14461
41656
67629
72360
75514
30822
60652
15905
70297
74258
79595
42903
75968
37406
23736
62411
53514
17505
61616
20069
65283
4377
85864
42168
49673
972
35662
51281
82459
58097
5656
93249
58398
42972
52910
47805
65582
11232
62169
31444
44107
80163
49870
18146
14444
8673
94260
93126
56085
86797
59902
22944
44476
98008
22992
73611
73150
84733
50429
28732
87363
44686
31929
63877
57576
18565
3018
8292
89982
62746
69558
11347
87839
4203
71842
28720
19569
72752
21077
13770
34085
33676
48708
18807
95143
66549
84038
76223
88030
35670
74769
9190
13044
51045
34082
74627
45562
15084
74295
4508
82153
94574
60295
67473
71476
43342
22428
31649
28835
64008
40233
89081
93790
16685
50398
83884
96312
57304
12689
98074
2929
68526
48295
61529
7316
96818
6378
3455
28129
58337
54243
1504
92716
77859
12526
80250
42408
71589
75092
50431
71648
20353
42566
93055
62660
96741
21474
57801
28135
85849
70027
62117
13161
46540
35784
66518
76356
22841
30865
28870
14687
15343
14747
24671
73529
49462
18041
23809
42117
878
34861
28141
99572
15907
61795
62513
65229
83288
15807
64346
85953
60725
484
33323
11912
5623
18840
32689
27324
16164
8859
78656
3261
18149
65362
38063
70281
89800
63879
41398
21894
91672
22094
23159
31076
7110
48041
60209
14719
87310
77149
5830
62942
42903
5916
37752
49191
99949
28632
62667
84786
15975
79202
38093
25759
53780
60905
25674
28266
23780
12079
76023
70536
29279
80630
33193
47666
86816
70900
57581
27381
85095
16745
5779
97518
39116
45460
39319
5489
3248
9103
12455
55659
92557
25469
40657
45426
29772
61830
50760
80624
75645
64215
78692
42788
9729
89249
55166
45048
65023
52873
93258
2745
90798
22062
33544
19603
88952
51267
68892
3295
58450
57260
78403
56816
85882
17931
61583
33928
46955
16000
38313
15990
71937
22578
35795
35613
5420
56623
14223
59734
76048
49163
35812
45159
66195
84644
20024
3220
33665
20043
48696
11895
19102
82973
70121
53383
66855
52673
58467
93047
14479
35154
83902
4331
3030
22670
90108
5893
6929
50303
66770
7140
33782
59131
68460
3102
8712
6035
62366
66762
29369
33979
92687
67537
25353
32928
26941
58067
40948
31799
13849
13984
42941
38412
71437
69389
99260
60952
40259
88996
49026
50674
20492
28160
31803
97178
3442
57319
86869
4104
18141
37485
85778
76543
2313
48163
30945
80882
16238
70424
20544
29743
57839
74456
77809
23840
32853
17153
99054
47918
78920
8000
97536
18580
5568
80288
85413
35664
401
92054
89097
73448
37944
85327
61142
55029
22833
61600
11627
21076
50095
3471
73323
40657
58227
22197
83205
99328
31446
40006
9827
68958
39281
82035
38104
52982
58098
1007
8326
45000
87756
42712
80561
5548
24548
35496
41951
54469
84409
29003
90238
85649
19116
16527
30582
37789
65566
97138
42675
91722
46049
1643
7828
82002
55818
34744
81907
16116
62183
14750
70650
83377
57021
22860
78214
77935
59310
41067
69845
56268
92970
50713
8801
71164
64633
39590
63700
29313
86503
65881
61863
38347
9001
53244
65057
94328
6616
90087
25924
47631
85703
75540
24302
70883
93342
91213
93730
54499
87639
62992
13201
22154
75403
51040
81880
38870
27852
71517
84846
75755
47072
73703
12865
58891
95129
26417
23496
85645
11514
63911
3334
128
12885
6038
49113
33042
54577
73727
34651
60350
64462
44004
94194
38086
53079
73026
12039
99916
94159
63657
32099
75911
20263
943
64434
9505
82167
87065
75951
43162
28083
96042
97980
39523
55367
83895
62770
1923
67375
58513
79377
42317
89891
98319
64953
52331
18998
53434
38162
11876
93836
30864
28755
14742
71160
83988
84325
49978
31118
59390
34362
94240
26644
17293
35903
58510
9449
50985
52509
24981
34048
29695
66644
96675
46840
25740
65616
76934
21756
47949
92015
30839
67102
58132
25591
64168
60197
9894
45466
10433
44859
23274
82041
35742
14011
90435
84978
51898
13146
20807
79076
15371
32299
27787
91982
15496
74302
57667
3237
20711
59112
75047
83838
1643
18631
87754
34473
80239
9227
13610
38094
93751
22672
22631
99015
18478
57577
57833
6897
14337
17303
89878
10064
99006
53309
57910
97912
21856
30460
66400
36697
60158
89847
16263
92760
16689
4178
50825
19122
10159
21377
56698
66288
63511
33302
89323
34842
23582
23076
73148
86072
39087
90284
1372
44056
3099
5903
45328
17812
93479
87117
95544
9758
72686
31791
93719
70938
4518
78705
79930
43226
43404
81597
11885
64132
58483
71743
96267
68721
87429
74293
47637
29987
61505
32835
67583
47289
87393
87548
36451
1407
12413
45951
1429
43841
27573
87135
24841
98728
8877
71007
54209
14745
42267
50408
41626
7135
86382
33318
56808
1683
82947
93681
49319
53426
2694
59024
51616
68164
2738
44674
22945
93427
8518
25934
20891
22713
24064
19032
20965
88527
65875
90984
4539
63953
68947
773
19751
79551
21663
1157
86733
43018
39213
39828
59488
34731
68220
14334
66054
1155
42685
29517
66138
72749
43098
13880
55347
69723
52136
31415
43682
80317
66809
17504
65015
38782
58769
26924
89506
87666
40804
55577
55386
86462
26503
64701
42790
21291
51294
57308
61036
34739
51427
44594
12050
81996
22131
21922
36229
97877
49671
73245
96565
56774
8973
46563
70064
54215
24470
73554
24267
85402
79059
70416
30877
52754
96676
4738
79796
12229
55878
79205
67846
39384
49279
15858
38101
40468
23291
22343
48216
38184
33934
24493
64161
90565
71619
39746
6002
38373
31570
81477
84552
65126
96016
25851
23218
12709
86014
46384
49309
36529
13957
42897
31521
53800
17356
67189
77308
94982
95538
15287
87176
19259
80366
97948
97250
77328
74495
69164
10006
51843
22862
21234
40253
6367
16247
24847
81075
58294
77291
50968
35299
24994
27018
36683
39459
37772
87683
18010
68923
83267
5742
41767
30809
7728
3320
36072
31957
11469
12961
68031
85066
59364
62764
57623
80585
93180
90589
82220
91530
82491
87397
73361
29768
91046
91970
4357
44265
64740
18673
43082
8074
44790
81347
52201
1255
11200
45689
47351
66812
85373
89622
77274
87052
31872
73627
24524
83825
64439
97919
1564
87716
11317
80869
54458
19219
37876
39801
59042
65970
65636
24260
95419
90877
16436
49584
59360
43724
58244
72290
55397
26651
57394
6636
91493
68860
78584
79388
57818
61742
80924
34923
82830
85396
74905
30500
18023
90523
87552
15417
81008
65198
3708
75381
98506
88003
31053
39735
88797
1192
48132
60874
36055
25633
22521
475
72336
49556
78278
94367
58234
38848
11607
46209
80624
57479
10726
46897
74399
35584
28433
17833
85375
16636
10319
35014
46692
3185
56225
41522
72172
19073
45326
3424
74404
67646
69902
37015
10596
88362
10305
9891
20470
84653
23691
62939
6434
61139
8064
99832
45125
50062
82103
17625
47451
69780
33335
82652
63503
34544
61280
44040
20287
13478
27422
77559
91639
72692
51585
98494
94970
72884
68982
65119
47222
7623
75979
37031
22666
75823
2817
94104
49257
2415
59246
29441
83707
81616
45679
60475
1967
79362
68338
55392
15373
60868
87956
20699
83576
80165
91902
26551
64343
96472
69704
57788
20386
15204
82845
94079
28358
79207
11610
16492
59096
68625
37740
83778
2052
54746
53306
58494
61965
17665
41091
5915
37892
33455
17472
3383
98517
81063
35342
99725
65409
32919
90798
32351
25547
41141
69748
49068
82513
41892
63629
24302
9212
32487
26863
58146
15682
81016
37225
3791
2071
61712
12731
37320
6881
97892
70428
48061
15482
27249
33889
10638
8028
99291
62747
43853
99044
11411
5173
75542
32226
42282
1880
77432
82365
1938
17766
36344
16579
59579
44376
40034
99755
85675
75701
90323
30835
95159
72023
90220
21878
39344
17982
67995
50543
37529
49759
20261
72081
86735
50588
3477
22019
92088
6778
92168
4036
92236
20087
53940
54177
74898
91673
73648
34347
9873
46568
35304
33418
49787
5697
27629
16208
52414
19549
20459
49698
84327
69586
89127
70077
31107
6912
34231
38217
89887
84519
65782
66099
56711
97548
2862
78043
431
76760
70630
87840
74186
98638
29812
47287
83333
40517
7046
10792
93350
53420
51321
63805
25698
67068
63939
56241
23331
21556
497
51597
51989
20631
93912
87322
94264
64704
76830
47406
58036
61601
54499
74093
93459
45576
58412
78256
51361
75366
16022
97056
89864
51256
15081
87463
61634
83437
31869
34473
96152
62858
40449
22861
37796
44840
48210
3500
62026
84453
38684
54263
18940
99149
74813
51352
94304
14385
72665
92166
18289
82630
33366
96001
34710
90793
88753
37391
46656
64222
66993
79309
55954
71855
6527
53306
65575
20266
22550
34250
35332
5317
40318
7984
84036
29401
26887
76871
78483
33792
64643
77433
57903
11074
57748
49761
66870
12242
10448
66925
16979
33909
53816
45149
60690
98818
81966
57623
82310
791
43141
39237
65833
28587
69618
89863
26831
81164
52365
33625
31138
11636
24554
85360
77163
78648
93656
37105
77008
58719
50341
74820
4314
46877
34435
60986
17547
47624
22820
20742
48979
50140
81840
55100
93203
27246
7739
34512
83814
49942
41804
74105
52818
10884
40364
21995
68063
6516
53146
61100
20895
16031
15510
69229
58677
87333
45572
41162
97992
77630
81806
34013
63723
46504
16743
30631
12326
29635
51212
68764
90232
68621
45468
92335
71633
97521
11714
5823
13120
34055
72027
10945
22752
54994
44837
87990
94790
47716
55389
70586
71076
8793
68195
91792
75096
59149
22652
89229
18015
7170
11682
86007
25505
59866
59926
7347
34469
52280
33372
68183
50518
12525
34180
6987
81588
22809
7602
62948
34072
37095
10413
79885
1696
40386
42154
41135
43806
35976
43119
31784
7792
51243
21784
54433
44679
58147
87172
83712
29138
8472
73950
23479
53547
88164
44917
4416
99906
94546
99540
91526
77361
84910
92174
1939
76919
20490
12362
93147
65038
79720
91132
2830
24290
86131
89785
95729
76251
37824
38740
74822
3862
1703
5937
74161
47929
9207
67998
71368
82539
25593
22884
5753
13340
46352
91158
79246
68028
48618
43655
57229
33893
83124
74968
91493
66093
21150
7580
94743
81203
93749
93271
45075
74960
98604
29784
41306
60590
57053
88401
3343
19556
27065
1365
91255
29673
53293
62459
41523
43527
6249
58391
78099
17133
784
31735
27266
5802
16571
14517
1804
22230
13244
96108
77638
1284
92515
47442
33209
42756
83252
91299
41090
48981
38603
50586
92590
59855
14922
47808
16528
73417
54188
1101
69316
11793
87867
21369
88372
72244
5961
6398
18786
33171
56486
51933
91657
58796
27386
57645
38894
61975
11281
83113
38260
62776
86333
5695
56526
78901
61815
7852
58360
45213
26523
4581
4865
51290
44272
20081
16026
59723
21369
98465
35450
62541
46071
42432
18104
5974
16655
86803
49611
38010
80471
62355
70123
10608
56530
56130
70595
78004
90201
12913
85673
72756
34468
14121
96343
31563
26221
3962
83581
29104
65807
78671
75692
27834
48643
91591
12551
24285
68424
76884
15938
27849
87464
16207
50095
38598
84784
83213
87801
77282
71546
34765
64938
60870
287
89648
19048
42640
61500
82685
28255
87598
22531
82953
22330
37381
58450
71045
53043
49358
20283
45501
93828
15042
6400
35062
14279
70794
91554
10062
50613
25727
64708
91564
93815
98550
3243
5892
68005
26653
83301
22695
43749
741
24398
36395
27553
33164
82747
61204
82228
28139
32039
85525
53991
5234
79269
72977
69019
63401
60569
62876
91245
75417
81024
21714
81243
35025
40532
6410
37152
62611
59596
19306
27436
82037
8525
86512
31243
367
1711
44425
19336
97014
38406
44543
87982
22032
68474
35337
22827
74239
47385
12322
43200
33860
46761
56479
49353
15431
26658
20413
52832
56009
36660
65518
75317
13317
99321
4193
57765
23700
72980
74314
96011
73329
73617
70434
41473
75764
11037
77432
72842
43025
17581
76464
34628
1721
73592
23117
92774
48527
44674
1662
54286
18858
18605
73592
84523
64385
88472
56965
22066
16199
27504
21604
25750
8552
65567
45146
60577
95681
88207
96632
47735
648
11189
32023
72948
63767
54997
72434
71827
308
13060
20046
23964
56802
6594
87621
53603
97890
23008
11113
82404
90505
81708
11327
18704
84947
65178
2861
5532
85620
57092
85961
69804
79665
21375
89456
35794
1990
83198
55451
46629
91419
72250
92509
25462
97841
81393
97239
62858
79857
37984
23135
99547
44581
44693
86288
68588
7796
28793
34834
57828
2834
51358
3996
68197
30992
44956
40857
98969
60054
9922
63956
47322
20880
7053
22699
91058
35007
66562
8857
7680
87173
6843
93741
70443
49036
17379
76824
13135
17763
75785
16765
95538
93339
62398
50568
78611
48873
18258
77643
88000
39306
58868
82973
10281
27111
58157
81438
80963
86247
11404
49628
69462
37142
63987
27107
8611
4655
31326
22739
59667
47220
12886
15140
19426
52017
54348
90546
70729
90575
15364
92563
81900
29183
53229
99867
47630
99251
10040
44499
35829
15505
12755
12767
29960
34269
93804
83179
59926
90430
42017
18939
18266
82852
78188
37866
47184
31718
55200
42397
8154
67367
8011
81568
89795
56475
70267
86106
39396
54135
99986
24181
3865
99560
91943
58938
49693
18424
17488
21305
45064
14414
47195
96942
48607
51028
7050
61588
97030
23708
21045
65228
97061
14230
84052
70422
82824
5244
12172
74592
91833
27715
96424
26687
12459
83091
18263
6993
68518
28394
33564
25654
5306
8685
1777
92769
38644
95832
89147
27431
24773
29441
20219
21820
33967
5620
75954
15535
63661
1781
6319
68625
60714
43613
15930
96305
71640
862
79348
86630
59662
82550
46482
70571
61055
3921
26624
23973
84977
52627
60066
92521
14473
54507
75296
16110
95039
7501
18934
4496
51332
37891
51636
86782
71455
74580
94213
79868
93055
72981
99395
49253
70484
45873
48101
54524
73344
17063
6061
92456
70525
73318
11799
53478
62218
95296
33820
53788
43403
35002
62494
91308
90578
24441
69108
79654
37432
33950
89168
36922
6021
54757
13862
45301
82585
52379
69368
63088
4134
66134
88443
57399
28831
17866
31987
69610
68449
8091
37396
15545
62281
968
86960
40918
31444
20894
32232
4659
26589
88449
31077
27953
9413
23167
77526
42679
1805
67667
31991
26777
70241
47169
12663
66676
34919
70669
82996
54439
55299
70373
96441
60686
13866
28985
90347
20152
19593
83537
84696
14559
68040
1528
79069
62832
56685
20561
9196
3277
75875
75422
1885
70304
12980
5837
55913
73481
36388
31727
11006
33193
75635
52468
8622
41790
4378
99204
66419
57231
70284
44729
77759
9574
98003
75049
7671
33942
29751
43316
64349
78754
36205
12309
31058
87271
6054
15154
47802
5821
95794
99206
89888
43035
58911
31806
39621
29531
6942
40756
59806
94912
92211
85
13141
36957
84014
74710
37946
31264
78135
87822
3283
22184
97912
1143
62303
16973
21987
45302
63811
78220
97940
37410
60775
43748
97229
18652
76926
70548
72099
987
39504
78901
66405
93114
53621
49961
89674
73016
13202
82064
60610
21397
40016
66426
67593
50578
58172
68374
84926
25219
40563
40005
78192
89281
6140
98303
26856
24959
51559
71274
2636
29720
97679
79928
71667
22020
29564
68288
32818
57627
52255
77521
8240
64178
82561
95578
15109
4094
23996
28657
92046
53763
81408
15359
81647
80098
17136
35037
25917
83219
8073
72222
11313
63755
31457
68610
10101
48519
18810
22279
21730
94807
98175
97495
81687
83734
3799
56951
53497
16947
7316
12716
23614
60449
16977
6382
15497
61908
99728
7707
53704
91369
19891
34300
64697
2365
3355
75452
24251
11822
12287
97905
57900
22166
69258
27397
71485
61092
70409
49653
28279
73324
14401
79967
17696
17891
31523
87119
25110
58604
49783
8222
46175
26071
2802
37907
41548
16263
96699
90516
20075
46247
29918
84699
80190
67991
71650
40251
55722
41260
5900
2075
45223
54140
4670
36718
98140
54231
46713
8173
17316
75979
95081
78119
78151
33433
7053
18869
20427
30852
32011
17086
11084
66225
60830
31566
68352
75816
64327
54846
96146
65178
18626
82805
9323
44020
24200
46705
10191
28148
50439
87024
50633
2334
83315
7651
72126
48814
83552
90884
98602
62293
30057
39888
31722
2306
25981
34905
50651
82476
86900
61813
3124
7160
6123
27464
35845
70420
70692
78543
50290
25310
36365
63183
81100
89142
61350
12844
55117
90095
96501
67957
15790
6686
1794
13278
66016
87420
72493
70364
65763
60000
24435
95250
55237
96455
21611
29492
14837
47058
80728
8760
62227
33505
38277
37288
37876
65451
19416
20
98540
45520
27041
62017
89410
91628
91851
12160
89428
98492
23295
89507
79724
38235
68719
65444
85299
41976
6263
21862
11334
72276
33694
38961
71178
90432
29856
39230
18505
822
24009
92293
42317
92301
16970
71805
52153
17882
74598
30644
67453
70868
81891
56575
82404
3145
51699
28392
65608
22905
57008
58633
69761
53989
67887
32266
28508
27013
1144
45075
15672
76119
77222
25398
34605
63718
75005
54831
21004
88207
80698
34348
31834
42758
38573
63775
37330
28848
24129
91082
76828
25610
44751
17107
26694
12739
31944
64486
89833
83294
1424
31252
1032
89613
95963
829
32957
71583
61794
17839
85827
21620
38814
89369
53502
68745
2190
20900
12743
84257
67301
34364
33062
8071
1377
17392
77553
6010
6781
34233
65642
55011
73063
55343
15087
46403
30879
66781
23087
72031
27633
92827
17575
70222
56721
46208
90296
70934
52243
55406
99091
93036
22114
75926
7479
92659
16986
83168
4897
32065
3454
48074
34587
69370
33771
86636
21576
18848
17119
21806
42213
99885
18421
29603
20471
69839
93069
98312
39915
35989
94460
72882
74471
13258
17245
77848
25994
91668
72239
91514
49536
37093
28181
24740
85795
95761
12536
6599
64156
27210
17621
76606
60716
70693
17793
8703
89486
11187
52159
92619
25701
46487
36620
33762
8734
95694
1931
31205
36462
63427
7819
48467
23917
45175
32360
6197
34391
47286
39915
92390
99388
32624
65908
65380
4340
17116
88484
51744
41412
12948
55770
51256
83949
25101
56083
38089
79579
49110
99269
66094
65262
50997
66031
650
73122
845
24546
96723
98029
23583
10772
35950
34473
9
43137
21362
20038
708
31377
74094
83062
9391
88291
81887
27986
25203
48695
13813
64012
58240
65554
18199
22498
95551
25498
96002
37375
88004
22807
83444
3088
8327
47174
70540
84337
16144
44101
74454
81170
33424
10783
72236
18519
31573
77572
19515
98602
19901
34447
61887
34997
40075
83716
2567
8543
70635
456
21977
42582
55603
40696
11675
27530
46160
84695
89325
83652
91087
58865
9001
15601
5848
45459
88103
59395
29917
53171
44255
58537
3199
61340
72574
83690
37826
24846
5901
91436
32249
3712
96175
99712
26690
28127
38281
87609
33122
64259
69398
93544
4575
96791
44570
78944
68186
16389
77918
20939
87986
58160
64915
64268
36318
35808
35319
85775
94605
31348
61685
96853
2344
21920
93337
25592
38825
45708
79069
60905
94181
35008
76985
58226
58469
88982
30704
88009
11573
29904
40322
67774
22294
87756
16941
43113
43362
32280
47479
84533
48163
22014
27885
54127
73501
71420
27148
29944
18183
42156
53041
98697
5796
95807
89209
85676
55175
26900
59245
67573
47383
45752
69366
23952
20085
92183
63602
19563
49464
44569
29080
74343
95874
25887
26740
25890
36627
77467
10298
40536
81113
72745
93565
61666
29826
82209
82253
46810
37522
14277
42156
27767
95116
1366
38618
36795
38161
36307
63404
70551
68968
941
2129
12748
84872
7823
19756
87797
54479
23812
63569
22897
48935
13868
81054
44001
24032
2801
48135
48793
6698
51943
30765
41439
27871
29252
9372
3158
39837
90238
6813
87373
64701
49733
13577
83349
85623
70925
64339
8099
37855
34637
24389
30611
86928
76603
23251
84252
36681
31504
94713
66460
67431
66685
98301
12636
33256
93300
43380
65901
54617
7775
80938
75055
70289
67629
51251
12027
14592
40979
35566
13526
63926
17573
61940
84924
73128
30122
23369
87271
79331
39696
51682
83417
29800
87236
47462
6004
48226
66848
10270
463
35728
11692
49663
24055
88805
87525
63275
27506
76289
71535
56036
80845
66338
29352
88643
89277
26275
39606
20585
47002
82712
82045
30157
32745
48263
69983
51630
17992
22530
67921
48848
11885
66038
52106
37050
30948
51554
25948
19350
66626
36241
77891
95818
52321
44329
59481
92770
5518
80671
33537
58025
50092
95790
81793
22396
68623
67667
99543
7914
108
6392
422
66087
96822
21515
20157
28793
42953
45160
78643
51908
68368
21453
29825
85471
74296
2850
91549
65335
90878
96972
80680
93964
13139
12322
25366
96841
51461
83935
27637
96527
30704
911
44532
67899
9063
33834
60885
58347
8731
31000
94076
69249
57959
11783
57030
84409
37003
83061
19546
6097
38742
97263
24904
75243
60962
27806
7163
81059
74468
32427
14333
40232
59733
88447
79653
54716
96953
82434
46381
50316
22678
26887
82726
60016
29043
48107
87250
77079
93550
20400
67120
25134
37947
61039
10220
97410
69177
92135
62062
96425
58515
6258
73700
29657
41080
39675
8420
57053
37747
79344
52847
68779
71142
84933
70607
77504
96196
70326
86884
16144
64453
70173
97200
39944
57332
23793
12472
97239
23972
38135
55716
63411
32577
97886
88870
98910
1743
34174
88287
61907
68871
21133
72411
13519
97003
29545
27346
12713
36359
64457
33936
98420
11250
23077
75475
20269
46647
22214
61647
36002
43771
67322
48849
9916
12955
78057
6133
18416
54115
20533
68735
4281
70081
68408
25607
81079
8726
20590
92795
35583
35155
33134
3799
11476
73750
51915
5154
46113
97957
34481
48090
58850
81149
68355
67987
17582
16199
52069
2465
57822
76870
71871
68320
6185
32666
31915
35159
17381
32902
64404
23046
88722
88397
56572
61052
39446
70673
88307
18158
71133
192
84613
40287
48817
96429
67191
3673
55437
39304
32971
44275
12610
26005
14532
1938
59278
23274
78707
4217
11349
68766
82949
38145
4129
37153
32672
14367
84718
60336
70601
39131
43705
38092
42435
31015
42779
49084
49149
94586
57348
4339
29463
49640
58886
38546
12457
72969
26243
53909
31284
97719
23414
82711
55695
15693
33302
92123
92983
66479
96406
28900
67498
23585
87985
90467
80366
89204
83890
67647
91566
45818
16486
37590
17179
48633
74693
69371
44405
56086
82719
31074
57536
92909
59312
28492
10573
15652
83244
60653
39757
62148
35048
29338
38824
62486
51165
62330
833
57887
67405
56894
62507
78003
18000
14000
76570
54336
88467
99753
30083
88345
50843
44972
30306
34830
16021
24762
87288
74660
69687
90985
78580
70373
76903
2589
31123
99706
10981
76275
46178
20765
177
88785
21752
8999
80454
9814
77905
32337
41560
87218
49113
92800
57989
13755
24828
79638
23332
86670
64146
91090
70863
69785
31626
88757
47872
97477
38517
66230
95882
59141
33141
64822
92409
65809
48973
63523
43950
87450
60825
84924
18286
90791
40868
32984
86611
22068
29713
62795
43653
74451
21412
56849
75181
43637
70127
13461
59707
6952
89119
55372
45606
72267
86669
78010
62708
14296
39487
89413
35952
3548
94428
98029
236
67831
34072
63083
86224
90722
96178
21614
20498
70112
95778
39591
69452
24660
22462
39190
5008
31670
95614
77792
1770
25293
82360
80387
22476
52440
88531
25422
50703
192
2693
91375
37436
59512
17504
25949
10881
15929
50148
19518
21891
96803
92428
54603
52837
27111
57586
38843
19263
82576
87347
44464
82827
30424
77296
44267
75571
24051
55623
33347
21596
23341
54028
6651
73034
17145
34344
44980
18019
48440
6438
94718
32110
33532
43755
81496
77556
77299
97887
97365
84371
68003
29300
23783
71379
32411
38662
80189
40236
13942
30497
50650
79688
65008
78031
15298
49098
90497
44384
86522
61836
4106
39474
42301
57907
94949
74811
29295
31208
39365
74629
54854
17203
70896
59607
60726
42191
85668
44626
53532
57195
55953
6991
30444
27424
13277
14765
1181
54686
38129
74523
4170
43500
38314
62652
4227
32684
31844
19885
79279
18385
45168
90553
34958
65721
25203
24113
20347
24386
59729
50004
14498
50299
50983
62098
42861
38361
50270
96466
39807
3501
64961
6089
26038
45238
69865
22920
4867
52450
77349
75263
99756
3028
30888
3358
33077
46291
87531
20052
54939
23389
89911
13721
63611
19534
70380
6873
84615
76891
72091
25791
95800
24564
69140
89918
77048
28369
50332
62492
96051
67683
3837
14645
99704
75340
33488
38927
11763
80980
69765
79982
83832
53025
62840
32653
99450
35950
78014
37052
30012
55581
13133
53629
32884
52143
61384
16446
31300
24454
10770
22030
3275
17649
22296
8548
16699
96483
1285
46899
89668
26059
58272
41503
6460
89347
62318
99846
68699
27995
69851
68220
71232
25380
41579
18847
70567
8727
60891
86090
98708
49863
75237
58950
96816
63164
78085
74182
83920
83350
79468
36680
96765
97272
9045
22020
27628
302
76555
55723
17800
60167
60236
58489
43981
27508
25742
87844
35019
20709
21230
54726
73397
46726
97599
47374
44456
88978
68419
21873
50342
58467
55059
17990
99581
77816
69701
51849
53454
32466
37033
48894
82139
53298
89143
55402
57423
48103
11774
21738
13560
64701
58931
79493
23694
13641
31092
80110
48427
73003
64484
50599
5032
70907
28491
44990
43982
56682
12763
12730
56231
63665
35324
85087
80174
1574
59466
20904
89334
35028
60873
48794
26900
33488
88891
96389
80277
65223
39520
47407
32031
42462
36761
19754
40451
72708
23830
88722
70256
25701
55862
12100
58904
36049
4365
23719
73861
13564
56247
51843
52088
48533
60096
66245
37345
30024
52881
1023
62131
12204
12339
6504
8445
16726
73743
12585
81344
74320
13418
55072
36605
61992
96821
50824
79065
81711
49390
75245
49527
1690
67738
44698
57978
55668
70232
85706
51542
46369
53328
49663
82498
17237
32683
25959
45112
62072
1461
12550
55810
53018
24658
68214
36933
97488
13575
93620
26639
81618
73682
57213
25647
414
62755
37253
14547
19987
39904
36445
7970
93339
50390
16664
39050
95680
44614
24616
66983
37037
52137
52902
48549
41720
8985
63392
6133
81597
432
73848
71758
43798
30798
29827
75403
26729
4696
73838
72619
35011
18267
32646
88709
69710
38400
28483
9475
22677
13895
76412
27104
32874
1153
18266
96556
8600
74759
42453
67891
91101
3519
2692
85990
89137
71639
88076
11093
6473
64817
20355
71776
21195
38515
53261
51826
86181
99031
2676
91610
29652
57668
39570
69838
36374
37420
56877
85167
78024
38270
43891
34992
59005
25998
16355
16442
28293
37861
89800
89435
99605
52406
77298
27380
40984
27927
76962
46393
26827
68053
30855
86752
21815
88284
31224
51871
64753
28394
55847
76125
75223
17824
29378
37308
96348
59786
34505
75004
82036
43199
54393
43875
45845
16178
38775
42777
90973
48947
67203
97902
2579
8026
48348
99266
44343
70712
26110
84196
5414
1621
52262
81165
72758
17838
30527
56300
17978
25843
99362
21311
14408
38298
24432
33197
79252
50535
93276
20740
46702
38459
46298
8603
79870
7707
51800
26375
45637
11540
47969
62986
39891
80540
16391
8753
82562
41435
60140
38506
54200
4500
40475
61955
68864
51675
34741
43655
68524
20556
60343
70044
20570
47120
25245
48874
33579
33823
94747
76799
8070
44286
37052
90626
2865
23641
91940
81874
49803
58476
22744
9115
89801
70
27834
11612
42839
71198
27584
48385
69190
82866
4658
74983
6753
36743
5399
39076
62363
80694
27149
94731
84250
46406
34092
90184
82212
47673
48785
70501
74865
86627
2776
84082
14112
55309
36523
53182
28946
14778
82319
97011
15161
47934
55867
62740
12037
64974
90064
60696
68083
83484
53644
94052
94663
15859
11921
73801
84963
23389
78483
70366
61623
12682
39225
50659
47961
23373
25957
99327
64901
26804
63686
52177
21142
96336
50680
53111
20943
22361
58428
29862
16989
9666
82070
72429
34243
56153
88794
86871
80959
98389
36087
69994
79381
21760
98616
92959
60638
66713
34013
99597
5688
16646
53339
49428
20201
91393
21354
74779
21349
7375
21658
30042
58073
46044
53073
53998
68537
43600
27685
41569
27235
30882
29456
28520
66572
73000
38394
92501
19847
70671
56916
81162
20521
92963
10089
94067
20038
38665
67421
46757
6301
43324
16280
85170
30572
36580
36492
3898
96954
14410
89742
27239
62451
58685
99278
63856
78014
9672
1449
7100
59846
79029
27140
48906
67143
2781
57572
78390
89896
32148
68605
56707
23180
33115
6311
31229
60027
12446
39124
60512
53189
7831
3418
59295
54045
98730
95950
46335
46776
66831
56449
89228
24338
11438
29585
46857
76138
90415
4362
71440
35641
66341
29640
61697
194
47584
36547
9800
90958
11882
20848
19094
57837
24213
25361
92676
48100
60689
49673
6130
14508
54921
17320
84269
71602
31013
43141
28305
21004
69309
66833
1870
99084
28749
76623
78852
21895
60008
26472
5431
27859
6647
54075
23336
42847
26569
17968
68121
37543
80870
74074
23043
52962
25279
21359
2058
21837
15094
79742
9036
62498
82348
31133
68840
80200
67565
18359
28845
52469
19506
91217
68091
17808
76214
66370
36325
52708
18483
46857
51369
36193
89484
87012
89175
90552
6084
88301
68115
26480
78664
82827
97892
58811
24888
347
21971
95955
35118
44265
80468
98595
41484
49838
55353
23652
84094
10597
79836
92614
84666
65848
66734
53386
85283
64458
29042
49222
50075
21157
50585
37045
93421
50491
79137
79809
94286
6904
93471
78169
36510
59230
58485
5592
20131
22556
200
12990
12622
73882
35143
54012
73875
33575
59623
47141
35260
19213
97857
86993
14078
96540
87037
19877
99809
38448
89447
36781
2171
20778
78616
51618
36046
71780
60666
2591
4449
64869
46451
26561
9201
98401
63821
45902
54536
24494
51487
45102
65818
91655
90294
75539
14424
42665
55717
78489
70271
42088
77874
3267
643
30904
72816
60967
96801
94483
24895
82808
36226
77510
95809
1221
33579
28290
6020
96018
44039
78157
85296
80489
85639
26133
40060
86541
11455
41341
23791
72937
44904
3838
64926
38821
76790
22886
57326
20552
75314
74094
42897
83375
26229
4972
20089
16837
29920
49602
35479
43273
15515
523
19218
74978
27996
83944
76243
86938
2090
37705
59368
35678
89484
50906
92832
95437
22844
59613
10021
95857
5222
55956
41649
95902
32892
88818
97048
66531
7846
37616
60833
24511
66911
3156
61816
35823
21068
74825
96105
7050
40819
48715
11776
53060
19198
88942
93553
62767
110
69750
59381
26711
17618
37635
28648
43930
72089
38169
3875
62486
52572
73117
12672
51000
78727
71199
2411
47384
26070
92578
46260
16929
62855
66103
78542
31516
40823
61762
1951
70916
4795
1674
67012
19278
74839
34880
95858
22249
35878
88856
41481
77653
65400
18115
9563
85584
86639
77645
90123
61806
91798
94745
82966
37597
83264
68963
38668
42467
89204
57345
13844
59602
44869
55469
43732
29598
25078
63439
89799
74566
36270
4280
86153
816
63318
28860
81482
27180
99433
16222
96999
88111
49989
58058
96139
35693
85596
89606
50455
90673
12923
88573
78209
39259
31469
28801
14755
27555
5657
44509
22140
24474
35483
61246
10815
84148
80597
57830
80773
16957
79356
40109
88662
61976
4754
47114
17945
77759
77103
76462
96573
70730
13618
81608
39329
59545
74691
44199
43410
38333
50076
71813
55168
66797
96908
48473
95513
61262
27833
25230
95702
375
43277
61582
69368
44974
71337
24015
43195
54824
93183
32484
48438
13085
87441
33604
74565
30886
8733
99260
1678
72171
76105
30550
21720
27449
36212
43957
85262
40605
39633
57555
96890
36972
39005
210
37592
17415
92276
38541
65914
4103
55183
55778
80641
89744
64558
84641
80058
87409
82964
17703
16992
2121
76417
81539
12947
3694
12154
7700
61021
35708
2934
31165
9181
60099
61385
21612
20907
56832
80545
24922
3582
64705
71995
86538
22765
14186
46132
27401
60079
89768
23369
40992
51391
19528
85336
91212
86600
52547
73880
40333
21515
82149
64357
13486
43041
97157
21622
99778
52121
47334
45731
87570
79901
43119
17797
31253
72810
27772
20115
65324
30750
97355
47370
12896
2247
30770
55099
11836
11232
61826
98793
28981
23872
75072
17278
74440
25173
25902
45338
24115
41111
94375
82191
98743
45037
42193
67346
39652
25566
78667
96297
61865
56077
56398
94826
72037
80860
55556
56055
30094
29391
57478
14117
11426
57296
68630
83898
95750
60915
75265
76226
87356
89820
32541
30311
16865
35467
69677
91006
54889
57305
89608
62287
55326
3997
51289
92157
15863
71115
60677
35450
3903
94470
23495
46876
6272
13567
17589
9324
38256
35118
98888
75596
29562
60311
94337
79170
81026
78114
91934
1849
8232
77316
50112
688
28343
96684
88501
31726
53090
39607
10846
89819
29488
7026
7490
74559
97700
35634
5747
54177
55434
45114
31989
81944
888
43930
23706
54461
5412
55143
65693
46086
57088
94525
49185
79993
30695
74181
34894
2378
68181
82457
22894
19772
98527
23552
20710
60707
27162
65503
22983
56036
26604
77827
41358
61888
55592
4811
35639
27528
48260
4643
67965
26650
66481
31643
2713
21271
84629
67130
38830
43946
6819
97076
77068
74672
79623
84305
49405
52249
49470
52050
57556
13249
19275
71225
61661
60726
35310
78592
54470
3818
87148
51032
70115
91298
18516
95354
39074
88156
6987
23196
64179
5026
14978
82562
27191
12571
25107
62754
96892
15092
59047
37513
36142
54051
65601
13194
42559
25489
82493
34099
72592
69613
23462
95507
44714
51488
50310
86324
17774
42293
26156
22345
80157
72904
2287
16729
54779
32744
75168
69826
24961
53924
75282
32803
97174
20190
30443
71008
20270
91352
19715
7177
76989
21468
74141
43727
14692
45011
24751
45762
86833
6036
94947
44632
29735
2872
61089
19571
17116
22874
50144
12561
18392
56522
64485
15346
24619
69999
8848
4716
42134
88732
27089
25161
3316
90082
71834
68258
36042
76258
1720
11173
75207
65324
15146
72674
72819
42151
34291
67985
73519
70380
49744
16652
91094
95207
80874
98021
91771
81876
67830
74394
39324
40683
78767
63051
24460
54528
76706
18474
39991
44083
14630
55195
49158
77276
79252
85452
85636
30646
12406
38985
99010
75775
89403
48289
93856
1715
14911
28216
90883
14291
72701
92908
97858
23801
2744
91170
42632
64205
84887
19741
83299
97379
37932
44306
73540
18322
8007
96457
58901
56471
67628
19843
82153
58426
27964
90369
65536
99611
11966
98396
49308
94094
988
33936
67675
71395
21930
1896
38014
80447
84749
25308
90176
11291
54654
77079
1691
29249
21580
33613
69299
47955
19035
13699
14509
8446
55651
72155
12917
90641
18108
70094
72673
93106
56918
53279
6729
84582
26407
28731
64688
84307
48124
53783
95509
68484
80686
15197
25938
83844
78014
81576
45253
89994
10360
17144
83506
47709
70473
1183
44881
65268
60891
42456
65509
94868
79067
91572
86397
4684
9612
85759
21232
11494
75833
58761
44508
22599
18447
38163
78720
98325
12112
45274
14424
14007
35330
49237
35953
9413
47246
79043
63254
14002
41722
22175
65955
6075
9012
74714
49512
64426
43926
7128
30599
73214
80332
53691
10625
49106
35795
63989
73594
5996
15624
11461
76781
12724
74189
78553
24512
86497
42929
85607
83842
26507
14218
14877
14035
71768
64503
880
98293
67534
86029
21871
91451
37853
78902
7258
22780
69177
37181
51058
25743
81415
90904
83184
69038
39636
18887
14498
68760
56583
18185
48293
62544
81274
77051
7458
6025
53561
35705
80428
80914
1463
47731
29487
13025
51880
65178
3342
38151
24517
94071
7991
2291
9222
17017
56011
33948
65665
70312
42884
48214
27193
74367
66682
18
1240
66926
45221
34121
59953
50741
58673
93450
44350
1615
6293
41832
54095
70393
3298
17436
88547
31324
80927
18229
83308
80152
57811
14405
97943
17622
18917
92196
59424
60229
26820
1936
72068
31098
46719
96733
56679
51259
94289
50762
74034
38503
57384
12404
20238
662
18963
56534
69140
52482
98998
92599
39075
60566
21578
6634
17291
3187
6164
14485
72539
53550
76274
7049
60713
25687
92931
62955
5229
84557
97394
34379
30437
39107
89551
31705
98810
17926
16686
57634
46008
46765
46451
1158
58382
71092
37622
17353
92235
91198
87598
52421
52234
7752
81558
53747
60797
96623
85463
7650
14299
87727
19610
44581
46515
13265
79327
42638
26647
85275
87756
39361
3647
8297
58193
55090
64322
82179
32486
64312
74395
11915
1973
9908
50970
53487
16838
41116
65742
12656
28622
17125
41476
37728
57500
14150
3500
40201
92244
11405
98375
10619
1117
85085
83025
81469
33862
61413
8471
85190
22160
5378
90075
57593
25402
13277
92601
21287
7514
992
83796
39865
88038
61979
21238
24079
10311
13705
74545
79061
76094
62321
89457
84629
87145
60862
84113
19740
45070
21104
82488
64917
75717
34617
87069
80217
56701
23392
1055
36217
74318
34233
47216
4881
92902
16243
17202
68356
9890
40857
23281
81269
25450
89585
65571
94066
32425
32765
16550
66611
24352
24282
41145
2369
11064
56641
60151
93704
23503
23800
27559
48020
42413
21241
74017
21817
9323
96259
44637
86205
39380
66114
6981
73475
64695
66441
2110
31688
92218
48295
28542
87769
39704
1536
25865
85116
97117
60548
45937
92451
73597
5475
30478
1480
26278
59904
49436
86529
35622
32921
36592
60142
89453
99011
77006
70862
87743
32501
9079
7111
74640
3264
64597
52925
17420
92146
25279
44729
79060
37873
10017
173
12946
34137
60737
96963
68666
27257
30602
63539
58559
52485
24174
40483
57040
25533
74140
79186
20901
65624
46517
45397
91498
24221
32856
78426
93856
92203
66125
57512
23777
40621
46149
61399
10285
70899
40839
10285
23562
81365
39718
9150
11103
69098
51742
45283
74582
63049
76984
75499
6329
52238
86246
3832
87558
55766
14027
70419
92445
74931
56723
29201
62641
73478
43801
94841
6036
18153
441
78722
84490
13039
46770
91717
71665
77574
60292
83188
1300
82718
54591
98695
90439
14288
6887
83665
2420
38891
98940
57650
38676
83148
81725
86733
94964
67778
17878
2515
80532
90210
44392
15383
11608
64580
49956
41170
53322
68297
33645
4581
74825
75598
11006
40085
27318
90135
43146
11809
53253
7709
7398
39944
36586
42966
16156
80760
16179
10042
96844
57540
46510
11183
37394
9405
73382
47910
51406
26848
56881
5421
5830
97745
36530
46416
56178
30174
99858
90878
82279
12974
52264
81885
68974
81188
94907
69773
79551
82493
20389
4636
6790
99240
92188
28199
4097
37130
62914
38373
6427
91216
37711
86528
2679
69525
69687
39194
9957
56351
40254
10932
72070
94447
28724
42519
91660
94372
78563
78384
64021
53519
85478
87125
67285
76644
96987
70579
2321
85799
46617
3274
7189
19513
32653
479
60703
99673
95779
67908
57995
90652
66471
21074
44975
53773
84943
7592
67076
33975
23020
6272
89928
97423
95391
12274
59847
52856
27219
23347
25096
55696
39666
61483
7301
27607
65819
69178
64192
77388
62885
71730
61545
31994
83157
76874
99746
22644
86299
89910
62798
70034
91073
33596
99468
1274
30290
76754
56181
40459
23964
33902
68749
67296
70222
3128
63970
22931
88931
96460
93065
8916
44214
36890
24883
99953
82696
93859
29796
84397
89879
90915
71515
44963
90801
52926
35796
87236
1927
48406
76971
4761
94680
59248
19221
83255
90922
46467
10474
38987
36548
40305
15296
34700
13617
55920
18198
34424
52554
94540
2079
24574
70807
79856
95044
32405
96572
18774
65996
51096
83761
38658
80037
82614
6159
94479
64058
93940
93909
82463
40640
16285
57747
66816
90412
75673
40968
55580
73871
56725
3990
32844
50290
53062
50549
11356
8093
18076
44033
28576
27862
2689
46481
70350
18371
3524
9934
49190
62642
1653
74415
67009
25863
78075
72401
50520
769
70968
91921
26177
48135
81320
39672
87361
4643
30929
95051
28102
2821
46786
1683
23002
75473
86431
83521
75224
74721
38473
8001
30440
43277
5293
2867
52930
73941
66019
33260
82127
43885
55985
10970
54229
44123
95734
15583
38387
77077
84440
98431
63806
80785
41418
45458
30520
79148
50842
48002
97944
68657
13961
44828
83439
13121
30585
63042
74674
82554
84725
95076
99219
93060
52509
36027
11455
39822
61283
44351
35300
53074
53576
91115
38086
28618
13238
58487
189
33367
20725
33063
62214
43533
52890
82741
65582
75117
39418
13101
95003
70078
18705
45474
21643
94798
89695
69498
17607
10938
76980
74897
15432
46792
28581
24941
30307
22362
73244
8924
66936
17428
41274
72300
15628
89291
83459
33753
33403
75519
64073
24569
37920
35462
54165
21573
25219
19458
96151
1750
95669
38186
66245
8901
43888
65062
28191
13279
8702
40898
99793
21715
17243
41217
16111
4395
63531
15918
98435
98328
46710
71546
90636
24134
64056
84161
92684
2092
41477
22783
7237
15781
84211
42476
22808
51612
33533
97019
3372
62362
63565
27762
76272
54722
30536
82263
27927
78982
76708
61762
16156
86003
91148
28209
99937
66517
4817
72741
73862
26734
81959
66433
16579
25666
77794
84576
21789
43620
56234
9414
63440
7985
68676
70601
14529
35259
51722
92527
29557
81057
2337
97275
25242
32226
51179
13762
9983
79908
73359
52498
48616
42332
85778
44079
69427
18274
10247
98422
8191
43983
43236
78978
9092
89966
31445
58239
44514
96497
19496
46414
93138
802
34076
70496
48480
55675
27971
89037
27775
5183
38732
2425
6047
67091
21887
60003
46457
6142
84961
63969
25294
5381
24123
11620
48548
21778
84787
25405
23184
84985
38533
72388
30799
14689
91245
67860
55734
618
16575
23275
40917
23889
36073
88899
517
64143
37873
40258
80087
82111
90551
19189
9829
59705
47692
39631
91356
49659
58488
3835
91526
52148
31447
39752
77985
71679
66447
93762
54120
86876
76977
60050
77760
37870
15537
83803
87471
90373
19331
23719
73216
7871
55928
39605
4659
16665
13615
74978
48798
4832
83043
65404
16385
6512
40017
11499
40509
47901
62635
70881
61122
35624
45039
30673
2824
41805
63206
12047
26635
13324
98002
51463
1594
43086
99450
78954
91112
43851
82761
63605
34356
19967
26432
34647
28321
26956
75586
14457
35919
61848
68130
61020
53544
11108
13404
66041
44125
26493
28386
5408
42730
49319
16002
21518
23185
82881
65892
89424
92286
97517
71907
65474
27460
4602
15870
91244
57606
50966
80670
71389
51642
17014
91176
88425
55358
40139
63808
31253
53318
23636
80336
4850
8762
95214
79542
46320
5052
34476
94220
70108
48526
34135
12573
56458
44391
61534
21864
75240
47976
53196
91540
66351
27121
27008
3992
21610
96995
15264
61890
94790
94231
26626
65489
98779
69930
143
36128
48370
46587
65261
99290
62568
77252
8197
44671
37114
85609
39950
83968
6951
83212
64373
42959
53569
67863
76155
80508
37581
4852
37250
44709
47669
38495
68620
7086
13873
68528
43167
92324
1122
82456
90592
99713
18496
80252
2332
62775
90467
69867
10023
65350
12676
99588
9008
21601
45799
8744
93493
92025
70408
30516
698
52268
12541
53643
41579
52149
35186
80244
94546
10631
57442
48930
60417
70902
17969
49584
24433
50263
32315
37443
23543
11312
61937
54712
5816
38564
13114
19341
22849
14907
14102
16197
44944
84340
53555
96494
8676
67028
30202
65578
41482
93388
34643
36970
83875
17977
44656
50970
35426
96691
9782
51376
93431
73851
77765
64612
29473
63244
58619
80765
35932
6126
870
95538
26900
68175
19864
39708
57535
49375
58521
47614
46839
33998
9600
16171
9996
22548
73567
79121
39795
49258
84711
17833
9937
14884
35818
50476
86801
15095
46625
63088
38981
1665
31067
57550
21566
96578
96264
19506
72142
27823
42486
74600
85125
11002
197
71941
50392
27312
30772
92507
58971
18481
15182
46214
76923
8678
22512
38440
90033
10685
14821
44970
9120
23334
20512
94764
98264
75178
19981
94999
1526
83416
29330
2334
11326
54961
65935
71804
94887
45695
20837
91810
5469
6156
61610
19946
44356
46172
48170
78505
91355
57352
99730
95280
71831
54395
34331
82170
92511
97485
97906
96493
1304
71314
51720
33010
35891
44452
87426
67082
82961
15409
45768
24004
56135
69906
36706
75724
5971
34406
97268
23996
140
26182
16758
86121
55613
97527
57483
41289
53168
34689
31242
72240
86865
29463
84531
85907
78008
73804
78492
66362
64355
88018
87888
74157
97275
15254
81065
27203
41052
12269
8938
15298
79617
8211
78056
71085
93665
49121
48593
20774
21503
99105
6193
76245
98044
17549
38614
87039
30064
33978
8849
53335
4738
27988
88843
43204
15303
51323
3652
35418
84718
23055
3775
19041
88177
3457
1825
32047
63653
40779
64573
28035
91978
39974
55116
84431
7042
21065
47758
85744
72160
75267
37548
67938
13012
84766
80100
66620
20845
42267
28623
71383
38682
39644
32016
6195
72576
57340
43868
11143
34714
30730
92918
8163
85314
7556
23051
3948
4684
95268
68512
81532
34794
9721
6056
54280
47115
92113
34029
22287
57632
79406
75172
16857
66809
28798
24747
1611
2321
62389
25419
4903
98817
60254
82
64530
72101
69302
5126
74189
37074
66302
70131
71483
65952
94353
95104
62724
36076
18772
64278
36580
4623
63325
95717
18013
51032
13712
96790
85563
89806
13731
14871
51598
23669
87883
88284
50674
90954
62673
71366
93569
56043
25534
37815
86334
50620
3671
93178
82496
78263
77126
66366
29889
42436
45933
50363
19555
83910
40198
9206
68406
91833
49667
58316
47279
97916
15947
98981
6886
94194
81746
5865
67117
42309
18733
57262
29892
5813
61959
11324
98247
92903
19342
9963
21173
33988
57421
4726
85688
83393
83663
56656
79146
37342
49948
42521
14435
55577
23804
8503
54482
77816
58450
78046
33937
20547
4241
50537
24694
97522
56473
24838
76394
63210
80753
70060
49815
36863
7256
43969
61564
61789
21158
87242
13088
72543
83693
66783
34866
27485
45272
56380
1505
75375
96631
66843
28447
41966
72941
41561
27604
88977
69817
49402
75192
94246
48484
79234
8765
27235
39127
27313
34157
87296
64000
65515
55605
51497
7000
31121
26287
19654
47191
88979
41272
93766
81568
57059
11903
98122
22330
18527
9881
58227
5416
27705
44285
91758
26032
64831
12618
77437
64467
31560
38912
44100
19077
11218
26671
82018
28558
80344
38570
6274
35708
47190
47858
79668
74542
62301
40635
27646
20480
36030
96145
53618
5249
53958
312
55678
52979
21497
72056
31647
93137
48772
58251
50405
76077
20334
34939
44431
89173
56162
92540
69791
36167
93354
23734
7366
43767
86625
4317
51706
10033
29533
47246
70742
42392
33797
70269
69910
62538
94650
35946
84719
48436
38980
51255
29323
49385
1750
82337
40013
83070
81923
20369
16889
11275
78106
81203
37005
32408
84297
66296
56163
4871
63706
30625
28713
47205
64775
45350
13902
9582
56735
48986
75074
73169
23348
7382
43491
19393
79268
698
39172
89
35004
93375
96431
58912
42122
98599
60522
27413
186
75935
98804
40805
96473
89140
14544
65252
61545
89805
55220
86989
50867
44441
59801
78183
26562
12850
66460
94752
17026
38321
87542
63104
73113
28080
24363
45914
87434
58215
57688
36322
39514
5623
57283
19220
30090
49388
15662
94849
159
40283
22691
59707
8287
16024
68693
22382
34630
34205
12195
79601
39831
11774
93536
22144
36204
83724
2782
95304
787
74996
79907
96418
43884
8627
8958
4108
70254
74046
52773
10152
80504
52486
81218
34149
34583
11211
9866
83740
33226
94312
15040
36961
27242
93880
21260
58316
88367
25313
20430
40261
65399
39607
57977
15606
29244
75419
80585
24486
56850
42598
64450
25675
30855
96108
36528
16424
14673
13026
35344
77426
23554
78984
89504
59582
36119
97332
45916
31132
89694
26987
93481
10004
32651
23794
10609
34866
30070
59539
58179
36818
53873
12774
93099
64123
56492
38526
771
70429
93594
5129
93615
53463
2982
85567
43792
5418
97078
67340
39405
47485
18933
36731
79943
83706
23109
36129
51310
25833
32028
55282
47495
41707
95928
74888
36532
4166
99257
60244
34135
12853
60819
84984
90629
62679
64552
4488
25313
66812
22171
59719
16510
47320
61149
1586
9610
67637
21904
58799
29082
1348
87665
37160
11678
45640
79730
46541
43007
45519
80905
48426
77010
76944
25092
90692
46390
35478
66302
21622
61263
43260
24113
36246
56511
29866
46309
59054
98810
9602
21027
89249
37660
25715
47885
19495
75005
65150
86808
81971
8867
50869
54235
171
10682
9471
84682
68175
65388
42756
16720
89960
24397
25642
18856
25123
85532
21981
10511
14567
87498
86891
93237
47396
94671
56984
6351
38980
5247
7730
1441
62492
19030
94913
4163
59639
39061
64525
57234
27111
83072
13750
40202
11038
30658
56887
44339
87110
458
94386
85036
76058
2275
31161
23163
44667
52752
15845
49162
37316
63433
52742
23425
79368
29958
60135
93282
52840
49299
64513
7853
73388
5592
68819
93124
60782
51714
81326
93477
68358
68578
32878
98084
357
45181
85306
97180
98778
25593
63805
9216
6937
85624
48319
34816
21979
75984
52087
71556
18296
27589
47724
85367
79227
79716
77311
70995
26275
43409
14859
18715
62425
874
67387
98111
95646
29854
58745
91046
96835
92271
41883
58606
27299
96580
42945
19855
91641
27849
35546
66842
54740
5208
12064
59266
41376
90517
99133
22228
28409
39724
30075
71062
94958
18000
96690
24687
37037
19508
40450
81513
91644
29910
97551
40715
81380
27696
83849
32416
18744
40603
32827
49639
54479
65168
4462
23793
87542
57564
21052
6210
88117
19299
52360
61102
5042
96015
58225
92485
44152
43815
90795
20636
29613
26062
98614
79666
35574
14426
86208
12352
83871
19942
53089
41564
67740
95512
98305
74799
58187
40644
28339
87
24577
10253
71698
26591
62215
15590
46410
40268
82427
49614
81266
79785
56659
65613
61664
96519
11954
69609
21826
59162
82875
44081
4926
34917
53249
14234
64953
65065
90775
19973
6942
16607
82081
88826
9972
42154
73952
7630
47188
71324
52942
15384
58205
97239
18967
74510
80492
62510
66969
1212
42545
64176
58178
83499
78042
51750
10
12973
56327
79407
50698
23693
74054
12820
32645
81607
99342
57756
28771
95983
38865
72957
9085
24612
4923
13707
43515
65070
88914
81278
58326
61777
737
9730
84203
90674
36305
16945
83588
35380
28803
83572
67430
89345
65284
50468
58408
99185
12190
31913
95864
76262
41911
80625
3639
83954
16258
83821
172
93480
69928
91477
683
46354
6205
49274
67785
56886
35610
62119
25968
86962
10737
17274
39712
29021
98354
9639
10306
17693
58034
78227
41149
22538
48781
28915
10079
11257
77447
96154
12098
49085
87105
68964
65578
2646
23388
74557
54754
30843
34606
81975
91597
5015
9719
58510
28338
55465
52833
68321
89903
107
88272
95097
10920
1404
98688
81655
49840
16456
22722
12451
66064
2678
31620
66297
14166
56667
24689
7635
83884
97471
88311
91083
28229
3648
66732
97999
14018
73633
27317
94425
50847
95326
41984
69125
989
75400
99928
1295
36694
84601
97955
47742
79017
72920
1304
22718
9656
10133
36728
67910
67367
81041
15405
79584
54305
31089
1247
60350
81850
75543
92491
99722
64880
15834
3843
62618
7848
62135
67000
29528
1667
29986
38994
8805
11601
95122
80212
63792
49389
82689
52261
96610
83867
55285
30508
19378
39847
56455
60335
50267
12191
6607
17347
90196
90467
90744
99377
40499
34444
54359
37753
91287
81688
92354
3114
77599
12085
84203
11328
19198
51913
72317
74224
34065
19571
33407
26559
91315
40461
16632
77329
27044
19622
47519
15955
56496
28914
79891
11139
45336
44887
42067
17753
23567
48672
61114
89389
42130
67924
34383
12903
80997
9713
10033
79175
61323
65547
90921
9007
91739
72132
99167
53127
38900
22484
36455
34400
54962
53553
83757
23549
70228
48123
14107
77159
42152
76741
86277
79155
10663
7179
45871
49551
55752
21815
1199
54062
13339
18492
96556
68668
65321
33327
23304
4277
19282
16954
61384
95905
84848
36882
3568
50461
34880
47441
54313
77924
8730
27186
35984
28673
14161
35049
92095
52816
81089
45143
68639
74867
38986
11430
62196
66024
36797
66448
23546
66567
77613
83923
32693
26506
73933
25927
97444
4894
20045
75182
39152
81114
15999
50356
14210
78574
31287
8743
87969
31241
41673
77473
16951
37578
8806
34514
88414
39122
61935
90665
57673
90313
43084
86464
68267
49593
84649
63808
11232
80686
38577
10458
35077
60956
7278
20261
8007
3325
35250
25184
86672
71106
80921
68781
37746
14124
37037
94668
98193
21692
13713
66108
28700
57264
3258
74720
62828
82365
63792
30291
10999
80035
85503
41678
17891
14362
16866
47277
68215
5945
932
33649
30558
45822
33333
37081
16015
9011
27381
90792
65244
22622
47216
87339
61122
42051
27718
30831
71757
21549
50728
90549
19757
7816
22186
38857
98644
87758
39528
15367
28897
92438
75036
39062
58469
97964
14933
82167
25060
21245
80024
86621
47871
70320
32913
97279
42319
6861
89931
25720
39634
99536
6076
72057
6905
33603
41516
97661
50379
67764
67149
74059
41241
84908
87261
21380
29559
59993
74684
11369
5904
50760
8404
50982
39047
90129
11859
31875
75516
44690
46112
30834
46175
22596
95578
21695
59690
1776
68497
4756
26882
25627
81615
1433
37239
13515
74256
59405
91387
27001
94020
79741
85510
88213
4741
83181
71853
49973
81379
50712
31971
79105
92168
95225
80643
51334
90286
5867
40601
96441
23061
92829
67701
70981
72867
45348
24656
71745
91314
47524
23528
954
40690
23281
3034
87069
73100
77568
45869
97723
60694
35469
89581
84174
86763
63982
14609
10565
19148
4071
81949
81248
33454
12888
75870
13930
42132
19830
21336
58162
72423
88427
79173
26774
27563
56337
31723
38856
2191
56899
36945
53805
25684
31308
78349
53630
96737
87105
41284
4803
13635
31792
20319
50946
9881
95509
48423
37334
10850
45253
21144
14753
5219
94321
93178
19895
95053
45157
19214
8361
66025
88158
15245
88299
33252
12453
51923
35828
14549
43377
18205
87511
14502
17301
38888
30120
7019
67297
98174
86112
29879
39681
13713
6530
72486
10397
53490
2815
2511
94119
36211
57212
26991
61293
